   1706   1590     4566426.437        2927.937  1
   1539   1590     5490223.476        2030.118  1
   1718   1587     3043940.993        2634.191  1
   1719   1587      593559.369         794.387  1
   1538   1587     1183273.877        1559.753  1
   1904   1587      778609.443        1438.615  1
   1474   1587     9611564.345        3787.116  1
   1509   1587     6761460.400        2541.085  1
   1587   1587    31962858.128        4155.869  2
   1955   1586     1053985.263        1264.607  1
   1941   1586     1180861.969        1663.714  1
   1586   1586    12178774.434        4001.392  2
   1584   1584     8804268.612        3993.145  1
   1844   1582      766400.403        1740.385  1
   1627   1582     2038163.961        1463.189  1
   1952   1582     1125198.993        1584.365  1
   1471   1582      553217.902        1959.102  1
   2058   1582     2781395.712        1242.143  1
   1781   1582     2863027.348        1948.365  1
   1473   1582      793498.652        2073.846  1
   2054   1582     1750627.513        1328.214  1
   1383   1582     4448920.945        2017.965  1
   1354   1582     3191369.366        1214.172  1
   1323   1582     1435501.975        2278.445  1
   1355   1582     2167146.963        2307.720  1
   1440   1582     4895986.692        1976.862  1
   1582   1582    57158119.826       11591.045  2
   1580   1580     4352772.765        1824.282  1
   2118   1578      413078.104        1133.814  1
   1410   1578      567850.947        1392.734  1
   1381   1578     3128109.107        1437.103  1
   2273   1578     2181538.164        2287.280  1
   2554   1578     1224879.257        1782.309  1
   2341   1578     3866679.911        2847.965  1
   1288   1578     1717679.320        1503.026  1
   1829   1578     1423355.233        1251.466  1
   1321   1578     3318164.469        2226.468  1
   1320   1578      881988.532        1945.171  1
   1409   1578     1590143.986        1518.818  1
   1380   1578     1669933.187        1925.737  1
   1625   1578      641315.564        1706.464  1
   1504   1578     2618231.554        2252.100  1
   1578   1578    69141157.300       15992.098  2
   1854   1577     1951445.334        1471.418  1
   2090   1577     2767918.939        2586.294  1
   1408   1577     3256414.751        2832.816  1
   1469   1577     1500200.958        1856.966  1
   1577   1577    24764701.533        7916.813  2
   1787   1576     4384922.823        3027.105  1
   1785   1576      405045.967        1383.689  1
   1626   1576      763818.824        1330.291  1
   2005   1576     4820123.117        1421.795  1
   1780   1576     1475324.301        1328.885  1
   2490   1576     3710058.930        2458.596  1
   1319   1576      836973.951        1578.624  1
   1287   1576     3887318.999        2396.467  1
   1318   1576     2062541.254         948.968  1
   1351   1576      853095.374        1837.660  1
   1576   1576    59375927.149       14311.177  2
   1501   1573     2454395.412        2347.204  1
   1500   1573      757022.832        2179.043  1
   1529   1573     3314546.438        2158.047  1
   1573   1573    14227357.104        1770.283  2
   1716   1571     2987172.155        2553.802  1
   1465   1571     8166518.926        4763.135  1
   1464   1571      495197.947        2048.827  1
   1843   1571    10940563.928        1310.369  2
   1498   1571     1977117.875        1827.563  1
   2256   1571     5160845.346        3359.882  1
   1350   1571     1339604.728        1469.592  1
   2248   1571     8582591.037        1434.701  2
   2186   1571     1025033.716        1559.049  1
   2190   1571      716307.196        1822.903  1
   1791   1571     1298779.752        1633.383  1
   1285   1571     1990547.958        1213.316  1
   1196   1571     1509452.693        2243.360  1
   1195   1571     1780493.860        1327.212  1
   2343   1571     1278992.666        2021.593  1
   1257   1571     3774223.134        1934.926  1
   2354   1571    19908653.065        3969.040  2
   1770   1571      612251.631        1785.766  1
   1769   1571     1201555.085        1662.298  1
   2478   1571     1431584.202        1328.331  1
   2476   1571      446638.418        1268.399  1
   1163   1571     4022714.495        3158.579  1
   1225   1571    13932498.430        4324.927  2
   1348   1571     1114547.008        1493.868  1
   1436   1571     1982292.720        1136.954  1
   1406   1571     2129239.136         704.782  1
   1377   1571     2546611.953        1402.215  1
   1405   1571     8913335.243        2998.647  2
   1921   1571    88431320.612       12702.964  3
   1920   1571     6622955.443        2774.452  1
   2179   1571      848214.284        1011.631  1
   1314   1571     1446084.785        1843.856  1
   2178   1571     4308432.480        1922.506  2
   1316   1571     1414115.464        1681.001  1
   1255   1571     2131122.629         508.710  1
   1790   1571      564151.979        1313.866  1
   1193   1571     5381504.086        1829.337  1
   2234   1571    15157441.334        3654.562  2
   2400   1571     1838796.440        1477.018  1
   2373   1571     1341186.037        2310.742  1
   1192   1571     6705876.378        1730.255  2
   2536   1571     3329574.987        3828.981  1
   2535   1571     3183176.493        2452.671  1
   2565   1571     6259958.574        3452.643  1
   1009   1571     1565402.734        1365.363  1
    980   1571     3352081.548        1599.156  1
   1069   1571     5869410.445        4538.024  1
   1039   1571     2335133.820        2280.708  1
   1102   1571     6494105.676        3650.876  1
   2457   1571    49459221.879        9538.749  2
   2372   1571      589519.143        1561.917  1
   1160   1571     9065412.536        5606.208  1
   1104   1571     8316104.925        4868.506  1
   1042   1571     6692657.364        4343.517  1
   1614   1571     5562831.768        3906.454  1
    982   1571     4845528.685        2039.974  1
   1071   1571     1474000.924        1785.027  1
   2437   1571      457967.166        1295.253  1
   1764   1571     3332606.396        2624.958  1
   1162   1571     2416320.744        3296.383  1
   1103   1571     1304523.498        2049.701  1
   1133   1571    56294057.709        9336.153  2
   1132   1571     4589805.487        3246.339  1
   1223   1571      548945.170        1528.447  1
   2283   1571     1109488.402        1325.730  1
   2419   1571     3670106.476        1895.061  1
   2417   1571     3180215.966        2616.538  1
   1254   1571     8393550.408        1388.907  2
   1346   1571      560557.286        1651.248  1
   1315   1571     4870272.607        4164.054  1
   1347   1571     2004497.463        1184.351  1
   2134   1571     1560581.671        1379.525  1
   2103   1571      416968.421        2278.985  1
   1375   1571     6720424.461        3433.787  2
   1918   1571   210559557.493       17047.430  3
   1571   1571   333892478.207        4911.976  4
   1878   1568     8396562.411        4003.116  1
   1463   1568     4902112.593        2957.242  1
   1496   1568      693146.348        1793.904  1
   1568   1568    25220729.787        2959.682  2
   1567   1567     3623670.764        1957.590  1
   1898   1566     2783575.604        2533.807  1
   1816   1566      783506.430        1524.296  1
   1815   1566     1214797.753        1381.984  1
   1461   1566     2429776.072        1466.181  1
   1779   1566     1794136.617        1970.255  1
   2181   1566     3776736.020        2426.185  1
   1345   1566     1389307.572        1727.715  1
   1313   1566     6374502.126        2944.905  1
   1374   1566     2523948.545        1567.244  1
   1432   1566      854453.618        2236.530  1
   1372   1566     2471729.104        2309.947  1
   1401   1566    32251792.695        5928.352  2
   1429   1566     2530084.812        1796.131  1
   1399   1566     3204327.494        1692.656  1
   1370   1566     5132089.172        2292.598  1
   2028   1566    15869785.638        1781.157  2
   2129   1566    10903287.082        5364.648  1
   1344   1566      397553.699        2091.765  1
   2389   1566     4224008.399        3885.578  1
   1190   1566     8124088.010        4834.286  1
   1220   1566     1735766.144        1461.922  1
   1252   1566     6532476.542        4193.075  1
   1312   1566    39201862.333        7274.103  2
   2191   1566      408679.475        1207.813  1
   1622   1566      846015.875        1222.865  1
   2506   1566     4473595.931        2836.906  1
   2352   1566     3958142.556        4332.042  1
   1219   1566      971437.961        1493.217  1
   2473   1566     3511329.377        3479.223  1
   1130   1566     1254557.434        1042.111  1
   1617   1566      959825.730        1606.777  1
   1100   1566     1878702.356        2017.439  1
   1068   1566     7606950.910        4326.675  1
   1157   1566     3116759.582        3537.929  1
   1098   1566    10452359.799        5906.111  1
   2459   1566    35508183.004        4761.042  2
   1155   1566      829383.274        1534.142  1
   2463   1566     1787628.654        1514.938  1
   2526   1566     6049989.547        2744.254  1
   1036   1566     1342638.654        1492.029  1
   1066   1566     1315290.563        1870.524  1
   2471   1566     1622555.057        1631.656  1
   1129   1566    21474486.263        5853.323  2
   1251   1566      746984.909        2098.459  1
   2360   1566     1064273.385        1845.907  1
   1188   1566     5504924.982        4328.228  1
   1218   1566     9878301.644        1765.967  2
   2053   1566      885992.296        1417.179  1
   1343   1566     1632503.620        1499.765  1
   2072   1566     8106506.702        5411.694  1
   1430   1566     3967231.534        2078.831  1
   1566   1566   260607963.701       22267.698  3
   1714   1562     8998104.426        5714.039  1
   1713   1562    11902343.919        5406.824  1
   1702   1562     3290203.889        2879.350  1
   1712   1558     3463891.661        2633.482  1
   1488   1558     3951906.291        1737.261  1
   1877   1558     3800762.750        3083.278  1
   1458   1558    10420779.730        4248.989  1
   1968   1558     4816351.040        2676.629  1
   2038   1558     5248344.186        2587.488  1
   1338   1558      456880.700        1250.447  1
   2024   1558     8724745.464        2322.574  2
   2023   1558      638449.686        1329.449  1
   2516   1558     3794354.633        2554.340  1
   2089   1558     5846179.863        3754.121  1
   2013   1558    14129351.437        2815.528  2
   1340   1558     1537651.600        1299.311  1
   1246   1558     4254479.260        3054.531  1
   2249   1558      503824.156        1180.548  1
   1217   1558     1394306.376        1647.568  1
   1187   1558      684104.971        2160.528  1
   1216   1558     8827529.901        4094.532  2
   1810   1558     1557152.562        1455.857  1
   1768   1558      819012.949        1139.477  1
   1186   1558      461835.568         877.973  1
   2261   1558     6566498.745        3017.015  2
   2255   1558     1697490.058        1682.484  1
   2270   1558     1812041.509        1195.409  1
   2337   1558     1289107.446        1540.258  1
   1153   1558      765116.295        1442.497  1
   2477   1558     1882803.524        1368.561  1
   2545   1558      971031.192        1239.040  1
   1127   1558     2004604.935        1436.843  1
   2396   1558     4818047.218        1612.515  2
   2492   1558     3495978.585        2706.865  1
   2416   1558     1660983.018        1439.849  1
   2515   1558      965182.732        1150.384  1
   2564   1558     2859368.136        2408.376  1
   2495   1558     4214368.493        2656.250  1
   1035   1558     9733558.788        3710.043  1
   1064   1558      718854.910        1726.990  1
   1034   1558     3631825.651        3638.903  1
   1095   1558    37057214.560        5579.535  2
   1094   1558     1908630.777        1675.463  1
   1184   1558     3814881.922        2054.344  1
   1151   1558     4843993.588        3040.038  1
   1124   1558     1691605.211        2029.239  1
   2367   1558    10440450.995        4641.106  1
   1092   1558     1341709.955        1792.495  1
   1062   1558     2059799.209        1394.160  1
   1125   1558    24343803.257        3420.481  2
   1185   1558      667270.907        1270.727  1
   2121   1558     2379514.846        2358.902  1
   1309   1558     2457544.633        2032.273  1
   1279   1558     2746262.110        1339.333  1
   1248   1558     5378729.102        3175.598  1
   2102   1558    16731927.007        2425.290  2
   1277   1558     1598467.232        2172.177  1
   1397   1558     2331880.268        2356.726  1
   2020   1558      927388.958        1289.445  1
   1814   1558     1089482.278        1375.850  1
   1813   1558     1451233.725        1578.564  1
   1214   1558     3666417.499        2382.817  1
   1212   1558     1033138.999        1229.296  1
   1183   1558     2299674.070        1709.138  1
   1182   1558     1353729.974        1845.866  1
   1244   1558      433114.839        1799.655  1
   1275   1558     5241512.289        3439.822  1
   1305   1558     4538717.167        1975.639  1
   1337   1558     5389936.533        1925.171  1
   1396   1558    56821120.139       13343.738  2
   1975   1558     1054729.770        1459.637  1
   1428   1558     1599976.132        1952.686  1
   1701   1558    17304563.178        9173.609  2
   1558   1558   311986692.597       26214.203  3
   1710   1555     8871509.440        4313.788  1
   1520   1555     1758047.702        2153.583  1
   1554   1554     3118796.299        2064.734  1
   2157   1552     1146217.091        1291.647  1
   2205   1552     2302293.299        1572.289  1
   2164   1552     6263275.056        2872.151  1
   2310   1552     1140717.360        1215.338  1
   1620   1552     1851013.926        1295.998  1
   1211   1552     1620658.689         752.804  1
   1274   1552     4543539.401        1351.864  1
   1304   1552      889293.639        1589.576  1
   1303   1552      687717.006        2217.079  1
   1393   1552      523055.114        2278.101  1
   1336   1552     2267163.750        2385.339  1
   1335   1552     3615151.495        4106.561  1
   2225   1552     1237181.903        1346.734  1
   1365   1552     2953744.762        1300.570  1
   1454   1552     3031096.598        1577.962  1
   1422   1552     2734841.032        1824.130  1
   1903   1552    66083775.499       14231.475  2
   1897   1552     1154434.844        1611.109  1
   1424   1552      952087.850        1988.027  1
   1992   1552     2995860.336        3176.178  1
   1395   1552     3452477.138        1770.394  1
   1455   1552    15885689.024        3097.179  2
   1552   1552    95719323.537        4207.506  3
   1833   1550     4965478.872        2646.157  1
   1516   1550     1349998.783        1339.396  1
   1517   1550     3594590.891        3557.289  1
   1550   1550    13834458.912        1296.110  2
   1848   1548     7805316.303        2615.601  1
   1483   1548     1073713.610        1585.722  1
   1363   1548      693426.278        1072.327  1
   1334   1548     1263822.574        1438.495  1
   1333   1548     4125777.885        1847.546  1
   1391   1548      743321.360        1352.493  1
   1420   1548     3436918.833        1245.943  1
   1453   1548      857901.556        1134.498  1
   1421   1548     9656666.674        3946.503  1
   1548   1548    52005175.040       10323.316  2
   1942   1546     2723067.423        2564.144  1
   1514   1546     1867892.317        1155.920  1
   1515   1546     3293325.549        1913.295  1
   1546   1546    11502357.361        1286.961  2
   1544   1544    13585819.050        5400.913  1
   1511   1511     3990109.253        2060.310  1
   1707   1478     4782406.155        3444.147  1
   1697   1478     4512047.396        3433.353  1
   1696   1478     4705687.088        2696.369  1
   1847   1417     5888106.908        3129.916  1
   1449   1417     1884323.160        1954.786  1
   1389   1417      655519.585        1967.605  1
   1692   1417     1621887.115        1569.154  1
   1417   1417    18046520.692        3325.696  2
   1786   1416      565940.634        1669.236  1
   1444   1416     1593074.972        1273.115  1
   1695   1416     5547175.550        2679.762  2
   1913   1416     8404858.676        4787.272  1
   1902   1416     3642501.275        2425.070  1
   1827   1416    13970352.498        1119.267  2
   1987   1416     8971439.104        4907.499  1
   1356   1416     3989618.041        1224.104  1
   1385   1416    21213983.712        3170.739  2
   1416   1416    49269925.669        3137.237  3
   1691   1358     3796859.008         711.306  1
   1958   1358     2473053.847        1809.376  1
   1995   1358     5780787.227        2576.050  1
   1624   1358     5213816.247        4254.556  1
   1359   1358     1475673.023         520.070  1
   1879   1358    26163494.186        5311.764  2
   1331   1358      882862.069        1563.545  1
   1300   1358     6814939.733        4647.504  1
   1876   1358    12278537.669        1639.595  2
   1299   1358     1329348.359        1459.255  1
   1358   1358    50739931.896        3539.995  3
   1386   1357     2520108.208        2057.843  1
   1327   1357     6420055.334        3117.198  1
   1326   1296     3202553.204        1995.897  1
   1294   1296     2178025.080        1707.214  1
   1296   1296    15215845.744        3067.923  2
   1301   1268      527778.458        2273.038  1
   1272   1268     6166332.557        1309.461  1
   2101   1268     9360494.573        1263.861  2
   1242   1268     2139764.335         927.568  1
   1210   1268     2744063.564        1661.764  1
   2100   1268    12403944.419        3185.477  2
   1209   1268     2539165.137        2136.420  1
   1208   1268     2087506.768        1788.640  1
   1271   1268     1480638.542        2023.442  1
   1270   1268     1364922.995        1344.701  1
   1895   1268     2910170.585        1586.221  1
   1689   1268     3174150.717        2515.856  1
   1773   1268     2847894.659        1714.846  1
   1238   1268      996424.366        1469.514  1
   1687   1268     9788209.935        3209.982  2
   1268   1268    77712320.652       12020.464  3
   1235   1235     2904117.597        1813.861  1
   1206   1206     5353274.046        2232.185  1
   1887   1205      609521.903        2182.827  1
   1231   1205     1018662.410        1749.290  1
   1230   1205      793548.670        2045.151  1
   1199   1205     2116521.124        2100.380  1
   2282   1205     1278635.262        1640.453  1
   1228   1205     1767233.481        1897.779  1
   2323   1205     7623177.207        2510.542  2
   2315   1205     1512164.561        1468.868  1
   1765   1205     2989132.999        3369.136  1
   1812   1205     2183951.665        2187.163  1
   1227   1205     3028934.047        2123.120  1
   1619   1205    12655054.355        2627.736  2
   2362   1205      394780.388        1183.520  1
   2397   1205     1262496.813        1799.720  1
   2430   1205      982960.581        1304.989  1
   1164   1205     2011982.292        1395.609  1
   1165   1205     6623379.058        1725.223  2
   1135   1205     1753421.720        1937.336  1
   1105   1205     2791655.897        1452.640  1
   1107   1205     1034909.622        2186.823  1
   1106   1205     1646292.503        1825.299  1
   1136   1205    15038694.284        3033.920  2
   1137   1205     1753659.396        1720.705  1
   1766   1205     1283232.668        1962.849  1
   1108   1205      824046.050        1997.872  1
   1138   1205     5815090.711        2216.990  2
   1139   1205     5489365.755        4319.692  1
   1811   1205     5647941.719        3957.219  1
   1169   1205     2166248.085        2345.513  1
   1980   1205     5253870.562        2883.438  1
   1232   1205      509853.985        1202.930  1
   1171   1205     2765098.847        1671.940  1
   1888   1205   124530724.830       17727.832  3
   1771   1205      934707.367        1598.775  1
   1776   1205     2077263.917        1939.468  1
   2061   1205     2560998.534        1778.151  1
   2060   1205      653139.667        1515.992  1
   1292   1205     1966507.305        2052.380  1
   1293   1205    13489202.575        3529.204  2
   2116   1205     1014128.587        1237.607  1
   1324   1205     1442620.237        2112.256  1
   1291   1205     4340615.573        3070.317  1
   2113   1205     8555452.023        1201.932  2
   2224   1205      629388.107        1329.690  1
   1290   1205     3102585.018        1820.859  1
   1260   1205     2238651.994        3147.142  1
   2112   1205    12760135.257        3134.658  2
   1881   1205    57771420.190        8542.616  3
   1203   1205     2604303.225         988.008  1
   1204   1205      832809.411        1659.561  1
   1205   1205   194777661.994        4122.711  4
   1725   1173      620786.184        1131.189  1
   1686   1173     5836769.114        3056.871  1
   1685   1173     4662825.259        2700.664  1
   1113   1114     1138532.341        1253.196  1
   2065   1114     1846482.546        1728.496  1
   1110   1114     2057684.639        1549.856  1
   1140   1114      742128.048        1577.786  1
   1079   1114    17374716.352       10781.312  1
   1141   1114     7969286.331        3062.649  1
   1080   1114      894208.095        1774.502  1
   1683   1114     1869424.532        1362.248  1
   1114   1114    59941279.210       11552.132  2
   1763   1084     4385705.543        1567.855  1
   2070   1084     3011718.273        1378.825  1
   2099   1084     1522071.140        1767.929  1
   2203   1084     1275973.616        1172.114  1
   2202   1084      824792.682        1489.581  1
   1180   1084     4199146.548        2234.391  2
   1179   1084      844834.673        2027.578  1
   2253   1084     9639955.166        3115.341  1
   2252   1084     1145822.850        1420.654  1
   1181   1084     2088335.365        2077.581  1
   1148   1084    19537300.643        3055.129  2
   1120   1084     2605381.770        2348.531  1
   1119   1084     1765733.420        2270.872  1
   1118   1084     2240224.317        1450.534  1
   1178   1084     3375348.572        2084.791  1
   1177   1084     1559153.936        1666.240  1
   1117   1084     1629412.826        1298.080  1
   1842   1084      534548.400        1796.974  1
   1176   1084     1546907.892        2146.907  1
   1682   1084     2520810.085        3227.563  1
   1084   1084    85031990.947       12663.359  3
   1053   1053     6125431.851        3323.977  1
   1052   1052     3568776.734        1583.794  1
   1909   1022     1294571.883        1406.102  1
   1907   1022     1173065.781        1828.160  1
   1050   1022     1799730.148        2246.631  1
   1049   1022      595340.999        1759.344  1
   2150   1022     2097285.798        1276.195  1
   1048   1022     3311305.936        3614.825  1
   1047   1022     3946997.623        1916.287  1
   1046   1022     2084388.299        1253.347  1
   2429   1022     6363032.081        5215.213  1
   2388   1022      821330.419        1879.625  1
   2359   1022     3201032.974        1165.815  1
   1075   1022     1818617.763        1836.528  1
   2428   1022     2462311.042        2613.782  1
   2483   1022     2943369.884        2566.629  1
   2525   1022     4333382.979        3053.742  1
   1760   1022     1380973.192        1868.486  1
   1016   1022      698994.708        1397.973  1
   2308   1022    42464771.836        9474.903  2
   2290   1022      824414.252        1257.523  1
   2280   1022     1027792.489        1871.358  1
    987   1022     1590508.208        1423.036  1
   2358   1022     1178998.083        1746.873  1
   2442   1022     5735329.403        2838.810  1
    954   1022     3042037.070        2285.587  1
   2284   1022      890439.026        2245.422  1
    956   1022     2008537.293        1601.145  1
    986   1022    26459143.582        5488.913  2
   1808   1022     1886563.265        1425.811  1
    988   1022     2917679.468        1539.074  1
    989   1022     2789960.327        2389.980  1
    990   1022     3491176.595        1195.587  1
   1051   1022      559507.365        1964.803  1
   1022   1022   141611649.111       15932.187  3
   1930    993     2338300.749        2483.458  1
   2238    993     2933824.257        1414.690  1
    909    993     3648452.971        2993.081  1
   2149    993     8305067.481        1480.366  2
   2111    993     1101725.133         879.356  1
    968    993     1294017.468        1777.888  1
   2321    993      862952.397        1232.982  1
   2239    993     1316664.748        1705.651  1
   2381    993      893828.922        1100.037  1
   2380    993     5382228.773        2703.316  1
   1758    993     1136311.887        1124.407  1
    910    993     2125951.175        2224.925  1
    940    993    20747091.069        4890.675  2
    939    993     5138221.541        3021.834  1
   2037    993    45634479.954        4161.543  3
   2192    993     1377958.881        1218.709  1
   2223    993     1844162.745        1219.289  1
   2219    993      582942.342         289.702  1
   2163    993     2540661.132         828.379  1
   1059    993     2342047.460        1769.874  1
   2329    993      993161.851        2338.234  1
    970    993     3642765.803        1505.285  1
    969    993     1039535.379        1599.067  1
   2222    993    15382116.055        4039.536  2
   2260    993     1082760.789        1447.783  1
   1615    993     2814080.441        3655.150  1
   2338    993     5868371.466        2006.270  1
   2309    993     3253602.573        1624.862  1
   1123    993     1413588.633        1304.053  1
   1122    993      761237.089        2018.620  1
   1090    993     3475356.874        1819.161  1
   1060    993    27379302.925        4180.898  2
   2272    993      789357.236        1597.659  1
   2267    993     1236452.918         643.915  1
   1061    993     2571169.309        1716.055  1
   2431    993     2706602.816        2432.908  1
   2403    993     1126520.515        1529.005  1
   2484    993     8210126.407        3269.715  1
    972    993     1442088.421        1173.544  1
    971    993     2484600.627        2211.662  1
   2342    993     3554175.318        1635.263  1
   1001    993     1441137.735        1549.375  1
   1030    993    45212303.978       10606.711  2
    999    993     1644410.693        1539.387  1
   2200    993      857853.225        1425.485  1
   1089    993     8109984.957        3769.189  1
   1088    993      527331.090        2281.207  1
   1057    993      767920.009        1096.208  1
   1058    993    13252305.831        2161.082  2
    998    993   125804540.569        7357.087  3
   1027    993     1280168.479        1762.966  1
   2097    993     1172406.568        1289.581  1
    907    993      879168.036        2200.720  1
    938    993     4027214.451        1580.675  1
    966    993    12628380.626        3379.152  2
    996    993     4343085.420        1481.996  1
   1932    993     1889754.455         662.931  1
   1762    993     4037269.258        1659.512  1
   2033    993     5244767.408        2871.798  1
   1087    993     2880628.061        1615.753  1
   1943    993    20589047.687        3478.383  2
   1938    993     2161018.725         715.411  1
   1055    993     7113715.287        3207.009  1
    994    993     6721480.844        3584.273  1
    964    993     3768879.544        2183.204  1
    993    993   257672432.590       11972.547  4
    992    992     5437154.818        3314.159  1
   1008    978     1709575.601        1881.994  1
    979    978    10687902.490        3715.844  1
    977    978     1288138.099        1450.661  1
    948    978     2077623.715        1607.200  1
    976    976     8843012.269        1606.725  1
   1979    935      669306.654        1409.677  1
    937    935     3164786.432        1559.430  1
    936    935     6531557.367        4400.936  1
    935    935    24958901.371        6435.995  2
   1677    934     3920936.150        2614.865  1
   1676    934     8579681.247        5511.289  1
    921    921     6695848.751        1464.370  1
    950    919     1432672.723        1836.192  1
    920    919     7501277.195        3857.747  1
    887    919     6422062.924        3235.512  1
    917    917    11011385.931        3189.529  1
   1673    902     2339213.864         531.920  1
    959    902     4569508.879        2138.424  1
    931    902      920407.077        1753.755  1
   1885    902    12159063.741        2603.845  2
   2059    902     2741498.666        1412.956  1
   1613    902      682075.129        1332.201  1
   2175    902     4065544.037        2525.913  1
    928    902     5210936.916        2886.054  1
    958    902      798053.163        2229.804  1
    930    902    22778737.347        4686.771  2
    955    902     1537636.047        2371.726  1
    925    902     2177953.385        2070.527  1
    866    902     1003504.517        1176.984  1
    897    902    26557229.404       10014.803  2
    867    902      699738.279        1509.375  1
    899    902    62774956.847        4975.919  3
   1953    902     6746713.038        2513.013  1
   2011    902     4929167.470        2308.852  1
    804    902     6434611.247        3185.931  1
   2015    902    12332978.294        1162.751  2
    865    902      756895.420        1541.169  1
   2198    902     1976721.869        2897.077  1
   2286    902     4330259.933        2809.155  1
   1752    902     2086470.079        1510.232  1
   1749    902      495090.391        1399.638  1
    771    902     2000559.790        2189.975  1
   2197    902    20051179.154        5342.500  2
   2264    902      758435.672        2013.357  1
   2450    902     2967152.660        2900.094  1
   2314    902      731301.647        1168.606  1
    892    902     1638441.617        1644.976  1
   2451    902     1243931.011        1968.051  1
   2534    902     8127341.153        2882.748  1
    953    902     1504147.394        1373.043  1
   2502    902     1375256.067        2159.314  1
    923    902     2621390.227        1398.277  1
    924    902     1746952.877        1408.415  1
    891    902    26880346.398        5504.297  2
   2449    902     9511150.309        5844.392  1
   2518    902     6966154.299        2601.242  1
    860    902     6566840.456        4147.031  1
   2514    902    15792006.826        1214.027  2
    796    902     2277505.450        1552.914  1
    766    902     2474651.093        1641.373  1
   1612    902    13428234.020        4947.404  2
   2523    902     2967472.819        1902.857  1
   2522    902     4342665.972        3089.180  1
   2414    902     2734282.337        2441.614  1
    830    902    14818083.021        4357.010  2
    800    902     4126974.468        3705.561  1
    894    902      654357.364        1918.790  1
    831    902     2887313.045        1351.127  1
    802    902     3325637.026        2569.491  1
    803    902     6719169.277        4084.525  1
   2027    902     1214710.931        1525.172  1
    837    902     1691609.624        1836.686  1
    868    902   200932853.604       23339.320  3
    869    902     2433557.080        1029.281  1
    902    902   290268932.968        4960.465  4
    873    871     3155353.168        2177.044  1
   2087    871      684885.238        1513.640  1
    875    871     7002838.401        3075.623  1
    844    871     1510471.026        1342.215  1
   1986    871    13706408.753        3082.479  2
   2032    871     2586201.024        1648.949  1
    906    871      955600.115        1669.911  1
    874    871     6670751.100        1440.949  2
    812    871     4032278.011        2008.948  1
    842    871     2532761.799        1175.110  1
    871    871    49649145.337        7777.967  3
    858    858     4875842.843        1247.910  1
    854    854     9759979.245        2873.378  1
    826    827     2993953.594        1732.229  1
    795    827     1618457.691        2381.536  1
    809    809     3807556.706        2132.278  1
    808    808     7164378.228        3880.606  1
    824    793     6091876.847        4017.248  1
    794    793     7707848.223        5488.188  1
    792    793     4143670.442        3219.940  1
    763    793     2779352.867        2069.614  1
   1671    777     3149358.958        3563.554  1
   1670    777     8176734.732        5608.983  1
    807    776     7784102.886        4924.224  1
   1927    776      719257.704        2316.093  1
    775    776     3564020.848        3695.032  1
    776    776    20554409.405        2088.517  2
    765    765     9057048.374        1423.332  1
    764    764    11086257.863        2754.643  1
   1884    750     1028677.362        1833.422  1
   1976    750     1910164.254        2312.111  1
   1974    750     5678515.415        2847.021  1
   1977    750    11408347.470        4363.852  1
   2050    750      922440.643        1104.316  1
   2001    750     1617823.758        2374.763  1
   2109    750     1617786.818        2198.319  1
   2133    750     2995467.608        1985.892  1
   2199    750      574248.569         581.877  1
    848    750     2603957.414        1985.293  1
   2289    750      691191.570        1352.021  1
   1755    750     1102897.974        2102.015  1
    876    750     3048966.835        1996.492  1
    847    750     8607457.527        1101.789  2
   2316    750      433542.638        1278.410  1
   2278    750     1774723.927         862.727  1
   2395    750     2883711.569        3476.111  1
    787    750     3466123.443        3175.409  1
    669    750     6058845.620        4179.158  1
    668    750     1950813.710        1718.905  1
    729    750      590475.177        1583.283  1
    698    750     2076873.009        2003.670  1
   2521    750    17764786.197        3553.626  2
   2500    750     1251854.089        1443.715  1
   2532    750     2647963.065        2623.953  1
   2531    750     4217836.871        2976.987  1
    731    750     3466490.401        1643.899  1
   2501    750    13253914.317        2304.101  2
   2542    750      694825.793        1154.934  1
   2524    750     1970372.604        1358.695  1
    760    750     4923291.137        1491.537  2
    730    750     3404937.260        3652.329  1
   2364    750    62001081.291        6271.340  3
   1756    750      746480.037        1856.502  1
   2399    750     3715343.917        2460.251  1
   2544    750     8113415.245        5550.378  1
    914    750     2187273.326        1375.692  1
    883    750     9134259.527        5954.869  1
   2435    750    25186287.482        2528.709  2
   2513    750     1872944.305        1589.909  1
   2563    750     5543633.454        3545.012  1
   2562    750     5557579.837        2973.680  1
    853    750     1280589.672        1835.554  1
   2434    750    23360920.684        5734.484  2
   2517    750     1668057.195        1251.767  1
   2552    750     3803043.451        2302.562  1
   2549    750     6756829.200        2738.169  1
   2543    750     2698310.669        2732.980  1
    789    750     1555463.337        1272.425  1
   2433    750    24432180.291        5080.646  2
    881    750     7013889.369        5610.096  1
    820    750      967420.658        1951.828  1
   2365    750     1991155.831        1799.432  1
    850    750      913068.364        1771.800  1
    819    750    97624237.990        4564.144  3
    785    750     1047832.472        1870.235  1
   2475    750     4914868.947        3531.441  1
   2422    750      617251.315        2210.576  1
   2482    750     5626133.096        3945.768  1
    913    750     2341644.750        1984.846  1
    942    750     1509552.871        2375.134  1
    911    750      520048.489        1934.750  1
    879    750     1549030.177        1475.607  1
    878    750     1902823.383        2150.983  1
    849    750    38846599.686        7644.962  2
    784    750     5727449.388        5656.383  1
    783    750      635623.100        1332.284  1
   2206    750     1900685.140        1683.236  1
   2176    750      822423.470         825.660  1
    846    750     3355733.459        1271.831  1
    845    750     1002568.953        2277.691  1
    814    750     7177901.171        1882.937  2
   2345    750      999422.776        1984.532  1
   1801    750     1675653.388        2230.463  1
   1746    750     1062167.043        1994.476  1
   1609    750     1264725.413        2025.360  1
   2407    750     4001451.298        1625.942  1
    697    750     1256684.891        1851.449  1
    727    750     3413036.198        3566.093  1
   2232    750     1381198.339        2036.497  1
    755    750    38485820.556       10359.750  2
    725    750     7180899.474        4782.284  1
   2041    750      718682.111        1999.585  1
   1747    750     1525611.146        1537.959  1
    781    750      950659.118        2226.530  1
    724    750     1632224.222        1389.764  1
    779    750     4035879.184        1690.199  1
    722    750     3284389.907        2057.614  1
    721    750     1861670.732        1340.554  1
    750    750   377059641.701       25732.056  4
    733    733    12672734.845        1998.155  1
   1610    705     2461085.627        1233.195  1
    735    705     5302440.856        3934.838  1
    734    705     2327698.240        1609.803  1
    703    705     2023052.317        1070.676  1
    675    705     5939502.773        3145.221  1
    705    705    24970324.058        1724.406  2
    732    701      842475.966        1376.602  1
    671    701     1638903.629        1663.802  1
   1668    689      391258.120        1354.995  1
   1667    689     8681664.966        4751.338  1
    660    689     2877050.704        2313.369  1
    718    688     1076131.163        2006.977  1
   1745    688      982461.540        1857.076  1
    744    688     2428863.368        1925.303  1
   1744    688      419482.809        1953.608  1
   2211    688     3447786.190        2767.662  1
   2288    688     1047774.204        2328.434  1
   2251    688      754306.999        1981.847  1
    742    688     5211089.045        2140.335  1
   1803    688     1177902.892        2218.305  1
    743    688     2356041.327        2314.783  1
    684    688     1089115.400        1519.009  1
    745    688     1810578.244        1434.756  1
    747    688      962871.609        2260.686  1
    746    688     3887056.543        2292.434  1
    685    688     1482456.261        2036.387  1
   1846    688    61225807.697       13193.776  2
   1800    688     1256277.036        1169.934  1
    625    688     1920804.633        1333.588  1
   1989    688     1663624.469        1478.433  1
    655    688      844004.542        1948.180  1
   2126    688     3161770.360        3177.046  1
    654    688     2883902.321        1324.231  1
    653    688     2045037.622        2055.543  1
   2275    688     1251597.255         996.320  1
   2401    688      664531.905        1188.764  1
   2507    688      493059.374        2096.832  1
    495    688      576889.890        2242.855  1
   2458    688     7044601.507        2434.665  2
    587    688     3837657.038        3801.030  1
   2538    688     1956640.333        1855.030  1
    558    688     1101234.625        1527.226  1
   2455    688     1481513.016        1860.323  1
    527    688     4166379.322        2206.456  1
    559    688    15929664.386        3204.116  2
    528    688      982147.414        1312.564  1
    496    688     2188697.618        1702.071  1
   2392    688     5302501.926        1539.408  2
   2378    688      900686.818        2065.779  1
   2348    688      485898.135        1606.086  1
    498    688     1279887.113        2093.361  1
    497    688     1608649.035        2394.780  1
    529    688     8141628.379        2088.973  2
   2379    688     2598728.894        1805.287  1
    619    688      599350.945        1454.954  1
    588    688     6357776.130        1983.438  2
    561    688     1958433.287        1876.909  1
   2276    688    67547419.713        6598.617  3
   2295    688     1517664.186        1536.212  1
   2287    688     2177602.765        1997.233  1
    741    688     2396810.402        2256.507  1
    712    688     2620041.607        1383.322  1
   2393    688     8102024.436        1873.765  2
   2374    688     1395265.377        1920.855  1
    682    688     1145173.821        1942.970  1
   2461    688     2360482.233        2539.239  1
    739    688     5335466.142        3891.170  1
   2387    688    13593465.787        2967.308  2
   2487    688      385583.204        1320.589  1
   2427    688    14522907.951        7893.013  1
   2426    688    12379887.492        6855.873  1
   2448    688      528378.172        1072.785  1
   2499    688     8056980.422        3438.989  1
    648    688     4313513.092        2792.940  1
    615    688     5854085.696        2179.988  1
    616    688     6490736.400        4573.479  1
    617    688     3930111.256        3518.651  1
    680    688    70705218.492        7706.394  2
    651    688     4899156.716        3315.271  1
   2356    688      515037.196        1425.876  1
   1802    688     1695034.633        1920.613  1
    740    688     4115253.892        3840.600  1
    711    688    10996535.610        2002.639  2
   1608    688   130524740.641        5928.967  3
    590    688     4654492.245        2354.329  1
   2215    688     2172732.065        1825.763  1
   2184    688     5084490.561        1530.833  1
    591    688     2615525.460        1749.863  1
   1799    688     1825000.027        1988.438  1
    592    688     2907471.445        1815.379  1
    593    688     3545897.746        1242.293  1
    594    688     1129958.814        2258.359  1
   1838    688     4566475.587        2484.652  1
    688    688   347152200.392       18732.043  4
    702    672     4136358.943        2508.145  1
    673    672     3499218.017        1908.883  1
    677    646     4135485.842        2862.788  1
    676    646     7142772.230        1982.767  1
    614    646     1596134.386        1740.060  1
    643    644     1303423.903        1579.049  1
    611    644      740463.893        1911.456  1
    642    642     5452113.174        1127.877  1
   1837    628     3301852.693        1365.156  1
   1889    628     3875011.286        2283.340  1
   1957    628      687537.268        1483.759  1
    693    628      982567.033        2114.845  1
    694    628     2834029.062        1943.982  1
    695    628      759474.435        2114.641  1
    665    628     2220912.976        1342.340  1
    634    628      854597.916        1988.634  1
   2045    628     5833929.807        4724.231  1
    662    628     3483443.977        1345.597  1
    630    628    51378412.849       13058.444  2
   1917    628      891267.957        1161.475  1
    600    628      578422.050        1770.113  1
   1607    628      590316.462        1238.616  1
    601    628     2772332.277        1089.448  1
   2108    628     2501108.096        3389.433  1
    603    628     1627982.160        2300.284  1
   2269    628     1297314.750        1523.462  1
   2349    628     1363259.263        1686.946  1
   2404    628      662625.158        1067.176  1
   2402    628     1167317.286        1209.816  1
   2468    628     2760077.847        2354.977  1
    667    628     1861147.078        1353.238  1
   2277    628    20774417.331        6185.500  2
   2355    628    13917881.610        7452.548  1
    608    628     4876811.530        2391.423  1
    579    628     2494871.741        1552.998  1
    550    628     1989115.181        1827.422  1
   2440    628     4447082.652        3482.602  1
   2439    628     4239978.759        3209.630  1
    607    628     5232477.961        3659.496  1
    548    628     4263895.027        4272.266  1
   2320    628    59440449.316        8399.774  2
   2340    628      945606.261        1564.358  1
   2486    628     5750418.931        3680.253  1
    515    628     1161542.251        1509.573  1
    514    628     1172906.617        2075.084  1
   2319    628    15449382.261        3406.824  2
    546    628     1337173.215        2312.236  1
    545    628     5526010.013        3958.904  1
   2467    628     2474059.520        1318.610  1
   2479    628     4139893.942        2353.089  1
   2474    628     2088971.095        1315.682  1
    604    628    15623242.154        3913.302  2
    544    628     5569046.805        3521.466  1
   1743    628     1863292.816        1607.022  1
    543    628     6467110.617        3215.492  1
    602    628      747662.874        2222.628  1
   2250    628     2236610.559        1510.120  1
    511    628     4327820.450        2282.182  1
    542    628     9946413.782        2197.857  2
   2368    628      373455.471        1158.762  1
   2363    628     1381725.745        1169.613  1
    541    628     4101921.508        2175.996  2
   2009    628     2143073.331        1587.472  1
    540    628     2406765.054        1738.222  1
    570    628     1536877.942        1673.508  1
    598    628     2021355.068        1340.830  1
    628    628   274414986.201       21866.074  3
   1723    627     2620698.788        2031.765  1
   1665    627     3081822.848        2809.843  1
    597    597     2766037.335        1752.157  1
    613    583     5729361.424        3270.717  1
    612    583     2613140.880        2182.337  1
    568    568     5458827.375        2841.139  1
   2034    567      625993.103        1227.346  1
   1798    567      840855.570        2144.810  1
   1742    567      856488.562        1773.346  1
    566    567     1695604.106        1844.011  1
   1915    567      920745.649        1601.068  1
    565    567     3551763.271        1700.675  1
   2010    567     1413934.023        1551.159  1
   2086    567     1282790.194        1622.799  1
   2193    567     1217310.598        1287.448  1
    563    567     1040006.444        1914.009  1
   1740    567     1502406.843        2115.317  1
    530    567     1470838.058        1250.383  1
    499    567     2074995.725        2093.502  1
   2183    567      875871.688        2203.437  1
    562    567     1236625.979        1679.435  1
    500    567     1246355.093        2396.065  1
   2085    567    27290829.387        6691.603  2
    501    567      895944.886        1480.312  1
    472    567      456823.817        2392.142  1
   2084    567     5095554.267        1247.340  2
    564    567     2814353.204        1374.103  1
    502    567     3350571.116        2057.422  1
   2000    567      928532.625        1969.056  1
    503    567     2885074.759        1538.873  1
    595    567     4977856.758        3698.740  1
    567    567    85059069.223       10042.804  3
    538    538     6844029.648        2986.858  1
    506    506    19716237.643        8236.459  1
    477    477     6209213.793        3177.275  1
    476    476     3856679.534        1878.971  1
    445    445    14104188.413        7004.729  1
   1722    415     2449117.276        2291.162  1
   1602    415     3362416.567        1325.337  1
    479    415      549444.125        1486.675  1
   1948    415     8942043.546        2800.965  2
   2159    415     2068552.268        1420.707  1
   2132    415     3723582.090        2348.249  1
   2218    415     3033846.475        2311.012  1
   2214    415     2209373.710        1409.088  1
    450    415     7745358.961        1977.100  2
   2195    415     9176855.344        4670.142  1
   2187    415     5438857.334        3685.512  1
    451    415     4050102.752        1911.937  1
   1739    415     2958521.620        4208.013  1
    482    415     3474526.816        3874.081  1
    454    415     1809375.718        1815.787  1
    423    415     2219846.229        1870.444  1
   2335    415     1423217.924        1693.007  1
   2334    415     2754191.186        3351.795  1
    453    415     1742685.402        1449.816  1
    392    415     4751853.502        1478.355  1
    361    415     6166553.884        2297.726  1
   1738    415      709259.603        1034.594  1
   1600    415      959686.393        1739.421  1
   1788    415      797710.409        2047.599  1
    391    415      939086.330        1072.139  1
   2153    415      930794.830        1673.256  1
    390    415     2687710.324        2045.702  1
    419    415    78454528.804       11402.717  2
    389    415      566301.083        1906.849  1
    388    415     3077129.651        1489.562  1
   1853    415     8222862.555        3881.744  1
    387    415     4282504.522        2295.084  1
    386    415      948279.006        1515.834  1
   1656    415     2889786.646        1609.832  1
    415    415   148528867.475       10372.122  3
   1657    414     3088064.172        2873.062  1
    444    414     2317170.867        1923.521  1
   1852    384    10955243.565        5659.111  1
   1901    384      508848.983         967.174  1
    443    384     1849469.322        1795.916  1
   1973    384     4731393.026        3291.995  1
   2018    384     5272617.904        3581.508  1
    441    384      493440.894        2230.695  1
   2095    384     1030621.551        1165.408  1
   2094    384     1457760.674        1806.579  1
   2312    384     3295386.808        2428.674  1
   1797    384     1625509.105        1376.797  1
    439    384     2003353.532        1272.754  1
    471    384     1584343.423        2117.252  1
    470    384      977473.225        2317.408  1
   2063    384    24133419.920        5936.663  2
    381    384     1608605.615        1262.990  1
   2158    384     2720594.942        1286.217  1
    409    384     5689285.014        3726.822  1
   2237    384     4277760.143        3661.744  1
   2236    384     1174225.207        1826.289  1
   2235    384     4453627.131        1563.579  1
    349    384     1355156.594        1497.387  1
    348    384     1114387.896        2000.453  1
    410    384      550283.197        2359.819  1
    380    384    31839645.012        5105.924  2
    442    384     2687008.099        1567.254  1
   1899    384     5079437.569        2601.423  1
    384    384   110508218.653       10210.010  3
   1654    324     5146986.554        3354.323  1
   1971    324     4418993.872        2379.094  1
   1999    324     1887897.142        1416.322  1
   2075    324     2843031.236        2119.179  1
   2480    324      956768.968        1419.670  1
   2169    324     1915859.931        1689.410  1
   2167    324     3950196.082        3385.578  1
    359    324      604036.500        1695.733  1
    300    324     5670334.536        1864.323  1
    299    324     4372185.690        3184.153  1
    264    324      490360.583        2350.837  1
    358    324     1092639.902        2024.942  1
    357    324     1599689.129        1692.775  1
    297    324     6027430.027        3683.072  1
    324    324    72811240.253       13274.715  2
   1721    323     2653353.867        2391.748  1
   1652    323     3716570.648        3057.054  1
   1959    293     1734831.929        1227.685  1
   2007    293     4798983.954        3136.231  1
   2220    293     1720768.790        2178.296  1
   2144    293     8563079.813        3834.916  1
   2135    293     2045164.650        1513.944  1
   2115    293     1358671.459        2023.523  1
    253    293     1514190.251        2123.608  1
    254    293     4800555.871        4403.308  1
    321    293     2030911.422        1337.981  1
    256    293     5590331.914        3771.353  1
    255    293      838857.144        2228.134  1
    257    293     1336283.603        1654.057  1
   1649    293     5272533.456        4174.025  1
    293    293    68463248.521       11137.905  2
   1650    260     4052849.520        3542.615  1
    295    260     5883308.238        5256.321  1
   1648    228     3603715.489        3472.695  1
   2297    228     2985381.574        2790.593  1
   1908    228     1276751.206        1794.097  1
    230    228     1678837.444        1844.021  1
   2036    228     1900990.687        1517.906  1
    231    228     5377819.745        3197.162  1
    200    228     6695447.938        1742.617  1
   1997    228      823493.230        1464.376  1
    228    228    44643652.934        8826.575  2
    196    196     4002833.387        1908.346  1
    166    166     8853601.399        5172.198  1
   1982    165     3529816.617        2446.188  1
    225    165     1864802.156        1275.098  1
    193    165     5156919.238        3980.340  1
    165    165    22596443.926        4813.751  2
   1645    137     6900843.745        2866.040  1
   1644    137     6974890.013        2410.473  1
    164    136     3156729.274        3701.646  1
    135    136     4595932.257        4603.864  1
    107    136     4611462.769        1836.834  1
    108    108     4073715.684        1970.531  1
   1819     49     1402041.088        1145.250  1
    106     49     3107376.945        1580.636  1
     49     49    12204993.185        2371.612  2
   1891     45     4675757.898        3561.404  1
   1936     45     8488136.915        4621.562  1
    162     45     3354134.498        1792.288  1
     45     45    31433110.744        5647.108  2
   2017     44      850595.614        1728.308  1
    191     44     2177510.552        2292.634  1
    190     44     1797889.040        2227.269  1
    161     44     1487585.850        1926.689  1
    103     44      655621.043        1558.975  1
     74     44      829251.911        1380.456  1
     44     44    28605666.233        6709.189  2
   1633     42     9223505.600        5500.353  1
   1905     42     1204310.830        1424.586  1
   1727     42     1091259.564        2162.552  1
   2557     42     2807418.970        2726.241  1
   1993     42     3735582.000        3283.284  1
   2124     42     2731090.667        1882.509  1
    287     42      571975.299        2295.104  1
    286     42     2115340.810        1395.524  1
    222     42     2962626.587        1745.690  1
    221     42     2001761.323        1768.469  1
     72     42     1472200.952        1112.402  1
     42     42    65159825.787       14238.568  2
     40     40     5420503.408        3170.119  1
     38     38     3116584.214        1974.962  1
   1890     37     7662820.064        3395.813  1
    188     37     2350284.441        2385.014  1
   2055     37     1914875.881        1160.421  1
    378     37     2019500.409        2199.530  1
    347     37      910524.478        2196.716  1
    346     37     9390796.250        2312.386  2
   2424     37     1650224.744        1432.415  1
   2385     37     1600339.390        1750.158  1
   2386     37      777244.529        1477.554  1
    468     37      537215.071        1578.631  1
    438     37     1570600.719        1734.865  1
    407     37     9835621.389        4541.897  1
    406     37     9818985.157        5785.666  1
    345     37    39815386.151        7499.289  2
    285     37     8940133.864        4053.006  1
   2182     37     3678537.125        1564.276  1
   2174     37    17382573.121       10629.370  1
   2229     37     8254060.819        3281.937  1
    344     37     1194629.287        1429.941  1
    282     37     1009142.301        2309.791  1
    283     37    41837472.489        4557.883  2
    251     37     3605020.455        1701.348  1
    249     37     1463199.940        1629.556  1
    219     37     4087078.488        3564.835  1
   2106     37     1991535.628        1274.811  1
    186     37     3480916.203        1567.968  1
    157     37    11070466.220        3117.508  2
     69     37     6440874.661        4258.286  1
     37     37   179889105.519       15280.721  3
     35     35    10977272.670        5587.496  1
   1793     33     1074776.672        1476.497  1
    154     33     6246801.165        3287.688  1
   1945     33     9950487.500        1676.011  2
   2016     33     4069200.001        2990.215  1
   2166     33     4391658.987        2430.452  1
    215     33     1596228.673        1566.446  1
   2160     33     9219959.991        2231.721  2
   2443     33     1716911.371        1457.253  1
    526     33     4035349.675        4076.011  1
    525     33     4621696.709        3240.850  1
   2409     33    17007971.036        3047.749  2
    465     33     4672172.574        4210.585  1
   2491     33     1382432.363        2150.174  1
    463     33     5398198.345        3819.699  1
   2558     33    10407834.587        1590.565  2
   2497     33     5257735.838        2775.031  1
   1603     33     4121051.756        3731.397  1
    524     33     4365843.066        4021.661  1
    492     33    18634755.103        2311.024  2
    434     33     1044512.527        2152.788  1
    404     33     3302421.950        2315.293  1
    343     33      969129.876        1934.342  1
   2302     33     8837433.680        4719.248  1
   2425     33      867320.670        1313.469  1
    431     33     2051521.230        2096.229  1
    372     33     3396318.923        1385.184  1
    341     33      541524.120        1586.357  1
    312     33     2245184.173        2229.277  1
    342     33    31084415.695        6018.813  2
   2221     33     1484395.479        2160.683  1
   2213     33      654485.545        1705.237  1
    314     33     3011456.152        2226.708  1
    313     33     1018252.315        2229.946  1
    280     33     1713004.280        1476.421  1
    246     33     5754018.862        3190.333  1
    247     33      952905.563        2374.848  1
    218     33      748687.472        1548.982  1
    217     33     5756429.582        2216.720  2
    184     33     1394316.677        1018.817  1
    185     33     4105911.418        3524.389  1
     67     33     1831174.334        1209.637  1
     33     33   198517917.976       23726.451  3
     31     31     5038545.673        3171.140  1
   1924     29     7054230.748        2840.404  1
    125     29     1657859.705        1319.311  1
   1640     29    17940498.221        4363.362  2
   2142     29     3364361.049        2149.543  1
    279     29     3667867.118        3501.624  1
   2293     29     1523490.525        2396.103  1
   2257     29     3773041.273        2866.640  1
   1736     29      403028.178        1820.764  1
    371     29     5581377.291        3517.386  1
    310     29     1208909.082        2212.366  1
    244     29     2495468.017        1659.344  1
   2092     29      570845.865        1703.698  1
    213     29     1696908.513        1539.841  1
    181     29     1283906.756        1424.921  1
   2057     29    50449143.157       11295.138  2
   2107     29     1542118.678        2334.358  1
    214     29      733671.076        1231.609  1
    182     29     5680588.325        2234.681  2
    123     29     1166844.665        1093.687  1
    124     29      799730.485        2294.734  1
     29     29    97949682.326        7415.796  3
   1956     26     3470181.315        1343.450  1
    212     26      883183.212        2257.340  1
   1796     26     2275896.981        1767.719  1
   2520     26      973055.089        1978.323  1
   2551     26     7045325.924        5984.298  1
    490     26     4719017.818        2960.360  1
    489     26     9288920.111        5168.694  1
    460     26     1018718.938        1675.546  1
   2405     26    30479940.238        3852.646  2
   2375     26     1519412.517        2097.561  1
   2432     26      912672.126        1606.129  1
    462     26     2777136.787        2160.164  1
    430     26     8637411.486        1987.093  2
    429     26     1690290.201        2296.759  1
   2244     26      852400.524        1435.854  1
    339     26     2125130.536        1816.028  1
    338     26     1859609.206        2051.712  1
    308     26     1162953.411        2190.811  1
    277     26     1948382.513        1477.532  1
    242     26     3790238.814        1285.194  1
    275     26     3374067.208        2119.938  1
    240     26     2804583.237        1509.671  1
    241     26    10449997.120        1963.883  2
    210     26     1544417.167        1163.780  1
    150     26     1676990.074        1981.528  1
    122     26     1206319.879        2195.948  1
   2062     26     1182060.643        1406.704  1
   2035     26      897019.903        1321.001  1
    121     26      441685.213        1310.779  1
   1631     26    22321964.884        9831.578  2
     26     26   156637531.207       20551.071  3
     24     24     2732128.853        1446.184  1
   1831     21     6379818.023        3048.285  1
   1824     21     1829459.814        1191.291  1
   1823     21     3073736.764        1140.342  1
   2044     21     4353820.028        2745.847  1
   1964     21     1203870.667         611.586  1
   2078     21     3751678.812        3729.834  1
   1597     21     3162911.445        2039.869  1
    239     21     1041884.559        1679.207  1
    209     21      897252.999        1823.811  1
   2083     21     4714271.688        1687.399  2
   2120     21     4274632.999        2420.066  1
   2262     21      716382.774        1085.068  1
   2301     21     1535213.592        1464.563  1
    395     21     6018467.543        5266.590  1
   2390     21     3473462.081        1495.843  1
   1601     21      844753.549        1798.521  1
   2418     21      566623.508        1131.699  1
   2412     21     1631356.083        1648.987  1
    455     21     2548536.378        1829.266  1
    364     21     1108452.105        2290.963  1
    334     21     1942860.944        2017.031  1
   2210     21     1062949.923        1370.997  1
   2217     21    41806198.023        9446.925  2
    304     21     8978704.292        5877.396  1
   2327     21     3398839.370        2362.232  1
   2325     21     4315386.918        1448.185  1
    271     21     9418432.735        1174.015  2
   2080     21    69869733.808        2842.971  3
   2298     21     5506231.238        3732.647  1
   1599     21     4087397.446        2560.455  1
   2307     21     7686384.482        3718.541  1
    369     21     2498298.152        1920.761  1
    368     21    13539968.899        2201.479  2
   2333     21      431795.056        1368.625  1
   2537     21     1540151.118        1507.543  1
   2560     21     7057635.552        3384.945  1
   2553     21     5172838.183        2917.943  1
    581     21     2141323.326        1800.248  1
    580     21     2284664.050        1848.706  1
    552     21    11449629.900        5089.883  1
    520     21     1716937.551        1499.644  1
   2466     21    40335089.838        5304.844  2
   2508     21      856987.001        2083.268  1
    521     21     3597390.141        2094.516  1
    488     21     8773843.278        2159.844  2
   2555     21     1221252.296        1271.701  1
   2445     21     4869919.741        2419.516  1
    486     21     3964347.746        3460.773  1
    487     21    12187378.114        4665.577  1
    458     21    28632818.243        3547.760  2
    428     21     2604039.954        1963.194  1
    427     21     1333699.403        2255.656  1
    398     21      771080.991        1752.759  1
   2391     21     1282356.504        1934.325  1
   2420     21     4412419.900        3032.260  1
    457     21     1400562.824        2059.387  1
    396     21    16097840.505        4948.267  2
    366     21     4348217.655        1528.823  1
    335     21     2055921.426        2040.917  1
    274     21     3027184.431        1309.600  1
   2168     21     1434352.276        1428.467  1
   2130     21      553500.006        1449.265  1
    273     21   167598748.656       14399.230  3
    207     21     4501228.420        2012.800  1
    178     21     1513376.828        1138.045  1
    176     21     3678266.608        1954.463  1
    147     21     2633926.238        1225.190  1
    148     21     6728859.027        2249.653  1
    120     21      642240.288        1683.467  1
     21     21   314203461.493       12084.141  4
   1629     20      477499.394        1002.412  1
     62     20     1524796.843        1647.856  1
     19     19     5074643.480        2059.503  1
     89     17     2530913.037        2175.920  1
   1792     17    10306489.292        5558.947  1
    116     17     1078528.240        1235.884  1
   1851     17     1180127.625        1789.335  1
    117     17     5698465.561        4273.809  1
     17     17    32493503.271        4163.194  2
   1720     15     1877905.525        2345.756  1
   1637     15     4737850.531        2892.671  1
     60     15     1924941.227        2233.181  1
   2243     13     3159646.276        2485.978  1
    270     13      584857.893        1728.904  1
    236     13     3797611.592        2283.485  1
    205     13      870761.768        1963.250  1
   1794     13    18009042.667        5399.193  2
   2228     13     4528914.149        3066.776  1
   2227     13     2296697.810        1702.038  1
   2305     13     2221309.075        2513.163  1
    363     13     1738897.645        1931.080  1
    362     13     1896688.074        2018.135  1
    268     13      470730.960        2024.449  1
    234     13     1957615.166        1729.896  1
    203     13     2477549.294        1019.317  1
   1731     13    36968798.736        9207.219  2
    174     13     5163553.448        2022.051  1
    173     13      563536.978        1616.766  1
   1822     13     6375045.378        3604.134  1
    144     13      901810.358        1924.742  1
   2143     13     9061750.221        6271.351  1
   1734     13     4305297.229        2716.924  1
    202     13     1174652.400        1928.716  1
    172     13     2751937.098        1899.144  1
    114     13    32350936.407        5805.273  2
     85     13     2814359.886        1270.812  1
     13     13   125523743.096        8336.389  3
     12     12     2665922.245        1956.328  1
   1850     11     1633541.058        1326.361  1
   1735     11     7771018.633        3834.367  1
    232     11     2074597.088        2209.529  1
    141     11     5895542.982        2878.072  1
   1593     11     1535280.013        1307.461  1
    142     11     3993848.123        3364.116  1
     11     11    53123213.238       10479.758  2
   1832      7     4952634.712        2870.018  1
     56      7     7805278.298        3783.079  1
     55      7     3469528.101        2094.548  1
      7      7    20155610.266        1261.437  2
   1859      5     4013120.536        3128.046  1
   1728      5     3862611.981        1135.010  1
    169      5     4076107.572        1862.046  1
     80      5     8043385.302        3301.332  1
      5      5    34992768.784        6650.688  2
     54      3     1371791.711        1991.115  1
     53      3     4586280.485        2296.583  1
