    2   53
    4 1635
    4   54
    5   55
    6   55
    8   56
    8 1628
    9   57
    9   56
   10   57
   11   58
   12 1636
   13   59
   14 1720
   14   59
   16 1638
   16   60
   18 1638
   18   61
   19   62
   21 1629
   22 1824
   22   63
   22 1630
   23   64
   23 1824
   25 1631
   25   65
   25   64
   27   66
   27 1639
   28   66
   30 1640
   30 1641
   32 1642
   32 1641
   32   67
   34 1642
   34   68
   35   69
   36   69
   38   70
   39 1643
   39   71
   40   72
   41 1632
   41   72
   43   73
   43 1633
   44   73
   45   74
   45 1634
   46   75
   47   76
   47   75
   48 1820
   48   76
   49 1819
   49   77
   50   77
   51   77
   52   53
   53  110
   53   80
   53   79
   53   54
   54   80
   54 1635
   55 1856
   55 1832
   55   81
   55 1635
   55   82
   55 1628
   56   57
   56   84
   56 1832
   57   58
   58 1636
   58   84
   58   85
   59 1636
   59  115
   59   87
   59 1637
   59   86
   60   88
   60 1851
   60   87
   60 1637
   60 1638
   61   89
   61   90
   61   62
   61 1638
   62 1831
   62 1629
   62   90
   63 1831
   64 1824
   64   65
   64   92
   65 1639
   65  122
   65   93
   66 1639
   66 1640
   66 1592
   67   96
   67   97
   67 1641
   68   69
   68   97
   68 1642
   69 1890
   69   70
   69   98
   70   71
   70 1890
   71  101
   71  100
   71 1643
   72  101
   72 1643
   72  102
   73  103
   73 1834
   73 1634
   74  104
   74   75
   74  105
   74 1834
   75   76
   76 1891
   76  105
   77 1819
   77   78
   77  107
   79  110
   80 1859
   80   81
   80  110
   82 1728
   82  112
   82   83
   82 1856
   83 1832
   83   84
   84   85
   84  112
   85  114
   85 1850
   85 1636
   87 1914
   87 1822
   87 1851
   87  115
   88   89
   89  118
   89   90
   89  117
   90  119
   90 2044
   90  118
   91  120
   91 1823
   91 1831
   92  122
   92 1823
   92 1824
   93  123
   93 1592
   93  122
   94 1892
   94   95
   94 1640
   95 1924
   95   96
   95  124
   95 1641
   96 1867
   96   97
   96  125
   97  125
   97   98
   98   99
   98  126
   99 1890
   99  127
   99  128
  100  101
  101  130
  101  102
  101  129
  102  131
  102 1868
  103  131
  103 1868
  103 1834
  103 2105
  103  132
  104  133
  104  105
  106  134
  106 1858
  106  107
  106 1819
  106 1891
  107 1858
  107  108
  107  135
  107 1819
  109  110
  109 1644
  110  138
  110 1645
  110  111
  111 1859
  111  168
  111  139
  111  138
  112 1926
  112  113
  112 1728
  112  141
  113 1850
  114 1850
  114  115
  114  144
  114 1593
  116  145
  116 1851
  116 1792
  116 1914
  117 1857
  117  118
  117 1792
  118  146
  119 2044
  119 1831
  120  121
  120  148
  120 1823
  121 1823
  121  148
  121  149
  122 1866
  122  151
  122  150
  122  149
  123 1956
  123  151
  123 1882
  123 1892
  124 1924
  124 1892
  124  153
  124  152
  125  126
  125 1924
  125 1945
  125  154
  126 2016
  126  127
  127  156
  127 2016
  127  128
  128 2106
  128  157
  128 1978
  128  156
  129 1890
  129  130
  130 1905
  130  158
  131 2105
  131 1905
  131  160
  131 1727
  132 1936
  132  133
  133 1891
  134 1891
  134 1860
  134  163
  134 1595
  135  164
  138  167
  138 1646
  138  168
  139 1908
  139  169
  139  140
  139  168
  140 1859
  141 1965
  141 1728
  142 1926
  142  172
  142 1593
  142 1965
  143  144
  143 1593
  144 1969
  144 1963
  144 1594
  144  173
  145  174
  145  175
  145 1792
  146 2044
  146  175
  146  176
  146  147
  146 1792
  147 1970
  147  177
  147  176
  147 2044
  148  178
  148 1928
  148 1597
  148  179
  148 2062
  148  149
  148 1964
  149  150
  150  179
  150  180
  152 1956
  152  153
  153 2107
  153  183
  153  182
  153  154
  154 1793
  154 1924
  155 1945
  155  184
  155 1793
  156 2091
  156 2106
  156  185
  157  187
  157  158
  157 1890
  158  159
  159 1993
  159 1727
  159  188
  160 2017
  160 2105
  160 1727
  161 2105
  161 1730
  161 1936
  161  191
  162 1730
  162 1936
  162  192
  162  193
  162 1595
  162 1891
  163 1860
  163 1595
  163  193
  164  195
  164 1858
  164  165
  166 1645
  167 1825
  167  198
  168 1908
  168 1906
  168 1825
  169 1997
  169  199
  169  200
  169  170
  169 1908
  169 1728
  170 1965
  170 1728
  170  201
  170  200
  171 1965
  171 1735
  171  202
  171  172
  171  201
  172 1594
  172 2025
  172  202
  172 1593
  173 2025
  173 1731
  173  203
  173 1594
  174 1794
  174 1914
  174  204
  174  205
  174  175
  174 1969
  175  207
  175  176
  175  205
  176  208
  176  207
  177 1964
  178 1964
  178 1597
  178  208
  179  210
  179  180
  180  210
  180 1956
  181 1956
  181 2051
  181  213
  181  212
  182 2057
  182 2051
  183 1793
  183 2160
  183  215
  183 2107
  184  185
  184  217
  184  216
  185  217
  185 2016
  186 2091
  186  218
  186  248
  186  219
  186 1988
  186 2106
  187  188
  187 1978
  188 2055
  188 1993
  188  220
  188 1988
  188 2030
  189 2557
  189 1993
  190  223
  190 2029
  190  222
  190  191
  190 2017
  191 1732
  191 1730
  191 1733
  191  223
  192  224
  192 1733
  192 1730
  192  256
  193 1982
  193  256
  193  225
  193 1595
  194 1869
  194  226
  194 1860
  195 1860
  195  226
  195  196
  197 1647
  197 1646
  198  229
  198 1646
  198 1648
  199 1908
  199  230
  200 2093
  200  231
  200  232
  200  201
  200 1997
  202  233
  202 1734
  202 1735
  203 2143
  203  235
  203  234
  203 2025
  204 1731
  204  235
  205  236
  205  206
  206 2325
  206  207
  206  237
  206  236
  207 2078
  207  237
  209 1597
  209  239
  209  240
  209 2062
  210  241
  210 2035
  211  212
  212 1598
  212  242
  212  213
  212 1956
  213 2142
  213  243
  213  242
  214 2141
  214 2107
  214 2051
  214 2092
  215 2166
  215  244
  215  245
  215 2107
  216 2160
  217 2173
  217  246
  217 2091
  218 2091
  218  248
  218  247
  219  249
  219 2030
  220  251
  220 2055
  220  252
  220  221
  221 2079
  221 2029
  221  252
  221 1993
  222 2135
  222  253
  222  223
  222 2124
  223 2135
  223 1732
  224 1733
  224  254
  224  255
  224 1732
  225 1869
  225  257
  225  256
  226 1869
  226  227
  226  258
  227  258
  229 1825
  229 2297
  229 1650
  229  262
  229  261
  230 1998
  230  263
  230 2036
  230 2297
  231  264
  231 2036
  232  265
  232  266
  232 1735
  232 2093
  233 1735
  233  267
  233 2143
  233  266
  234  267
  234 2227
  234 2209
  234 2143
  235 2136
  236 2136
  236 2325
  236  270
  236  269
  237  271
  237  272
  237 2325
  238 1597
  238 2078
  239  274
  239 2130
  239  240
  240 2298
  240  274
  240  275
  240 2035
  240 2062
  241 2035
  241 2119
  241 1598
  242  277
  242  243
  242 2119
  243 2131
  243  277
  243  278
  243 2141
  244  279
  244 2107
  244  245
  244 2092
  245 2268
  245  280
  245 2221
  245  279
  246 2125
  246  281
  247 2182
  247  248
  247  282
  247 2173
  248  249
  248 2182
  249 2182
  249  250
  249  283
  250 2055
  251 2055
  251  285
  251  252
  251  284
  252  285
  252 2124
  253 2220
  253  287
  253 2124
  253 2135
  254  288
  254 1732
  254  289
  254  255
  254 2135
  255  256
  255 2006
  256  257
  257 1869
  257  290
  258  292
  258 1651
  258  259
  259 1649
  260 1648
  261 1893
  261  262
  262  263
  262 1893
  263 1893
  263 2297
  263  298
  263 2036
  264  298
  264 2036
  264  299
  264 2093
  265  300
  265 2480
  265  266
  265 2093
  266  301
  266  300
  266  267
  267 2227
  268 2243
  268  302
  268  269
  268 2209
  268 2136
  270 2243
  270 1795
  270  303
  270 2325
  271  304
  272 2120
  272 2078
  273 2080
  273 2120
  273 2083
  274  306
  274 2130
  274 2298
  275 2119
  275  307
  275  308
  275  276
  275 2298
  276 2244
  277  310
  277 2119
  277  278
  277 2244
  278  279
  279  311
  280  281
  280 2221
  280 2166
  281 2173
  282 2182
  282  314
  282 2173
  283  316
  283  284
  285  346
  285  316
  285  286
  286  318
  286  317
  286  287
  287 2124
  287 2220
  287  318
  288  320
  289  320
  290 1959
  291  322
  291 1869
  292 1869
  292  322
  294  295
  295 1653
  295  324
  295 1650
  296 1650
  296 1870
  296 1653
  296  325
  297  298
  297 1971
  297  326
  297 1893
  298 2036
  298 1966
  298  327
  298 2040
  299 2093
  299 2480
  299 2074
  300 2480
  300 2167
  300  329
  300  301
  301 2227
  301  361
  301  330
  301  329
  302 2228
  302 2243
  303  333
  303 1795
  303  332
  303  331
  304 2327
  304 2217
  304 2274
  305  335
  305 2217
  305 2240
  305 2168
  305 2210
  306 2168
  307  337
  307  369
  307  308
  307  338
  308  338
  308  309
  310 2244
  310  311
  310  340
  310  339
  311 2268
  312 2257
  312  373
  312  313
  312 2221
  312  341
  312 2268
  313 2258
  313  342
  313 2221
  314 2229
  314  343
  314 2213
  314  315
  314 2173
  315 2174
  315 2182
  316 2174
  317 2235
  317  347
  317  318
  317  346
  318 2220
  318  348
  318 2235
  319  349
  319 2115
  319  348
  319 2220
  320  350
  320 2006
  320  351
  320 2115
  321  351
  321  352
  321 1946
  321 1959
  321 2007
  322 1959
  322 1852
  322  353
  322  352
  322 1651
  323 1651
  325 1654
  325  356
  327 1999
  328 2075
  329  360
  329  361
  330 2227
  330 2299
  330 2305
  330  361
  331 2299
  331 2305
  331  364
  331  332
  331 2243
  332 2301
  332  364
  333 2262
  333 1795
  333 2301
  334  365
  334 2210
  334  366
  335  367
  335 2240
  335 2333
  335  336
  335 2168
  336  337
  336 1599
  337 2298
  337  369
  337  368
  338  370
  338 2292
  338  369
  339 1796
  339 2292
  339 1736
  339  340
  339 2244
  340 2293
  341  372
  341 2294
  341 2257
  342  374
  343 2213
  343  375
  343 2229
  343  374
  344 2229
  344 2194
  344 2174
  344  376
  344  375
  345 2174
  345  346
  345 2194
  346 2383
  346  377
  347 2235
  347 2236
  347  378
  348  379
  348 2235
  348  349
  349 2115
  349 2158
  350 2115
  350  351
  350 2158
  350  381
  351 2007
  351  382
  351 2018
  352 1899
  352 1959
  353 1652
  353 1655
  353  354
  353 1852
  353  383
  354 1721
  354 1655
  355 1654
  356 1656
  356  386
  356  387
  356 1870
  357 1999
  357 1947
  357  388
  357 1966
  357  387
  357 1870
  358 2132
  358  388
  358  389
  358 2075
  358 1999
  359 2481
  359  390
  359 2132
  359 2075
  359 2169
  360 1600
  360 2167
  360  361
  360 2169
  361  392
  361 2299
  361 1600
  362 2299
  362  393
  362 2334
  362  363
  362  392
  363 2390
  363  364
  363  393
  364 2390
  364 2301
  365 2262
  365  366
  366 2369
  366 2240
  366  395
  366  396
  366 2333
  367  368
  368  398
  368  397
  369 2307
  369  399
  369  370
  370 1796
  370  399
  371 2293
  371 2375
  371  372
  371 1736
  372 2293
  372 2294
  372  402
  372  401
  373  403
  373 2302
  374 2302
  374  375
  375  405
  375  376
  375  404
  376  406
  376  377
  377 2194
  378  408
  378 2237
  378 2236
  378 2424
  378 2383
  379  409
  380 2095
  380 2063
  380  381
  381 2018
  381 2158
  382  412
  382 1946
  382 1900
  382 2018
  382 1972
  383  413
  385 1654
  385 1656
  386  387
  386 1656
  387 1947
  387 1861
  387  417
  387 1870
  388 1999
  388 1983
  388  389
  389 2132
  389  418
  390 2187
  390 2170
  390 2481
  390 2132
  390  420
  391 2306
  391 1600
  391 2481
  391 2187
  392 2334
  392  422
  392 2299
  393  423
  393 2390
  393 2335
  394 2301
  394  395
  395  426
  395 2369
  395 1601
  396  427
  396  397
  398 2347
  398  399
  398 2307
  398  428
  399  400
  399  428
  400 2384
  400 1796
  401  431
  401  430
  401 2432
  401  402
  401 2375
  402  432
  402  403
  403  433
  403 2318
  404  433
  404 2318
  404  435
  404  434
  404  405
  405  436
  405  406
  406  437
  406  407
  407 2376
  407 2383
  408  438
  408 2424
  408 1737
  409  439
  409  410
  409 2237
  410 2152
  410 2147
  410 2095
  410  439
  411  441
  411 2018
  412  443
  413  443
  413 1901
  413 1862
  413 1826
  413 1655
  413  444
  414 1655
  416  447
  416 1656
  417  448
  419  450
  419 2132
  420  450
  421  452
  421 2187
  421 1738
  421 2195
  422 1739
  423 2335
  423  455
  423  424
  423 2390
  423  454
  424 1601
  424 2390
  425 2420
  425 1601
  425 2418
  425  426
  426 2391
  427 2347
  427 2555
  427 2369
  427 2391
  428 2537
  428 2377
  428 2384
  428  459
  429  461
  429 2537
  429 2405
  429  460
  429 2384
  430 2551
  430 2465
  430  461
  430 2405
  430 2375
  431  462
  431 2432
  431 2425
  431  463
  432 2425
  432  464
  432  433
  432 2558
  434  465
  434  435
  435  466
  435  436
  435  465
  436  467
  436  437
  437 2385
  437 2376
  438 2424
  438 2303
  438 2382
  438 1737
  438  468
  439 2312
  439  469
  439 1737
  440 2095
  440 2094
  441 2021
  441 2063
  441 1973
  441 2094
  442  473
  442 2021
  442  443
  442  474
  442 1973
  443 1901
  443 1862
  443  474
  444  445
  444  475
  444 1862
  444 1657
  446 1722
  446 1659
  446  447
  447  478
  447 1658
  447 1659
  447 1853
  448 1948
  448 1861
  448  478
  448 1871
  449 1983
  449 2159
  449 1949
  450 2153
  450 2159
  451 2195
  451  480
  451 1817
  451  511
  451  452
  451 2153
  452 1788
  453 2336
  453 1741
  453  482
  453 1739
  454  482
  454  483
  454  455
  455 2486
  455  484
  455  483
  455 2412
  456 2418
  456  484
  456  485
  456 2420
  456 2412
  457 2420
  457 2413
  457 2391
  457  486
  458 2377
  458  459
  459  487
  460  488
  460 2520
  460 2537
  462 2547
  462  491
  462 2432
  462  463
  462 2551
  463 2425
  463 2491
  464  493
  464 2409
  465 2409
  465 2421
  465 2443
  466 2446
  466 2507
  466 2421
  466  496
  466  467
  467 2385
  467  497
  467  496
  467  498
  468  499
  468 1740
  468 2303
  468 2386
  469 2183
  469  500
  469  470
  470 2152
  470  501
  470  471
  470 2183
  471 2084
  471  501
  471  472
  471 2094
  472  502
  472 2094
  472 2021
  473 2021
  473 2000
  473  503
  473  502
  474 1798
  474  503
  475  504
  475 1742
  475  476
  478 1871
  478 1853
  478 1660
  478  507
  479  508
  479 1949
  479  509
  479 1602
  480  511
  480 2250
  480 2214
  480 2153
  480  510
  481  512
  481 1739
  481 1788
  481  513
  481 1741
  482  514
  482 2339
  482 1741
  483 2486
  483  515
  483  514
  484  485
  484 2493
  484 2412
  485 2493
  485  517
  485  516
  485  486
  486 2445
  486  518
  486 2420
  487 2413
  487 2466
  487 2445
  488 2537
  488  520
  488 2520
  488 2466
  489  490
  489 2508
  489 2465
  489 2520
  490 2541
  490 2509
  490 2551
  490 2547
  491 2541
  491 2547
  491 1603
  491  523
  491 2491
  492 2558
  492  525
  492  493
  492 2491
  493 2443
  494  526
  494 2443
  494  527
  494  495
  494 2421
  495 2421
  495 2507
  495  527
  496  497
  496  528
  496 2446
  497  498
  497 2392
  498 2385
  498  499
  498 2348
  498 2386
  499 2386
  499  530
  499 2348
  499 1740
  500 2196
  500 1797
  500  531
  500 2183
  501 2193
  501 2183
  502 2084
  502 2000
  502  533
  502 2021
  503  534
  503 1798
  503 2000
  504  536
  504 1661
  504  537
  504  505
  504 1742
  506 1662
  506 1659
  507  539
  508 2009
  508 1949
  508  540
  509 1602
  509 2363
  509  541
  509 2009
  510 2368
  510 1602
  510 2250
  510 2363
  510 2214
  511 2250
  511  573
  511  512
  511  543
  511 1817
  512 1817
  512  513
  512  544
  513 1741
  513 2339
  513  545
  514 2339
  514  515
  514 2340
  515 2486
  516  549
  516 2440
  516  517
  516 2493
  517  549
  517  550
  517  518
  518  551
  518  519
  518  550
  519 2556
  519 2466
  519 2445
  520  552
  520 2556
  520  521
  521 2559
  521 2509
  521  553
  521  552
  521 2508
  522  553
  522  554
  522 2541
  522 2509
  523  555
  523  524
  523  554
  523 2541
  524 1603
  524 2497
  524  556
  525 2497
  525  526
  525  556
  526 2443
  526 1604
  526  527
  526  558
  527 2460
  527 2446
  527  558
  528 2458
  528 2401
  528 2446
  529 2392
  529  561
  529  530
  529  560
  530 2348
  530  561
  531 1797
  531  590
  531  561
  532 2193
  532  563
  533 2010
  534  565
  535 2034
  535 1798
  537 1661
  539  569
  539 1660
  539 1663
  539  570
  539 1871
  540 1871
  540  571
  540 2009
  540 1606
  540  570
  541  572
  541 2108
  541 2009
  542 2096
  542  573
  542 2108
  543 2180
  543  574
  543  544
  544 2259
  544  545
  545  546
  546 2339
  546 2340
  546 2319
  546  575
  547 2340
  547  576
  547  548
  548 2439
  548  577
  548 2486
  549  550
  549  578
  550  579
  550  551
  551 2548
  551  579
  551  580
  551 2556
  552  581
  552 2548
  553  582
  553  583
  553  554
  553 2559
  554  584
  554  555
  554  583
  555  556
  555  584
  556  585
  556  584
  556 1604
  557  558
  557 1604
  557 2538
  557  585
  558 2538
  559 2446
  559 2458
  559  587
  560  588
  561  590
  561 1605
  561 2275
  562 2215
  562 2196
  562  563
  562  591
  562  590
  563 2148
  563  591
  563 2086
  564 2148
  564  592
  564  593
  564 2010
  564 2086
  565  593
  565 1984
  565  594
  565 1915
  565 2010
  566 1915
  566 2034
  566 1661
  566 1863
  566  594
  568 1662
  569  598
  569  570
  569 1664
  570  598
  570  599
  570 1871
  571  600
  571  601
  572 1607
  573  603
  574 2269
  575  605
  575 2277
  576  606
  576 2319
  576 2355
  577 2406
  577  606
  578 2488
  578  607
  578 2440
  579  609
  579  608
  579  580
  580 2560
  580  609
  581  610
  581  611
  581 2559
  581 2553
  582  644
  582  612
  582  611
  582  583
  583  584
  584  614
  584  613
  584  615
  584  585
  585  615
  585 2538
  585 1604
  586 2538
  586 2455
  586 2447
  586 2460
  586  616
  587 2455
  587 2379
  587  618
  587 2378
  588 2295
  588 1605
  588 2378
  589 2275
  589 2295
  590  621
  590 2275
  590 2215
  590 2196
  591 2148
  591 2126
  591 2215
  592  623
  592 2148
  592 2126
  592  593
  593 2010
  593 2022
  594 1863
  594  625
  594 1984
  594 1915
  595 1665
  595 1661
  595  627
  595  596
  595  626
  597 1663
  597 1666
  598 1664
  598 1666
  598  599
  599 1883
  599  630
  599 1917
  600 1883
  600 1917
  600  631
  600  632
  600  601
  601  602
  601  632
  601 1607
  602 2045
  602 1607
  602 2096
  602  633
  602  632
  603  634
  603 2145
  603 1743
  603  633
  604 2259
  604 2269
  604 2277
  605 2320
  605  635
  605 2355
  606  636
  606  637
  607 2441
  607  638
  607 2406
  608  639
  608  640
  608  609
  608 2488
  609  641
  609  640
  610  642
  610 2560
  610  643
  610  611
  611  643
  611 2559
  612  674
  612  645
  612  613
  612  644
  613  614
  613  676
  614  676
  614  647
  614  615
  615  647
  615  616
  615  648
  616  617
  616 2498
  616 2538
  617 2448
  617 2447
  617  649
  618 2487
  618  650
  618 2379
  618 2448
  618 2447
  619  651
  619 2379
  619 2295
  619 2374
  620  653
  620 2275
  621 2275
  621  653
  622  654
  622 2126
  623  654
  623 2126
  623  655
  624 1800
  624  625
  625  626
  625 1863
  626 1845
  626  657
  626  656
  626 1863
  628  660
  629  660
  630 1837
  631  661
  632 1957
  633  663
  633 2046
  633 2096
  634 2269
  634 2188
  634 2145
  634  665
  634 2467
  634 1743
  635 2349
  635 2467
  635 2277
  635  665
  636 2355
  636 2349
  637 2404
  637 2406
  638  668
  638 2468
  638 2488
  639 2488
  639  669
  639  640
  639  668
  640  671
  640  641
  640  670
  641  671
  641 2560
  642 2560
  642  672
  642  643
  642  671
  643  673
  643  672
  644  674
  644  673
  645  675
  645  676
  645  674
  646  647
  647  678
  647  677
  648 2499
  648  678
  649  679
  649 2426
  650 2426
  650 2487
  651 2487
  651 2379
  651 2374
  651 2356
  651  680
  652 2287
  652 2295
  653  683
  653 1608
  653 2184
  653 2287
  654  684
  654 2184
  654 1744
  654 1799
  655  685
  655 1799
  655 1745
  655 1989
  656  686
  657  687
  657  688
  657 1665
  657  658
  657 1845
  658 1723
  659  660
  660 1667
  660 1666
  660  690
  660 1837
  661  691
  661 1957
  661  692
  661 1883
  662  693
  662  692
  662 2001
  662 2046
  662 1957
  663  693
  663 2109
  663 2145
  664  694
  664 2145
  665  695
  665 2474
  665 2467
  666 2474
  666  697
  666 1746
  666 2349
  666 1801
  666  696
  666 2402
  667 2407
  667 2402
  667 2404
  667  697
  667  698
  667 2468
  668  669
  668  698
  668 2468
  669 2531
  669  699
  669  670
  670  700
  670  671
  671  672
  671  700
  672 1830
  672  701
  673  703
  673  674
  673 1830
  674  705
  674  704
  674  703
  675 1610
  675  676
  676  706
  676 1610
  676  677
  677  678
  678 2511
  678  707
  678  706
  679  708
  679 2499
  679  709
  680 2387
  681 2374
  681 2393
  682  712
  682 2288
  682 2287
  682 2393
  683  713
  683 2287
  683 2184
  683 2288
  684 2161
  684 2184
  684 1744
  684 2211
  685 1985
  685 2026
  685 1799
  685  715
  685 1745
  686 1845
  686 1800
  686  717
  687  718
  690  721
  690  751
  690  722
  690 1837
  691 1889
  691  722
  691  692
  691 1837
  692  723
  692 1957
  692 2001
  692  722
  693  724
  693 2001
  693 2109
  693 1747
  694 2231
  694  725
  694 2188
  694  726
  694 2109
  695  727
  695 2232
  695  696
  695 2231
  695 2474
  696 1746
  696 2474
  697 2402
  697 1801
  697 2407
  698 2468
  698  729
  698 2510
  698 2407
  699 2531
  699 2501
  699 2510
  700  731
  700 2531
  700  701
  701  702
  701  731
  702  733
  702  732
  703 1830
  703  734
  704 1748
  704  735
  706  736
  706  737
  706  707
  706 1610
  707  738
  707  737
  708  739
  708 2539
  708 2511
  709  739
  709  710
  709 2426
  710 2427
  710  740
  711  741
  711 2393
  711 2387
  711 2357
  712 1611
  712  742
  712 2288
  712  741
  713  743
  713 2211
  714  744
  714 1744
  715 1799
  715  744
  716  717
  716 1745
  717  748
  717 1927
  717 1846
  717  718
  717  747
  718 1838
  718  748
  718  719
  719  748
  720 1669
  720 1668
  720  721
  721 1667
  721 1668
  721  751
  722 1872
  722  752
  722 1974
  723 1939
  723 1974
  723  753
  723 2001
  724 2001
  724 1747
  724  753
  725 2154
  725 2109
  725  755
  726  756
  726 2154
  726 2232
  727 2345
  727 2232
  727 1746
  728 1609
  728 1801
  729 2407
  729 2500
  729 2394
  730 2521
  730 2462
  730 2501
  730 2510
  731 2524
  731 2532
  731  761
  731  732
  731 2542
  732  733
  732  761
  733  734
  733  763
  733  761
  733 1830
  734 1748
  734  763
  734 1830
  735 1804
  735  764
  735  736
  735 1610
  736 1610
  736  737
  736 1804
  737  766
  737  765
  738 2539
  738  767
  738  766
  738 2511
  739 2561
  739 2461
  739  768
  740 2387
  740 1802
  740 2461
  741 1802
  741 1611
  741 1749
  742  771
  742 2286
  742 2251
  742 1611
  742 2288
  743  772
  743 2161
  743 1803
  743 2251
  744 1803
  744  773
  744  745
  744 1750
  745  773
  745  746
  745 2026
  746 1985
  746  805
  746  774
  746  747
  746  773
  747 1927
  747  774
  748  807
  748  749
  750 1670
  751 1884
  751  778
  753 1977
  754 2050
  755  782
  755 2081
  756  783
  756 2176
  757 2345
  757 2304
  757  784
  758 2394
  758 1609
  758 2395
  758  785
  759 2395
  759  787
  760 2501
  760  788
  760  789
  761  790
  761  762
  761 2524
  762  823
  762  763
  762  790
  762  791
  763  791
  763  792
  763 1748
  764 1748
  764  794
  764  793
  765 1751
  765  766
  765  795
  765 1804
  766  795
  766  796
  767  828
  767 2539
  768 2494
  768 2561
  768  797
  768 2539
  769 2561
  769  798
  769 2461
  769 1752
  769 1802
  769  799
  769 2494
  770 2286
  770  831
  770 1611
  770  800
  771 2251
  771 2410
  771  801
  771 2286
  771  802
  772 2251
  772 1750
  772 2410
  772 1803
  773  805
  773 1750
  773  804
  774 1864
  774  806
  774  805
  774 1927
  775  807
  775 1864
  775 1927
  778  810
  778 1669
  778 1671
  778 1884
  779  811
  779 1872
  779  812
  779 1977
  779 1939
  779 1884
  780 2050
  780  812
  780  844
  780 2041
  781 2081
  781  813
  781 2133
  781 2047
  781 2041
  782 2154
  782 2133
  782 2176
  783  815
  783 2176
  783 2245
  783 2177
  783  816
  784 2278
  784  817
  784 2245
  785 2278
  785 2364
  785 2395
  785 2304
  786 2365
  786 2395
  787 2365
  787  820
  787 2462
  788 2462
  788 2433
  788  821
  788  789
  788  820
  789 2524
  789 1753
  789 2549
  790 2543
  790 2549
  790  822
  790  823
  791  824
  791 1821
  791  823
  792  824
  793 1805
  793 1748
  794 1804
  794 1805
  795  796
  795  826
  795 1751
  796  859
  796  827
  796  828
  797 2518
  797 2512
  797  828
  797 2539
  798 2494
  798  799
  798 2523
  799 2414
  799 1752
  800 2414
  800  831
  800  830
  800 1752
  801  832
  801  831
  802  803
  802 2197
  803  804
  803  834
  803  833
  803 1750
  803 2410
  804 2011
  804 2064
  804  835
  805 2011
  805  837
  805  806
  806 1865
  806  837
  807  808
  807 1672
  807  838
  809 1671
  810  811
  810  842
  810  841
  811 1884
  811 1873
  811  842
  811  843
  811  812
  812  844
  812 1977
  812 1986
  812 1954
  813 2087
  813 2041
  813  845
  813  844
  813 2133
  814 2177
  814 2206
  814 2133
  815 2199
  816  848
  816 2245
  817 2475
  817 2278
  817  848
  818 2278
  818 2316
  819 1756
  819 2364
  820 2433
  820 2365
  821  852
  821 2434
  822  853
  822  854
  822  823
  824 1821
  824 1754
  824 1805
  825  856
  825 1804
  825  857
  825 1751
  825  826
  826  858
  826  857
  826 1751
  827  889
  827  888
  827  858
  827  859
  828 2533
  828  859
  829 2530
  829 2522
  829 2449
  829 2444
  830  861
  830  862
  831 2296
  831  832
  831 2313
  832  864
  832 2296
  832 2197
  833  896
  833  865
  835  867
  835 2015
  836 2011
  836  867
  836 1953
  837 1925
  837 1953
  837 1865
  838  869
  838 1673
  838  870
  838  839
  838 1864
  839 1672
  840 1674
  840  841
  841  842
  841 1674
  841 1671
  842 1873
  842 1674
  843  873
  844 2087
  844 2031
  845  846
  845 2133
  845  875
  845 2137
  845 2087
  846 2242
  846 2206
  846 1755
  846 2137
  847  848
  847 2206
  847 2199
  848 2475
  848 2289
  848  877
  849 2316
  849 2279
  850 2366
  850 2408
  850 2399
  850  879
  850 1756
  851 2365
  851 2399
  852 2517
  852  882
  852  883
  853  854
  853 2562
  853 2543
  853 2513
  854 2562
  854  855
  854  885
  854 1821
  855  886
  855  885
  855 1754
  855 1821
  856 1805
  856 1754
  856  857
  857  888
  857  887
  858  888
  859 1806
  859  889
  860 1806
  860  890
  860 2518
  861  891
  861 2444
  862 2450
  863 2264
  864 2198
  864  896
  864  895
  865 2138
  865  866
  865  896
  865 2064
  866 2064
  866 2027
  866 2138
  867 2027
  867 1925
  867 1960
  868  869
  868  899
  868 1865
  868 1922
  869 1865
  869 1673
  869  900
  870 1673
  872  905
  872 1835
  873 1929
  873  906
  873  874
  873 1979
  873  905
  873 1954
  874 2031
  874 1986
  875 2087
  875  907
  875 2032
  876 2242
  876 1755
  876  877
  876  910
  876 2289
  876  909
  877 2381
  877 2370
  877 2380
  877  910
  877 2289
  878 2475
  878 2411
  878 2408
  878  912
  878  911
  878 2370
  879  880
  879 2399
  879 2422
  879  912
  880  913
  880 2422
  880 2469
  880  881
  881  882
  881 2435
  881 2399
  882 2469
  882 2434
  883  884
  883 2544
  884 2513
  884  915
  885  917
  885 2563
  885  916
  885  886
  886  949
  886  919
  886  887
  886 1754
  886  917
  887  888
  887  920
  887 1754
  888  921
  888  889
  889 1806
  889  922
  889  921
  890  923
  890 1757
  890 2514
  891 2449
  891  892
  892  925
  892 2450
  892 2451
  892  893
  893  926
  893  894
  893  925
  893 2314
  894 2314
  894 2265
  894  926
  894 2264
  895  927
  895  928
  895 2264
  895 2296
  896 2139
  896  928
  897  930
  897 2027
  897  929
  898 2027
  898 1613
  898  931
  899 1960
  899 1885
  899  932
  899  931
  900  933
  901 1673
  901  933
  902 1676
  902 1673
  903  904
  903 1674
  904 1674
  904  964
  905 1875
  905  936
  905 1873
  906  937
  906  938
  906 2032
  906 1979
  907 2032
  907  908
  907 2097
  907 2137
  908 2137
  908 2238
  908 2097
  909  940
  909 1807
  909 2238
  909  910
  910 2381
  910  941
  911  942
  911 2370
  913  944
  913 2482
  913 2422
  913 2469
  914  945
  914 2504
  914  946
  914 2544
  914 2469
  915 2563
  915  946
  915 2544
  916  947
  916  976
  916  948
  916  917
  917  948
  918  948
  918  949
  919  979
  919  949
  920 1759
  920  950
  920  921
  921  951
  921 1759
  922  951
  922  952
  922 1806
  923 2534
  923 1806
  923 2505
  923  952
  924  954
  924 1757
  924 2451
  924 2502
  925 2451
  925  955
  925  954
  926 2358
  926  956
  927 2284
  927  956
  927 2265
  927  957
  928 2175
  928  957
  929 2059
  929 2138
  931  959
  931 1613
  931 1960
  932 1874
  932  960
  933 1885
  933  961
  933 1675
  935  964
  936 1835
  936  964
  937 1979
  937  996
  937  965
  937 1950
  937  938
  938 2032
  938  996
  938 1828
  939 2097
  939 2110
  939 2149
  939 2238
  940 2149
  940  968
  941  969
  941 2321
  942 2370
  942  970
  942  971
  942  943
  942 2329
  943 2415
  943  971
  943 2422
  944 2469
  944 2504
  944  973
  944 2484
  944  945
  944  972
  945  973
  945  946
  945  974
  946  947
  947 2563
  947  975
  947  976
  947  974
  948  949
  948  977
  948  976
  949  978
  950 1759
  950  980
  950  979
  951  952
  951  982
  951 1759
  952  982
  952  983
  952 1806
  953  983
  953 2525
  953 2534
  953  984
  953 2502
  954 2502
  954 2442
  954  955
  954  984
  954 2451
  955 2358
  955  985
  956 2350
  956 2265
  956 2284
  956 2358
  957  987
  957 2201
  957  988
  957 2284
  958  989
  958 2150
  958 2139
  958 2059
  958 2175
  958  988
  959 1613
  959 2003
  959  990
  959  960
  959 2059
  959  989
  960  991
  960 1909
  960  990
  961 1874
  961  992
  961 1678
  961 1676
  961  962
  961  991
  962 1677
  963  964
  964 1024
  964  994
  964 1875
  965 1950
  965 1929
  965  994
  965  995
  966 2002
  966 2037
  966  996
  967 2097
  967 2067
  967  998
  967 1828
  967 2111
  968 2239
  968  999
  968 2200
  968 1807
  968 2111
  969 2239
  969 2321
  969 2271
  969 1758
  970 2329
  970 1001
  970 2272
  970  971
  971 2431
  971 2415
  971 1001
  972 2484
  972 2415
  972 2482
  973 1004
  973  974
  973 1005
  974 1006
  974 1005
  974 2546
  974  975
  975 1006
  976 1007
  976 1006
  976  977
  977 1008
  977 1007
  979 1038
  979 1009
  979  980
  979 1008
  980 2565
  980 1759
  980 1009
  981 2565
  981 1759
  981  982
  981 1011
  982 1614
  982  983
  982 1013
  983 2534
  983 1013
  984 2525
  984 1014
  984 2502
  985 1015
  985 2388
  985 2358
  986 1016
  986 2308
  986  987
  987 2284
  987 2201
  988 2150
  988 2201
  988 2175
  989 2150
  989 1019
  989 2098
  989 2059
  990 1886
  990 1909
  990 2003
  991 1909
  991 1021
  991 1874
  992 1679
  994 1875
  994 1836
  994 1025
  995 1950
  995 1938
  995 1025
  996 1950
  996  997
  996 1930
  997 1932
  998 2037
  999 2222
  999 2200
  999 1029
  999 2212
  999 2239
 1000 2272
 1000 2266
 1000 2239
 1000 1030
 1001 1002
 1001 2346
 1001 2272
 1002 2342
 1003 2415
 1003 1033
 1003 1063
 1003 2403
 1004 2484
 1004 2495
 1004 1005
 1004 1033
 1005 2546
 1006 1036
 1006 2526
 1006 1007
 1007 1037
 1007 1008
 1008 1038
 1008 1037
 1009 1616
 1009 1039
 1009 1038
 1010 1039
 1010 2565
 1011 2540
 1011 1040
 1011 1614
 1011 2565
 1012 1042
 1012 1013
 1012 1040
 1013 2525
 1013 1760
 1014 2483
 1014 1043
 1014 2442
 1015 2428
 1015 2442
 1015 2388
 1016 1045
 1016 2350
 1016 2388
 1017 1047
 1018 2150
 1019 1048
 1019 2012
 1019 1049
 1020 1050
 1021 1680
 1021 1678
 1021 1909
 1022 1680
 1023 1681
 1023 1024
 1024 1054
 1024 1681
 1025 1938
 1025 1054
 1025 1055
 1027 2002
 1027 2192
 1027 2033
 1027 1932
 1027 1056
 1028 2219
 1028 2223
 1029 1059
 1030 2267
 1030 2222
 1030 1060
 1031 2272
 1031 1061
 1032 2403
 1032 1062
 1032 1063
 1032 2342
 1033 2416
 1033 1064
 1033 1034
 1033 2484
 1034 2470
 1034 1064
 1034 2495
 1035 2495
 1035 1066
 1035 1036
 1035 2564
 1036 2546
 1036 1066
 1036 2526
 1037 2526
 1037 1068
 1037 1038
 1038 1616
 1039 2540
 1039 1616
 1039 1069
 1040 1041
 1040 2527
 1040 1614
 1041 2535
 1041 1042
 1041 1071
 1042 2550
 1042 1104
 1042 1073
 1042 1760
 1043 2456
 1043 2489
 1043 1760
 1043 1073
 1044 2429
 1044 2388
 1045 1046
 1046 1076
 1046 2359
 1046 2290
 1046 2280
 1047 1076
 1047 1761
 1047 2189
 1047 2280
 1047 1808
 1048 2012
 1048 2052
 1048 1078
 1048 1808
 1049 1079
 1049 1050
 1049 2012
 1050 1910
 1050 1080
 1050 1079
 1050 1907
 1050 2003
 1051 1081
 1051 1886
 1051 1082
 1051 1680
 1051 1907
 1052 1082
 1054 1836
 1054 1085
 1054 1055
 1055 1943
 1055 1933
 1055 1763
 1055 1762
 1055 1085
 1056 1762
 1056 1932
 1057 2033
 1057 1088
 1057 2068
 1057 2223
 1058 2223
 1058 2219
 1058 2163
 1059 1089
 1059 1090
 1059 2163
 1059 1060
 1060 2267
 1061 2371
 1061 1092
 1061 2342
 1061 2267
 1061 1615
 1062 2367
 1062 2342
 1062 1063
 1062 1092
 1063 1094
 1063 2416
 1064 2416
 1065 2492
 1065 2416
 1066 2471
 1066 2519
 1066 2564
 1067 2526
 1067 1068
 1067 1099
 1067 2529
 1067 2519
 1068 1100
 1068 1069
 1068 1616
 1069 1100
 1069 1101
 1070 2527
 1070 2536
 1070 1101
 1070 1102
 1071 1072
 1071 2528
 1071 1103
 1071 2535
 1072 1104
 1073 1105
 1073 2489
 1073 1760
 1074 2436
 1074 1106
 1074 2428
 1074 1105
 1074 2456
 1075 1106
 1075 1809
 1075 2359
 1075 1107
 1075 2429
 1076 2359
 1076 2280
 1076 1108
 1076 1766
 1077 1109
 1077 1139
 1077 1110
 1077 1761
 1078 2048
 1078 1761
 1078 1110
 1079 1111
 1080 1112
 1080 1907
 1080 1910
 1081 1907
 1082 1083
 1082 1683
 1082 1680
 1082 1113
 1083 1724
 1084 1681
 1085 1763
 1085 1116
 1085 1681
 1085 1684
 1086 1117
 1086 1762
 1086 1118
 1086 1763
 1087 2099
 1087 1762
 1087 2068
 1087 1119
 1087 2033
 1088 1120
 1088 2099
 1088 2068
 1088 1089
 1089 2163
 1089 1090
 1089 1120
 1089 2252
 1090 1121
 1090 1122
 1090 2260
 1091 1615
 1091 2260
 1092 2309
 1092 2371
 1092 1124
 1092 2342
 1093 2337
 1093 1124
 1094 2367
 1094 2416
 1094 1095
 1094 2337
 1095 2396
 1096 2515
 1096 2485
 1096 1128
 1096 2463
 1096 2471
 1097 2463
 1097 1098
 1098 2529
 1098 1099
 1098 2452
 1098 1129
 1099 1130
 1100 1131
 1100 1101
 1100 1617
 1101 1618
 1101 1131
 1102 2528
 1102 1618
 1102 1132
 1103 2503
 1103 2496
 1103 2457
 1103 2528
 1104 1134
 1104 1135
 1104 1764
 1105 2550
 1105 1135
 1105 2489
 1106 2429
 1106 1107
 1106 2436
 1107 1809
 1107 1137
 1108 1766
 1108 2189
 1108 1109
 1109 2189
 1109 2315
 1109 1138
 1110 2065
 1110 1139
 1111 1951
 1111 2012
 1111 2052
 1112 1951
 1112 1113
 1113 1142
 1113 1683
 1113 1141
 1115 1684
 1116 1144
 1116 1175
 1117 1990
 1117 1763
 1117 1118
 1117 1894
 1118 1119
 1118 1762
 1119 2069
 1119 2099
 1119 1147
 1119 1762
 1120 2099
 1120 1149
 1120 1148
 1120 2252
 1121 1150
 1121 2252
 1121 2253
 1121 1122
 1122 2338
 1122 1150
 1122 2260
 1123 2309
 1123 2351
 1123 2338
 1124 2351
 1124 1151
 1124 2309
 1125 1767
 1125 1151
 1125 2337
 1126 2337
 1126 1153
 1127 1154
 1127 2545
 1127 1128
 1127 2485
 1127 2492
 1128 2485
 1128 2423
 1128 2463
 1128 1154
 1129 2459
 1129 2473
 1130 1617
 1130 1157
 1130 2454
 1131 1617
 1131 2453
 1131 1618
 1132 1159
 1132 2457
 1132 1160
 1133 2372
 1133 2457
 1134 1135
 1134 1163
 1134 2438
 1134 2464
 1134 2437
 1135 1164
 1135 2464
 1135 2430
 1135 2550
 1136 1137
 1136 2362
 1136 1165
 1137 2362
 1137 1809
 1137 1765
 1138 2241
 1138 2315
 1138 1167
 1138 1765
 1139 1168
 1139 2315
 1139 2065
 1139 1169
 1140 1170
 1140 2048
 1140 1951
 1140 2065
 1141 1171
 1141 1172
 1141 1887
 1141 1142
 1142 1686
 1142 1143
 1142 1683
 1142 1172
 1143 1685
 1143 1683
 1144 1684
 1144 1175
 1145 1763
 1145 1175
 1147 1178
 1148 1180
 1149 2202
 1149 1180
 1150 1181
 1150 1182
 1150 1620
 1150 2338
 1151 1184
 1152 2255
 1152 2270
 1153 2270
 1153 1789
 1153 2477
 1153 1186
 1154 1810
 1154 2545
 1154 1187
 1154 2423
 1155 2423
 1155 2352
 1155 2473
 1156 2352
 1156 1190
 1157 2452
 1157 1158
 1157 1190
 1158 2454
 1158 1191
 1158 2389
 1159 2453
 1159 2400
 1159 1618
 1159 1191
 1160 1192
 1160 2400
 1161 1192
 1161 1193
 1162 2372
 1162 1194
 1162 1163
 1162 2437
 1162 1193
 1162 2496
 1163 2472
 1163 2438
 1163 2478
 1164 2478
 1164 1195
 1164 2464
 1164 1196
 1164 2476
 1164 2430
 1165 2397
 1165 1196
 1165 2436
 1166 1619
 1166 1197
 1166 1765
 1167 1198
 1168 1199
 1169 1200
 1169 2065
 1169 1170
 1169 2140
 1170 2065
 1170 1171
 1170 1201
 1170 1951
 1171 1980
 1171 1951
 1171 1887
 1172 1887
 1172 1204
 1172 1203
 1174 1175
 1175 1237
 1175 1207
 1175 1842
 1176 1177
 1176 1895
 1176 1207
 1176 1894
 1176 1842
 1177 1895
 1177 1894
 1177 1178
 1177 1994
 1178 1208
 1178 1994
 1178 2070
 1178 1990
 1179 1209
 1179 1180
 1179 2203
 1179 2070
 1181 2253
 1181 1210
 1181 1620
 1181 2202
 1182 1620
 1182 1183
 1182 1212
 1182 1211
 1182 2338
 1183 1214
 1183 1184
 1183 2351
 1183 2338
 1184 2351
 1184 2255
 1184 1214
 1185 2254
 1185 1186
 1185 2261
 1185 2270
 1186 1789
 1186 2270
 1187 1810
 1187 1217
 1187 1188
 1187 1768
 1188 2360
 1188 2423
 1188 1217
 1188 2352
 1189 1219
 1189 1190
 1189 2352
 1190 2389
 1190 1219
 1190 2459
 1191 1221
 1191 2373
 1191 2400
 1191 2453
 1192 1222
 1192 1223
 1193 1769
 1193 1194
 1193 1790
 1193 2322
 1193 2372
 1194 2343
 1194 1769
 1195 2472
 1195 2476
 1195 1196
 1195 2343
 1196 1227
 1196 2397
 1197 1228
 1197 2397
 1197 2361
 1198 2241
 1198 1619
 1198 1199
 1199 2323
 1199 1811
 1199 2282
 1199 1229
 1200 1230
 1201 1980
 1202 1887
 1203 1234
 1203 1204
 1203 1888
 1203 1887
 1204 1725
 1204 1205
 1204 1686
 1205 1725
 1206 1237
 1207 1842
 1207 1238
 1208 1240
 1208 1209
 1208 2070
 1209 1241
 1209 2100
 1209 2070
 1209 2203
 1210 2202
 1210 1242
 1210 1620
 1210 2291
 1210 2203
 1211 2310
 1211 1212
 1211 1620
 1212 2204
 1212 2310
 1213 2204
 1213 1244
 1213 1214
 1214 1813
 1214 1772
 1214 1246
 1214 2255
 1215 1246
 1215 1216
 1216 2261
 1216 1278
 1216 1248
 1217 1249
 1217 2281
 1217 2360
 1218 2506
 1218 2352
 1218 2285
 1219 2324
 1219 1251
 1219 2330
 1220 1252
 1220 2389
 1220 1221
 1220 2330
 1221 2389
 1221 1222
 1221 1253
 1221 2373
 1222 1223
 1222 2417
 1222 2373
 1222 1253
 1223 1254
 1223 2419
 1223 2322
 1224 1255
 1224 2322
 1224 2331
 1225 2354
 1225 2343
 1225 1769
 1226 2343
 1226 1227
 1226 1258
 1226 1257
 1227 2397
 1227 1258
 1227 1812
 1228 1259
 1228 2282
 1228 1812
 1228 1619
 1229 1260
 1229 1261
 1229 2282
 1230 1231
 1230 1811
 1230 2116
 1231 2116
 1231 1263
 1231 1981
 1231 2019
 1232 1981
 1232 1265
 1232 1264
 1232 1881
 1232 1888
 1232 1263
 1233 1771
 1234 1771
 1234 1235
 1234 1266
 1236 1237
 1236 1726
 1237 1687
 1237 1238
 1238 1896
 1238 1773
 1238 1239
 1238 1687
 1239 1773
 1239 1895
 1240 2066
 1240 1271
 1241 2203
 1241 1273
 1241 1272
 1242 2291
 1242 1243
 1242 1273
 1243 1274
 1243 1273
 1244 1275
 1244 1245
 1244 2204
 1245 1813
 1246 2255
 1246 1277
 1247 1278
 1247 1277
 1248 2246
 1248 1280
 1248 1249
 1248 1279
 1249 2360
 1249 2281
 1249 1280
 1250 1622
 1251 2285
 1251 1282
 1251 2324
 1251 1622
 1252 2324
 1252 1253
 1252 1623
 1253 1623
 1253 2263
 1254 2283
 1254 2331
 1255 2234
 1255 1285
 1255 1790
 1255 1770
 1256 1791
 1256 1285
 1257 2353
 1257 1775
 1257 1287
 1257 1258
 1257 2344
 1258 1288
 1258 1812
 1258 2353
 1259 2273
 1259 2554
 1259 1290
 1259 1812
 1259 2282
 1260 2282
 1260 1290
 1261 1291
 1261 1811
 1262 1292
 1263 1293
 1263 1981
 1264 1294
 1265 1771
 1265 1294
 1266 1688
 1266 1267
 1266 1771
 1267 1688
 1269 1298
 1269 1299
 1270 2073
 1270 1300
 1270 1271
 1270 1773
 1271 2066
 1271 2073
 1271 1994
 1272 1301
 1272 1333
 1272 1273
 1272 1302
 1272 2100
 1273 2185
 1273 1303
 1273 1302
 1274 2185
 1274 1304
 1274 1275
 1274 1305
 1274 2310
 1274 2204
 1275 1305
 1275 1276
 1276 1814
 1277 1307
 1277 2155
 1277 1772
 1278 2155
 1278 1309
 1279 1280
 1279 1310
 1279 1309
 1280 2171
 1280 1310
 1280 1281
 1280 2506
 1281 1311
 1281 2506
 1282 1623
 1282 1622
 1282 1313
 1282 2191
 1283 1314
 1283 2178
 1283 2283
 1284 1316
 1284 1315
 1285 2234
 1285 1770
 1285 2190
 1286 2190
 1286 1791
 1287 1319
 1287 1775
 1287 1288
 1287 1318
 1288 2353
 1288 2341
 1288 1319
 1289 2273
 1289 1829
 1289 1319
 1290 2273
 1290 1322
 1290 2224
 1290 1321
 1291 2224
 1291 2112
 1291 1323
 1291 1324
 1292 2113
 1292 2060
 1292 1325
 1292 1324
 1292 2019
 1293 2019
 1293 1776
 1294 1326
 1294 1776
 1294 1771
 1295 1840
 1295 1771
 1295 1327
 1297 1689
 1297 1298
 1298 1690
 1298 1687
 1298 1330
 1298 1329
 1298 1299
 1299 1876
 1299 1773
 1300 1773
 1300 1332
 1300 1331
 1301 1777
 1301 1333
 1301 2066
 1302 1303
 1302 1334
 1302 1333
 1303 2164
 1303 1335
 1304 2156
 1304 1305
 1304 1336
 1305 1621
 1305 1337
 1305 1336
 1306 1338
 1306 1307
 1306 1337
 1307 1308
 1307 1814
 1307 1338
 1307 1772
 1307 1621
 1308 2038
 1308 1340
 1309 1341
 1309 2121
 1309 1310
 1310 1341
 1311 1342
 1311 2122
 1311 2171
 1312 2191
 1312 1343
 1312 1313
 1313 1345
 1313 1344
 1313 1314
 1314 2263
 1314 2179
 1314 1345
 1314 1623
 1315 2283
 1315 2178
 1315 2151
 1315 2233
 1316 2190
 1316 1348
 1316 2186
 1316 1347
 1316 2234
 1317 2248
 1317 2256
 1317 2186
 1318 2311
 1318 2256
 1318 1351
 1318 1350
 1318 1774
 1318 1775
 1319 1829
 1319 1352
 1320 2207
 1320 2273
 1320 1321
 1320 2247
 1321 1322
 1321 1354
 1321 2273
 1322 1354
 1322 1323
 1322 2224
 1323 1355
 1323 1324
 1323 1354
 1324 2061
 1324 1355
 1324 2060
 1325 1384
 1325 1356
 1325 1776
 1326 1940
 1326 1776
 1326 1840
 1326 1356
 1327 1328
 1327 1688
 1328 1688
 1329 1690
 1330 1359
 1330 1691
 1331 1361
 1331 1624
 1331 1332
 1332 2066
 1332 1362
 1332 2073
 1333 1777
 1333 1362
 1333 1334
 1334 1363
 1334 1335
 1335 2205
 1335 1363
 1335 1778
 1336 1365
 1336 1366
 1336 1778
 1336 1337
 1337 1395
 1337 2056
 1337 1366
 1338 2020
 1338 2056
 1338 2038
 1339 2004
 1339 2013
 1339 2038
 1340 2089
 1340 2013
 1340 2121
 1340 1369
 1341 2121
 1341 1370
 1341 2171
 1342 2071
 1342 1370
 1343 2053
 1343 2122
 1343 1372
 1343 1344
 1344 2123
 1344 1372
 1345 2179
 1345 1374
 1345 2134
 1346 2076
 1346 2178
 1346 2179
 1346 2134
 1347 2088
 1347 1376
 1347 1348
 1347 2151
 1348 1349
 1348 2186
 1349 1377
 1350 1351
 1350 1378
 1350 1377
 1350 2256
 1351 2326
 1351 2317
 1352 2165
 1352 1379
 1352 2207
 1352 1829
 1352 2311
 1353 1380
 1353 1381
 1353 1354
 1354 1381
 1355 2114
 1355 2061
 1355 1383
 1356 1987
 1356 1384
 1356 1776
 1357 1840
 1358 1691
 1359 1691
 1359 1360
 1359 1389
 1360 1847
 1360 1361
 1360 1876
 1360 1389
 1361 1958
 1361 1876
 1362 1958
 1362 1624
 1362 1392
 1362 1391
 1362 2039
 1362 1777
 1363 1991
 1363 2205
 1364 1365
 1364 2225
 1365 2226
 1365 1992
 1365 1366
 1366 1395
 1367 2020
 1367 1395
 1368 2024
 1368 1397
 1368 2004
 1369 1397
 1370 2089
 1370 1399
 1370 2072
 1370 1398
 1370 2171
 1371 1779
 1371 2053
 1371 2028
 1372 1779
 1372 2053
 1372 1373
 1372 2049
 1372 2123
 1373 2181
 1374 2123
 1374 2134
 1374 2103
 1374 2181
 1374 1402
 1375 2077
 1375 2082
 1375 1403
 1376 2077
 1376 2042
 1376 2082
 1376 1377
 1377 1406
 1377 1378
 1377 1407
 1377 2248
 1378 2165
 1378 1408
 1378 2490
 1379 2165
 1379 1409
 1379 2207
 1379 1380
 1380 2207
 1380 2104
 1380 1409
 1381 1410
 1381 1781
 1381 2114
 1382 1383
 1382 1781
 1383 2061
 1383 1412
 1383 2054
 1383 1384
 1384 2061
 1384 1414
 1384 1413
 1385 1902
 1385 1827
 1385 1386
 1385 1840
 1386 1387
 1386 1693
 1386 1415
 1386 1840
 1387 1693
 1388 1691
 1388 1692
 1389 1847
 1389 1418
 1389 1692
 1389 1691
 1390 1419
 1390 1847
 1391 1392
 1391 1420
 1391 1958
 1392 1991
 1393 1421
 1393 2225
 1393 1422
 1393 1991
 1393 2205
 1394 1423
 1394 1992
 1395 1992
 1395 1967
 1395 1424
 1395 1425
 1396 2023
 1396 1968
 1396 1911
 1396 1425
 1397 2013
 1397 1911
 1397 1427
 1397 1912
 1397 2516
 1398 1427
 1398 1428
 1398 1975
 1398 1399
 1398 2089
 1399 1428
 1399 1429
 1400 1430
 1400 1779
 1401 2181
 1401 1815
 1401 1779
 1401 1783
 1402 1433
 1402 1403
 1402 2103
 1403 1404
 1403 1433
 1403 2076
 1403 2103
 1404 1435
 1404 1996
 1404 1434
 1405 1996
 1405 2005
 1405 1406
 1405 1436
 1406 1407
 1406 1780
 1406 2005
 1407 1780
 1407 1408
 1408 2090
 1408 1437
 1409 2118
 1409 2090
 1409 1625
 1410 1781
 1410 2117
 1410 1440
 1411 2058
 1411 1781
 1412 2054
 1412 1413
 1412 1442
 1413 1414
 1413 1442
 1414 1913
 1414 1940
 1414 1443
 1414 1987
 1415 1444
 1415 1445
 1418 1448
 1419 1451
 1419 1420
 1419 1958
 1419 1450
 1420 1961
 1420 1451
 1420 1958
 1421 1484
 1421 1453
 1421 1422
 1421 1454
 1421 1923
 1421 1961
 1422 2225
 1422 1454
 1422 1934
 1423 1903
 1423 1934
 1423 1424
 1424 1425
 1424 1897
 1425 1897
 1425 1877
 1425 1456
 1425 1967
 1426 1912
 1426 1877
 1427 2516
 1427 1459
 1427 1975
 1428 1975
 1428 1782
 1428 1429
 1429 1430
 1429 1782
 1429 1460
 1430 2028
 1430 1431
 1430 1460
 1430 1461
 1431 1815
 1432 1919
 1432 1463
 1432 1433
 1432 2181
 1432 1783
 1433 2181
 1433 1434
 1434 1919
 1434 1464
 1434 1918
 1435 1920
 1435 1918
 1436 2005
 1436 1920
 1436 1467
 1437 1468
 1437 1469
 1437 2043
 1437 1780
 1438 1469
 1438 1439
 1438 1625
 1439 1935
 1439 1440
 1439 1471
 1440 1441
 1440 1471
 1440 1781
 1440 2117
 1441 1952
 1442 1941
 1442 1443
 1442 2058
 1442 1473
 1442 2054
 1443 1904
 1443 1474
 1444 1827
 1444 1786
 1444 1913
 1444 1475
 1445 1693
 1445 1446
 1445 1476
 1446 1476
 1446 1695
 1447 1696
 1447 1694
 1447 1448
 1448 1479
 1448 1694
 1448 1697
 1448 1449
 1449 1480
 1449 1450
 1449 1479
 1449 1847
 1450 1481
 1450 1451
 1450 1847
 1451 1923
 1451 1481
 1452 1483
 1452 1848
 1453 1484
 1453 1483
 1454 2157
 1454 1485
 1454 1484
 1455 1487
 1455 1903
 1456 1487
 1456 1488
 1456 1897
 1457 1912
 1457 1490
 1458 1491
 1458 1490
 1459 1912
 1459 1782
 1459 1491
 1460 1493
 1460 1461
 1460 1782
 1461 1495
 1461 1494
 1462 1816
 1463 1919
 1463 1784
 1463 1878
 1463 1496
 1464 1498
 1464 1465
 1464 1878
 1464 1919
 1465 1466
 1465 1918
 1466 1843
 1467 2005
 1467 1501
 1467 1500
 1468 1818
 1468 1626
 1468 1469
 1468 1785
 1469 2043
 1469 1626
 1469 1935
 1470 1503
 1470 1504
 1470 1471
 1470 1935
 1471 1627
 1471 1504
 1472 1627
 1472 1506
 1473 1941
 1473 1952
 1473 1955
 1473 1506
 1473 2058
 1474 1507
 1474 1941
 1474 1904
 1474 1537
 1475 1904
 1475 1508
 1475 1786
 1475 1841
 1475 1913
 1476 1510
 1476 1477
 1476 1786
 1479 1707
 1479 1698
 1479 1480
 1479 1513
 1480 1514
 1480 1481
 1481 1515
 1481 1514
 1481 1848
 1482 1516
 1482 1515
 1483 1833
 1483 1516
 1483 1484
 1484 1485
 1485 1833
 1485 1486
 1485 2157
 1486 1518
 1486 1517
 1487 1897
 1487 1849
 1487 1710
 1487 1488
 1487 1518
 1488 1520
 1488 1710
 1488 1877
 1489 1490
 1489 1520
 1489 1877
 1490 1521
 1491 1701
 1491 1522
 1491 1912
 1492 1855
 1492 1522
 1492 1523
 1492 1782
 1493 1782
 1493 1524
 1493 1494
 1493 1855
 1494 1495
 1495 1898
 1495 1524
 1496 1526
 1496 1497
 1496 1898
 1496 1784
 1497 1528
 1497 1498
 1498 1878
 1498 1528
 1498 1843
 1499 1529
 1499 1920
 1499 1528
 1500 1501
 1500 1529
 1500 1920
 1501 1787
 1501 1818
 1501 2005
 1502 1854
 1503 1626
 1503 1854
 1503 1839
 1504 1844
 1504 1839
 1504 1534
 1504 1627
 1505 1535
 1505 1506
 1505 1844
 1506 1955
 1506 1507
 1506 1952
 1507 1537
 1507 1535
 1508 1537
 1508 1538
 1509 1539
 1509 1538
 1509 1786
 1510 1786
 1510 1540
 1510 1511
 1510 1539
 1512 1707
 1513 1542
 1513 1544
 1513 1543
 1513 1698
 1514 1545
 1514 1698
 1514 1942
 1515 1708
 1515 1942
 1515 1699
 1515 1547
 1515 1848
 1516 1549
 1516 1699
 1516 1833
 1517 1709
 1517 1700
 1517 1551
 1517 1833
 1518 1553
 1518 1700
 1518 1519
 1518 1849
 1519 1554
 1520 1557
 1520 1556
 1520 1521
 1520 1710
 1521 1701
 1521 1557
 1522 1559
 1522 1560
 1522 1523
 1522 1701
 1523 1561
 1523 1560
 1524 1563
 1524 1702
 1524 1564
 1524 1525
 1525 1565
 1525 1564
 1526 1715
 1526 1898
 1526 1527
 1526 1566
 1527 1569
 1527 1567
 1527 1528
 1528 1703
 1528 1570
 1528 1569
 1529 1703
 1529 1530
 1529 1572
 1529 1920
 1530 1575
 1530 1574
 1530 1787
 1531 1575
 1531 1577
 1531 1854
 1531 1785
 1532 1533
 1532 1578
 1532 1717
 1532 1839
 1533 1579
 1533 1580
 1533 1534
 1534 1844
 1534 1704
 1534 1581
 1535 1704
 1535 1536
 1535 1583
 1536 1585
 1536 1537
 1536 1584
 1537 1841
 1537 1705
 1537 1586
 1538 1588
 1538 1719
 1538 1539
 1539 1589
 1539 1706
 1539 1588
 1539 1786
 1540 1706
 1542 1707
 1545 1698
 1545 1708
 1547 1699
 1549 1699
 1549 1709
 1551 1700
 1553 1700
 1554 1710
 1557 1711
 1559 1712
 1561 1713
 1563 1714
 1565 1715
 1570 1716
 1572 1703
 1575 1787
 1577 1854
 1579 1717
 1581 1704
 1583 1704
 1586 1718
 1587 1719
 1588 1719
 1591 1706
 1592 1639
 1593 1850
 1596 1727
 1597 2083
 1597 2062
 1599 2298
 1600 2481
 1600 2300
 1601 2418
 1602 2363
 1602 2214
 1602 2159
 1603 2491
 1608 2276
 1609 2394
 1609 2407
 1609 2304
 1611 1749
 1612 2512
 1612 2514
 1612 2522
 1612 2518
 1613 2059
 1615 2309
 1615 2267
 1617 2454
 1617 2453
 1622 2191
 1623 2263
 1624 1995
 1625 2118
 1625 2043
 1625 2090
 1626 1854
 1627 1844
 1629 1630
 1629 1831
 1631 1639
 1632 1868
 1632 1633
 1633 1868
 1637 1720
 1640 1641
 1644 1645
 1645 1646
 1646 1647
 1647 1648
 1648 1650
 1649 1651
 1650 1893
 1651 1652
 1652 1721
 1653 1654
 1654 1656
 1655 1657
 1656 1658
 1658 1722
 1659 1660
 1660 1662
 1661 1863
 1662 1663
 1663 1664
 1664 1666
 1665 1723
 1667 1668
 1669 1670
 1670 1671
 1674 1835
 1675 1676
 1676 1677
 1678 1679
 1679 1680
 1681 1682
 1682 1684
 1683 1724
 1685 1686
 1686 1725
 1687 1726
 1687 1689
 1688 1771
 1691 1692
 1692 1694
 1693 1695
 1696 1697
 1697 1707
 1701 1711
 1701 1712
 1702 1855
 1702 1714
 1702 1713
 1703 1716
 1705 1718
 1713 1855
 1715 1898
 1727 2557
 1727 1905
 1728 1856
 1729 1793
 1731 1794
 1734 2143
 1736 1796
 1736 2375
 1737 2237
 1737 2312
 1737 2303
 1738 1788
 1738 1739
 1738 2300
 1739 1788
 1740 1797
 1740 2303
 1741 2339
 1742 1798
 1742 1862
 1743 2180
 1743 2269
 1744 1799
 1745 1800
 1745 1989
 1746 2345
 1746 1801
 1747 2047
 1747 2109
 1749 1752
 1749 1802
 1750 1803
 1752 1802
 1753 2517
 1755 2206
 1755 2242
 1756 2411
 1756 2316
 1756 2408
 1757 2449
 1758 2271
 1758 2329
 1758 2380
 1760 2525
 1761 2189
 1761 1808
 1763 1894
 1764 2437
 1764 2503
 1765 1766
 1766 1809
 1766 2359
 1767 2270
 1768 2249
 1768 2246
 1768 1810
 1769 1770
 1769 1790
 1770 1790
 1772 1813
 1772 1814
 1773 1876
 1774 1791
 1775 2354
 1775 1791
 1777 2066
 1779 2053
 1780 2005
 1781 2114
 1783 1784
 1783 1816
 1783 1815
 1784 1816
 1785 1787
 1785 1818
 1788 1817
 1789 2249
 1789 2477
 1791 2256
 1791 2354
 1793 2160
 1795 2325
 1795 2230
 1796 2375
 1797 2303
 1797 2312
 1798 1862
 1800 1989
 1806 2533
 1808 2201
 1808 2098
 1809 2359
 1810 2477
 1810 2545
 1811 2112
 1811 2116
 1811 2140
 1812 2341
 1812 2554
 1813 1814
 1815 1816
 1816 1898
 1818 1962
 1818 2005
 1819 1820
 1822 1969
 1823 1866
 1823 1824
 1825 2297
 1826 1852
 1826 1901
 1828 2037
 1828 2032
 1829 2247
 1837 1889
 1838 1846
 1840 1940
 1845 1846
 1848 1923
 1849 2157
 1851 1857
 1851 1914
 1852 1899
 1853 1861
 1856 1859
 1858 1860
 1860 1982
 1864 1865
 1869 1880
 1870 1893
 1871 1949
 1874 1885
 1875 1929
 1876 1879
 1877 1968
 1880 1982
 1881 1888
 1883 1917
 1883 1889
 1892 1956
 1895 1896
 1895 1994
 1899 1900
 1899 1946
 1902 1940
 1902 1913
 1903 2157
 1904 1913
 1910 1951
 1914 1969
 1915 2034
 1916 1917
 1918 1921
 1920 1921
 1922 1925
 1928 1964
 1930 1938
 1930 1937
 1931 1932
 1932 1943
 1932 1937
 1934 2225
 1937 1943
 1937 1938
 1938 1944
 1938 1950
 1939 1976
 1941 1955
 1943 1944
 1947 1948
 1948 1949
 1948 1983
 1953 2011
 1956 2057
 1958 1995
 1960 2027
 1961 1991
 1966 1971
 1967 2023
 1972 1973
 1974 1976
 1977 2050
 1978 1988
 1980 1981
 1983 2159
 1984 1989
 1989 2022
 1991 2039
 1991 2205
 1996 2042
 1996 2082
 1997 1998
 2000 2008
 2002 2192
 2004 2020
 2004 2023
 2006 2007
 2008 2010
 2009 2014
 2017 2557
 2017 2029
 2019 2116
 2020 2056
 2020 2023
 2021 2094
 2023 2024
 2027 2064
 2028 2072
 2029 2557
 2031 2032
 2033 2223
 2033 2192
 2035 2062
 2040 2075
 2041 2050
 2045 2046
 2048 2052
 2054 2058
 2060 2061
 2066 2101
 2067 2192
 2067 2200
 2067 2111
 2068 2099
 2069 2070
 2071 2072
 2071 2122
 2071 2128
 2072 2129
 2074 2075
 2074 2480
 2075 2132
 2076 2077
 2076 2088
 2078 2080
 2079 2124
 2083 2130
 2084 2193
 2084 2085
 2085 2086
 2086 2148
 2089 2516
 2089 2121
 2090 2165
 2091 2106
 2092 2131
 2092 2107
 2095 2152
 2100 2101
 2102 2155
 2102 2121
 2103 2134
 2108 2368
 2108 2250
 2111 2200
 2112 2116
 2112 2113
 2115 2158
 2115 2144
 2117 2118
 2120 2217
 2120 2168
 2122 2191
 2125 2166
 2125 2160
 2128 2129
 2130 2172
 2134 2179
 2137 2238
 2137 2242
 2138 2139
 2141 2142
 2144 2220
 2146 2182
 2146 2174
 2147 2158
 2153 2218
 2153 2170
 2154 2176
 2156 2164
 2159 2214
 2162 2163
 2163 2219
 2164 2185
 2165 2490
 2167 2169
 2168 2172
 2169 2481
 2177 2199
 2183 2193
 2184 2211
 2184 2216
 2186 2190
 2188 2231
 2190 2234
 2192 2223
 2197 2198
 2199 2206
 2200 2212
 2202 2203
 2204 2310
 2210 2240
 2210 2274
 2213 2258
 2214 2218
 2215 2216
 2221 2268
 2222 2239
 2225 2226
 2227 2228
 2228 2305
 2230 2327
 2230 2262
 2230 2274
 2231 2232
 2232 2245
 2233 2234
 2234 2331
 2235 2236
 2236 2237
 2238 2242
 2239 2321
 2240 2333
 2241 2323
 2246 2281
 2246 2249
 2249 2261
 2251 2410
 2252 2253
 2254 2255
 2257 2268
 2257 2293
 2262 2301
 2263 2283
 2263 2417
 2264 2265
 2269 2467
 2271 2272
 2273 2554
 2276 2295
 2278 2304
 2280 2290
 2283 2417
 2287 2288
 2290 2308
 2291 2310
 2293 2294
 2295 2374
 2302 2318
 2304 2328
 2309 2371
 2309 2351
 2311 2490
 2313 2450
 2314 2450
 2316 2411
 2317 2490
 2319 2320
 2325 2327
 2328 2345
 2329 2380
 2329 2370
 2331 2332
 2334 2335
 2335 2336
 2337 2367
 2338 2351
 2339 2340
 2341 2554
 2342 2346
 2343 2344
 2343 2472
 2347 2555
 2349 2479
 2349 2402
 2350 2388
 2356 2357
 2356 2374
 2360 2506
 2361 2362
 2363 2368
 2364 2365
 2365 2366
 2370 2475
 2373 2400
 2376 2424
 2378 2398
 2378 2379
 2380 2381
 2382 2385
 2384 2537
 2385 2386
 2387 2427
 2391 2413
 2391 2555
 2392 2401
 2394 2500
 2394 2407
 2395 2500
 2396 2492
 2396 2477
 2398 2401
 2401 2458
 2402 2404
 2403 2431
 2403 2415
 2406 2468
 2412 2418
 2413 2555
 2414 2523
 2414 2444
 2415 2482
 2417 2419
 2421 2507
 2423 2473
 2425 2558
 2426 2427
 2428 2483
 2428 2429
 2430 2436
 2433 2434
 2434 2435
 2437 2438
 2439 2493
 2439 2440
 2440 2441
 2444 2523
 2447 2448
 2447 2455
 2449 2514
 2453 2454
 2455 2460
 2456 2489
 2456 2483
 2463 2471
 2463 2473
 2464 2478
 2470 2515
 2471 2564
 2471 2529
 2474 2479
 2476 2478
 2477 2545
 2485 2515
 2486 2493
 2492 2515
 2494 2512
 2494 2522
 2494 2561
 2495 2546
 2498 2499
 2499 2511
 2500 2521
 2501 2542
 2502 2505
 2508 2509
 2508 2520
 2513 2517
 2513 2543
 2515 2564
 2517 2543
 2518 2533
 2522 2523
 2524 2542
 2524 2549
 2527 2540
 2527 2535
 2531 2532
 2535 2536
 2543 2552
 2549 2552
 2553 2560
 2562 2563
