    2   53
    4 1659
    4   54
    5   55
    6   55
    8   56
    8 1652
    9   57
    9   56
   10   57
   12 1660
   12   58
   13   59
   14 1744
   14   59
   16 1662
   16   60
   18 1662
   18   61
   19   62
   20 1653
   22 1863
   22   63
   22 1654
   23   64
   23 1863
   25 1655
   25   65
   25   64
   27 1663
   27   66
   28   67
   30 1664
   30 1665
   32 1666
   32 1665
   32   68
   34 1666
   34   69
   35   70
   36   70
   38   71
   39 1667
   39   72
   40   73
   41 1656
   41   73
   43   74
   43 1657
   44   74
   45   75
   45 1658
   46   76
   47   77
   47   76
   48 1859
   48   77
   49 1858
   49   78
   50   78
   51   78
   52   53
   53  112
   53   80
   53   54
   54   82
   54   81
   54 1659
   55 1895
   55 1871
   55   83
   55 1659
   55   84
   55 1652
   56   57
   56   86
   56 1871
   57   58
   58 1660
   58   86
   58   87
   59 1660
   59  117
   59   89
   59 1661
   59   88
   60   90
   60   89
   60 1661
   60 1662
   61   91
   61   62
   61   92
   61 1662
   62 1870
   62 1653
   62   92
   63 1870
   64 1863
   64   65
   64   94
   65 1663
   65  124
   65   95
   66   95
   66 1614
   66   96
   66   67
   66 1663
   67 1664
   68   98
   68   99
   68 1665
   69   70
   69   99
   69 1666
   70 1929
   70   71
   70  100
   71   72
   71 1929
   72  103
   72  102
   72 1667
   73  103
   73 1667
   73  104
   74 1873
   74 1658
   75  106
   75   76
   75  107
   75 1873
   76   77
   77 1930
   77  107
   78 1858
   78   79
   78  109
   80  112
   81  113
   81   82
   81  112
   82 1898
   82   83
   84 1752
   84  114
   84   85
   84 1895
   85 1871
   85   86
   86   87
   86  114
   87  116
   87 1889
   87 1660
   89 1953
   89 1861
   89 1890
   89  117
   90 1890
   90   91
   91  120
   91   92
   91  119
   92  121
   92 2086
   92  120
   93 1862
   93 1870
   94 1862
   94 1863
   95  125
   95 1614
   95  124
   96 1931
   96   97
   96 1664
   97 1963
   97   98
   97  126
   97 1665
   98 1906
   98   99
   98  127
   99  127
   99  100
  100  101
  100  128
  101 1929
  101  129
  101  130
  102  103
  103  132
  103  104
  103  131
  104  133
  104 1907
  105  133
  105 1907
  105 1873
  105 2149
  105  134
  105  106
  106  135
  106  107
  108  136
  108 1897
  108  109
  108 1858
  108 1930
  109 1897
  109  110
  109  137
  109 1858
  111  112
  111 1668
  112  140
  112 1669
  112  113
  113 1898
  113  171
  113  141
  113  140
  114 1965
  114  115
  114 1752
  114  143
  115 1615
  115 1889
  116 1889
  116  117
  116  146
  116 1615
  118  148
  118 1890
  118 1827
  118 1953
  119 1896
  119 1827
  120 2086
  120  149
  121 2086
  121 1870
  121  122
  122  123
  122  151
  122 1862
  123 1862
  123  151
  123  152
  124 1905
  124  154
  124  153
  124  152
  124 1921
  125 1998
  125  154
  125 1921
  125 1931
  126 1963
  126 1931
  126  156
  126  155
  127  128
  127 1963
  127 1985
  127  157
  128 2058
  128  129
  128 1993
  129  159
  129 2058
  129  130
  130 2150
  130  160
  130 2020
  130  159
  131 1929
  131  132
  132 1944
  132  161
  133 2149
  133 1944
  133 1751
  134 1975
  134  135
  135 1930
  136 1930
  136 1899
  136  166
  136 1617
  137  167
  140  170
  140 1670
  140  171
  141 1947
  141  172
  141  142
  141  171
  142 1898
  143 2007
  143 1752
  144 1965
  144 1615
  144  175
  144 2007
  145  146
  145 1615
  146 2011
  146 2005
  146 1616
  147  177
  147 1953
  147  148
  147 1861
  147 2005
  148 1827
  148  178
  148  177
  149 2086
  149  179
  149  150
  149 1753
  149  178
  150 2012
  150  180
  150  179
  150 2086
  151  181
  151 1967
  151 1619
  151  182
  151 2104
  151  152
  151 2006
  152  153
  153  182
  153  183
  155 1998
  155  156
  156 2151
  156  186
  156  185
  156  157
  157 1828
  157 1963
  158 1993
  158  187
  159 2133
  159 2150
  159  188
  160  190
  160  161
  160 1929
  161  162
  162 2035
  162 1751
  162  191
  163 2071
  163 2149
  163 2059
  163  192
  163 1618
  163 1751
  164 2149
  164 1755
  164 1975
  164  194
  165 1755
  165 1975
  165  195
  165  196
  165 1617
  165 1930
  166 1899
  166 1617
  166  196
  167  198
  167 1897
  167  168
  169 1669
  170 1864
  170  201
  171 1945
  171 1864
  172 2039
  172  202
  172  203
  172  173
  172 1947
  172 1752
  173 2007
  173 1752
  173  204
  173  203
  174 2007
  174 1760
  174  205
  174  175
  174  204
  175 1616
  175 2067
  175  205
  175 1615
  176 2067
  176 1756
  176 2005
  176  206
  176 1616
  177  207
  177 1829
  177  178
  178  210
  178  179
  178  208
  178 1753
  179  211
  179  210
  180 2006
  180  181
  181 1619
  181  211
  182  213
  182  183
  183 1998
  184 1998
  184 2093
  184  216
  184  215
  185 2099
  185 2093
  186 1828
  186 2206
  186  218
  186 2151
  187  188
  187  220
  187  219
  188 2058
  189 2133
  189  251
  189  222
  189 2030
  189 2150
  190  191
  190 2020
  191 2097
  191 2035
  191  223
  191 2030
  191 2072
  192 2035
  193  226
  193 2071
  193  225
  193  194
  193 2059
  194 1757
  194 1755
  194 1758
  194  226
  195  227
  195 1758
  195 1755
  195  259
  196 2024
  196  259
  196  228
  196 1617
  197 1908
  197  229
  197 1899
  198 1899
  198  229
  198  199
  200 1671
  200 1670
  201  232
  201 1670
  201 1672
  202 1947
  202  233
  203 2135
  203  234
  203  235
  203  204
  203 2039
  205  236
  205 1759
  205 1760
  206 2187
  206  238
  206  237
  206 2067
  207 1756
  207  208
  207  238
  208  239
  208  209
  209  210
  209  240
  209  239
  210 2120
  210  240
  212 1619
  212  242
  212  243
  212 2125
  213  244
  213 2077
  213  214
  214  215
  215 1620
  215  245
  215  216
  215 1998
  216 2186
  216  246
  216  245
  217 2185
  217 2151
  217 2093
  218 2213
  218  247
  218  248
  218 2151
  219  220
  219 2206
  220 2220
  220  250
  220  249
  220  221
  220 2133
  221 2133
  221  251
  221  250
  222  252
  222 2072
  223  254
  223 2097
  223  255
  223  224
  224 2121
  224 2071
  224  255
  224 2035
  225 2179
  225  256
  225  226
  225 2168
  226 2179
  226 1757
  227 1758
  227  257
  227  259
  227 1757
  228 1908
  228  260
  228  259
  229 1908
  229  230
  229  261
  230  261
  232 1674
  232 1864
  232  265
  232  264
  232 1945
  233 2040
  233  265
  233 2078
  233  266
  234  267
  234 2078
  235  268
  235  269
  235 1760
  235 2135
  236 1760
  236  270
  236 2187
  236  269
  237  270
  237  305
  237  271
  237  238
  238 2180
  239 2180
  239 1830
  239  274
  239  273
  239  240
  239  272
  240  274
  240  275
  241 1619
  241 2120
  242  277
  242 2174
  242  243
  243  277
  243  278
  243  244
  243 2104
  244 2077
  244 2163
  244 1620
  245  280
  245  246
  245 2163
  246 2175
  246  280
  246  281
  246 2185
  247 2151
  247  248
  247 2175
  248  315
  248  283
  248  282
  249 2169
  249  284
  250 2207
  250  285
  250 2220
  251  252
  251 2230
  251 2207
  252 2230
  252  253
  252  286
  253 2097
  254 2097
  254  288
  254  255
  254  287
  255  288
  255 2168
  256  290
  256 2168
  256 2188
  256 2179
  257  291
  257 1757
  257  292
  257  258
  258  259
  258 2048
  259  260
  260 1908
  260  293
  261  295
  261 1675
  261  262
  262 1673
  263 1672
  264 1932
  264  265
  265  266
  265 1945
  266 1932
  266  301
  266 2078
  267  301
  267 2078
  267  302
  267 2135
  268  302
  268  303
  268  331
  269  304
  269  303
  269  270
  269 1760
  270  305
  270  304
  271  272
  271  305
  271 2180
  272  306
  272  305
  272  273
  274 1830
  274  307
  274 1761
  275 2164
  275 2120
  275  308
  276 2174
  276 2122
  276 2164
  276 2125
  277 2219
  277  309
  277 2174
  277 1622
  277  310
  277  278
  278 2163
  278  310
  278  311
  278  279
  279  280
  279  312
  279  311
  280  342
  280  281
  280  312
  280  313
  281  282
  282 2175
  282  315
  282  314
  283 2213
  283  316
  283  315
  283  284
  284  346
  284 2220
  284  317
  285 2207
  285  318
  285  317
  285 2220
  286  319
  286 2221
  286  287
  288  349
  288  319
  288  289
  289  321
  289  320
  289  290
  290 2188
  290 2168
  290  322
  290  321
  291 2159
  291 2179
  291  323
  292  323
  293 2001
  294  325
  294 1908
  295 1908
  295  325
  297  298
  298 1677
  298  327
  298 1674
  299 1674
  299 1909
  299 1677
  299  328
  300  301
  300 2013
  300  329
  300 1932
  301 2078
  301 2008
  301  330
  301 2082
  302 2135
  302  331
  302 2116
  303 2214
  303  332
  303  304
  304  364
  304  305
  304  332
  305  334
  305  306
  306  336
  306 1830
  306  335
  306  334
  307  337
  307 1761
  307  308
  307  336
  308 2215
  308  338
  308  337
  309  338
  309 2215
  310  372
  310  341
  310 1622
  310  340
  311  341
  312  373
  312  341
  313  314
  313  343
  313  342
  314  344
  314  343
  314  315
  315  376
  315  345
  315  344
  316  346
  317  318
  317 2220
  318 2230
  318 2221
  318  378
  318  347
  318  346
  320  350
  320  321
  320  349
  321  351
  321  350
  322  352
  322 1621
  322  351
  323  353
  323 2048
  323  354
  324  354
  324  355
  324 1986
  324 2001
  324 2049
  325 2001
  325 1891
  325  356
  325  355
  325 1675
  326 1675
  328 1678
  328  359
  329  360
  330 2041
  331 2117
  331  362
  332  363
  332  364
  333  395
  333  365
  333  334
  333  364
  334  367
  334  335
  334  365
  335  397
  336 1830
  336  368
  336  337
  336  397
  336 1761
  337  368
  337  338
  337  369
  338  369
  338  370
  338  339
  339  371
  339  340
  339 1622
  341  373
  341  372
  342 1762
  342 1831
  342  343
  342  373
  343 1762
  343  344
  343  374
  344  375
  344  374
  345  406
  345  346
  345  377
  345  376
  347  379
  347  378
  348 2221
  348  380
  348  349
  348  379
  349  381
  349  380
  349  350
  350  382
  350  351
  351  382
  351  352
  352 1621
  352 2202
  352 2191
  353 2159
  353 2202
  353  354
  353  384
  354 2049
  354  385
  354 2060
  355 1938
  355 2001
  356 1676
  356 1679
  356  357
  356 1891
  356  386
  357 1745
  357 1679
  358 1678
  359 1680
  359  389
  359  390
  359 1909
  360 2041
  360 1987
  360  391
  360 2008
  360 1909
  361 2176
  361  391
  361  392
  361 2117
  361 2041
  362  393
  362 2176
  362 2216
  363  393
  363 2214
  363 1623
  363  394
  363  364
  365  396
  365  395
  367  396
  367  397
  368  398
  368  369
  369  398
  369  399
  370  400
  370  399
  370  371
  371  402
  371  401
  371  372
  371  400
  372  402
  372  373
  373  402
  374  375
  374 1762
  375  405
  375  404
  376  405
  377  436
  377  407
  377  378
  377  406
  378  408
  378  379
  378  407
  379  409
  379  408
  379 2221
  380  409
  380  381
  381  410
  381  382
  382  412
  382  411
  383  413
  383 2137
  383 2105
  383  384
  384 2060
  384 2202
  385  415
  385 1986
  385 1939
  385 2060
  385 2014
  386  416
  388 1678
  388 1680
  389  390
  389 1680
  390 1987
  390 1900
  390  420
  390 1909
  391 2041
  391 2025
  391  392
  392 2176
  392  421
  393 2217
  393 2216
  393 2176
  393  423
  394 2217
  394 1764
  394 1623
  394  424
  395 1623
  395 1764
  395  396
  396  397
  396  426
  396  425
  397 1624
  397  426
  397  398
  398  428
  398  429
  398  399
  399  429
  399  400
  400  461
  400  431
  400  430
  402  431
  402  432
  402  403
  403 1831
  403  464
  403  433
  403 1762
  403  432
  404  465
  404  405
  404  433
  404 1762
  405  466
  405  406
  405  434
  406  436
  406  435
  407  438
  407  408
  407  436
  408  438
  408  409
  409  440
  409  439
  410  441
  410  411
  411  412
  412 1763
  412  442
  412 2191
  413 2196
  413 2191
  413  442
  414  444
  414 2060
  415  446
  416  446
  416 1940
  416 1901
  416 1865
  416 1679
  416  447
  417 1679
  419  450
  419 1680
  420  451
  422  453
  422 2176
  423 2197
  423  453
  424 1821
  424  455
  425  457
  425 1765
  425  426
  425 1764
  426  427
  426  457
  427  459
  427  490
  428 1624
  428  459
  429  491
  429  430
  429  459
  430  461
  430  460
  431  462
  431  463
  431  432
  431  461
  432  463
  433  464
  433 1762
  434  466
  434  465
  435  467
  435  436
  435  466
  436  499
  436  468
  436  467
  438  501
  438  469
  438  439
  438  468
  439  469
  439  470
  439  440
  440  471
  440  441
  440  470
  441  471
  441 1763
  442  472
  442 1763
  443 2137
  443  474
  443 2136
  444 2063
  444 2105
  444 2015
  444 2136
  445  476
  445 2063
  445  446
  445  477
  445 2015
  446 1940
  446 1901
  446  477
  447  448
  447  478
  447 1901
  447 1681
  449 1746
  449 1683
  449  450
  450  481
  450 1682
  450 1683
  450 1892
  451 1988
  451 1900
  451  481
  451  482
  452 2025
  452  483
  452 2205
  452 1989
  453 2205
  453  516
  453  484
  454  485
  454  517
  454  486
  454  455
  454 2217
  455  486
  455 2217
  456 1767
  456  457
  456  488
  456 1765
  457  488
  457  489
  458  490
  459  490
  460  492
  460  461
  460  491
  461  493
  461  492
  462  463
  463  494
  463  495
  464  496
  464  465
  465  497
  465  466
  465  496
  466 1626
  466  498
  466  497
  466  467
  467  498
  468  501
  468  500
  468  499
  469  534
  469  470
  469  501
  470  503
  470  504
  470  471
  471 1766
  471 1763
  471 1832
  471  504
  472 2231
  472  506
  472  473
  472 1763
  473 2196
  473  507
  473  474
  473 2231
  474  507
  474  475
  474 2136
  475  508
  475 2136
  475 2126
  476 2063
  476 2042
  476  509
  476  508
  477 1833
  477  509
  478  510
  478 1768
  478  479
  481 1910
  481 1892
  481 1684
  481  513
  482  514
  482 1910
  482 1989
  483 1989
  483  515
  483 1625
  484  547
  484  516
  484 1625
  484 2205
  485 2197
  485  548
  485  517
  485  516
  486 1854
  486  518
  486  517
  487 1765
  487 1821
  487  519
  487  518
  488  519
  488  552
  488  520
  488 1767
  489  521
  489  490
  489  520
  490  554
  490  521
  490  522
  491  492
  492  493
  492  523
  493  526
  493  525
  493  494
  493  524
  494  526
  494  495
  495  559
  495  528
  495  527
  495  496
  496  529
  496  497
  497  529
  498  562
  498  499
  498  531
  498 1626
  499  532
  499  531
  499  500
  500  533
  500  532
  501  534
  503  566
  503  535
  503  534
  504  535
  504  536
  504  505
  505  537
  505 1766
  506 1832
  506  537
  506  538
  507 2127
  507 2231
  508 2126
  508 2042
  508  539
  508 2063
  509  540
  509 1833
  509 2042
  510  542
  510 1685
  510  543
  510  511
  510 1768
  512 1686
  512 1683
  513  545
  514 2051
  514 1989
  514  546
  515  547
  515 2051
  515 1625
  516  548
  516  547
  517  579
  517  518
  517  549
  518  549
  518  519
  518  550
  519 1767
  519  552
  519  550
  520  553
  520  552
  521  554
  522  583
  522  523
  522  555
  522  554
  524  557
  524  525
  524  556
  525  526
  526  557
  526  558
  527  559
  528  560
  528  529
  528  559
  529  561
  529  560
  529 1626
  531  532
  531  562
  532 1627
  532  533
  532  564
  533  565
  533  534
  533  564
  534  566
  534  565
  535  567
  535 1628
  535  536
  537 1832
  537  596
  537  568
  537  538
  537  567
  537 1766
  538 2231
  538  569
  538  568
  539 2052
  540  571
  541 2076
  541 1833
  543 1685
  545  575
  545 1684
  545 1687
  545 1910
  546 1910
  546 1955
  546  577
  546 2051
  546 1629
  547  578
  547 2152
  547 2051
  548 2152
  548 2138
  548  579
  549 2228
  549  580
  549  550
  550  580
  551  581
  551  552
  551  580
  552  553
  553  582
  553  581
  553  554
  554  582
  555  556
  555  583
  556  557
  556  584
  557  558
  557  585
  557  587
  558  588
  558  559
  559  589
  559  560
  560  590
  560  561
  561  562
  561  590
  562  591
  562  590
  562 1627
  563  622
  563  592
  564  565
  564  592
  565  566
  565  592
  566  594
  566  593
  567 1628
  567  626
  567  596
  567  595
  568  597
  568  596
  569 2192
  569 2127
  569  597
  570 2192
  570  598
  570  599
  570 2052
  570 2128
  571  599
  571 2026
  571  600
  571 1954
  571 2052
  572 1954
  572 2076
  572 1685
  572 1902
  572  600
  574 1686
  575  604
  575  576
  575 1688
  576  604
  576  605
  576 1629
  576 1910
  577  606
  577  607
  578  608
  578 1630
  579  609
  580 1769
  580  581
  581  610
  581  582
  582  611
  583  612
  583  584
  584  614
  584  585
  584  613
  585  615
  585  614
  585  586
  586  616
  586  587
  587  617
  587  616
  587  588
  588  650
  588  618
  588  617
  588  589
  589  590
  590  620
  590  619
  590  621
  590  591
  591  622
  591  621
  591 1627
  592  624
  592  593
  592  622
  593  624
  593  594
  594  624
  594 1628
  595 1631
  595  626
  595  625
  596  628
  596  597
  596  626
  597 2170
  597  628
  598  629
  598 2192
  598 2170
  598  599
  599 2052
  599 2064
  600  631
  600 2026
  600  630
  600 1954
  601 1689
  601 1685
  601  633
  601  602
  601  632
  603 1687
  603 1690
  604 1688
  604 1690
  604  605
  605 1922
  605  636
  605 1956
  606 1956
  606 1955
  606  637
  606  638
  606  607
  607  608
  607  638
  607 1630
  608 2087
  608 1630
  608 2138
  608  639
  609  640
  609 2189
  609 1769
  609  639
  610 1769
  610  672
  610  641
  610  611
  610  640
  611  642
  611  612
  611  641
  612  643
  612  644
  612  642
  612  613
  613  645
  613  644
  613  614
  614  646
  614  615
  615  648
  615  647
  615  646
  615  616
  616  649
  616  648
  617  649
  618  681
  618  651
  618  619
  618  650
  619  620
  619  683
  620  683
  620  653
  620  621
  621  653
  621  622
  622  623
  622  655
  622  654
  623  624
  623  655
  624  625
  624  687
  625  688
  625 1631
  625  657
  625  658
  626  659
  627  660
  627  628
  628 2232
  628  661
  628 2170
  628  660
  629  662
  629 1834
  630 1835
  630  631
  631  632
  631 1902
  632 1884
  632  664
  632  663
  632 1902
  634  667
  635  667
  636 1876
  637 1999
  637  668
  638 1999
  639  670
  639 2088
  639 2138
  640  672
  640  671
  640 1769
  641  673
  641  703
  641  642
  641  672
  642  704
  642  674
  643  644
  643  674
  644  674
  644  675
  645  646
  645  675
  646  678
  646  647
  646  677
  647  678
  648  679
  648  649
  648  678
  649  680
  649  679
  650  681
  650  680
  651  682
  651  683
  651  681
  652  653
  653  685
  653  684
  654  655
  655  685
  656  686
  657  688
  657  687
  659 1631
  659  690
  659  660
  659  689
  661  691
  661 2171
  661 1770
  661 1834
  662  692
  662 1771
  662 2064
  663  693
  664  694
  664  695
  664 1689
  664  665
  664 1884
  665 1747
  666  667
  667 1691
  667 1690
  667  697
  667 1876
  668  698
  668  699
  668 1922
  669  700
  669  699
  669 2043
  669 2088
  669 1999
  670  700
  670 2153
  670 2189
  671  702
  671  701
  671 2189
  672  703
  672  702
  673  704
  673 1772
  673 1836
  673  703
  674  705
  674  675
  675  737
  675  706
  675  705
  676  706
  677  707
  677  678
  677  706
  678  679
  678  707
  679 1869
  679  708
  680  710
  680  681
  680 1869
  681  712
  681  711
  681  710
  682 1633
  682  683
  683  713
  683 1633
  683  684
  684  685
  685  686
  685  713
  686  715
  686  687
  686  716
  686  714
  687  718
  687  717
  687  716
  687  688
  688  689
  688  719
  689  719
  689  690
  689 1631
  690 2208
  690  749
  690  720
  690  719
  690  691
  690 2232
  691 2232
  691 1770
  691 2208
  692 2027
  692 2068
  692 1834
  692  722
  692 1771
  693 1884
  693 1835
  693  724
  694  725
  697  728
  697  758
  697  729
  697 1876
  698 1928
  698  729
  698  699
  698 1876
  699  730
  699 1999
  699 2043
  699  729
  700  731
  700 2043
  700 2153
  700 1773
  701  732
  701  702
  701  733
  701 2153
  702  734
  702  733
  703 1772
  704  735
  704  705
  705  735
  705  737
  706  707
  706  738
  708  709
  708  738
  709  740
  709  739
  710 1869
  710  741
  711 1774
  711  742
  713  743
  713  744
  713  714
  713 1633
  714  715
  714  745
  714  744
  715  746
  715  745
  716  717
  717  718
  718  748
  718 1837
  718  719
  718  747
  719 1634
  719  749
  720  750
  720  749
  721  751
  721 1770
  722 1834
  722  751
  723  724
  723 1771
  724  755
  724 1966
  724 1885
  724  725
  724  754
  725 1877
  725  755
  725  726
  726  755
  727 1693
  727 1692
  727  728
  728 1691
  728 1692
  728  758
  729 1911
  729  759
  729 2016
  730 1979
  730 2016
  730  760
  731 2043
  731 1773
  731  761
  732  733
  732 2204
  732 2153
  732  762
  733 2198
  733  763
  733  734
  734  764
  734  763
  734 1772
  735 1836
  735 1772
  735  736
  735  764
  736  765
  736 1632
  736  766
  736  737
  737  767
  737  738
  737  766
  738  768
  738  767
  738  739
  739  740
  740  741
  740  770
  740  768
  740 1869
  741 1774
  741  770
  741 1869
  742 1839
  742  771
  742  743
  742 1633
  743 1633
  743  744
  743 1839
  744  773
  744  772
  745  775
  745  773
  745  746
  746  776
  746  747
  747  776
  748 1837
  748 1775
  749  779
  749  750
  749 1634
  750 2208
  750 1838
  750  779
  751 1838
  751  781
  751  752
  751 1776
  751  780
  752  782
  752  781
  752  753
  752 2068
  753 2027
  753  783
  753  754
  753  782
  754 1966
  754  783
  755 1966
  755  816
  755  756
  757 1694
  758 1923
  758  787
  760 2019
  760 2043
  761 2092
  762  791
  762 2123
  763  792
  763 2224
  763  764
  764  793
  764  792
  764 1632
  764 1772
  765  795
  765  766
  766  767
  766  797
  767  768
  767  798
  768 1779
  768  799
  768  769
  768  798
  769  832
  769  770
  769  799
  769  800
  770  800
  770  801
  770 1774
  771 1774
  771  803
  771  802
  772 1777
  772  773
  772  804
  772 1839
  773  804
  773  805
  774  806
  774  837
  774  775
  775  807
  775 1635
  775  776
  775  806
  776  807
  776 1837
  777  840
  777  810
  777 1634
  777 1778
  777  809
  777 1775
  778 1634
  778  811
  778  779
  778  810
  779 1838
  779  811
  779 1776
  780  781
  780 1776
  781  814
  781  782
  781  813
  782  814
  782  783
  783 1903
  783  815
  783 1966
  784  816
  784 1903
  787  819
  787 1693
  787 1695
  788  820
  788 1911
  788  821
  788 2019
  788 1979
  788 1923
  789 2092
  789  821
  789  853
  789 2083
  790 2123
  790  822
  790 2089
  790 2083
  791 2198
  791 2177
  791  823
  792  824
  792  793
  792 2225
  792  825
  793  794
  793  826
  793 1632
  794  828
  794  827
  794  826
  794  795
  794 1632
  795  829
  795  796
  795  828
  797  830
  797  798
  797  829
  798 1779
  799  831
  800  833
  800 1860
  800  832
  801  833
  802 1840
  802 1774
  803 1839
  803 1840
  804  805
  804  835
  804 1777
  805  868
  805  836
  805  837
  807 1635
  807  870
  807  839
  807  838
  808 1778
  809  840
  809  839
  809 1778
  810  842
  810  811
  810  840
  810 1634
  811  842
  812  813
  812  843
  812 1776
  812  842
  813 2053
  813 2106
  813  844
  814 2053
  814  846
  814  815
  815 1904
  815  846
  816  817
  816 1696
  816  847
  818 1695
  819  820
  819  851
  819  850
  820 1923
  820 1912
  820  851
  820  852
  820  821
  821  853
  821 2019
  821 2028
  821 1996
  822 2129
  822 2083
  822  854
  822  853
  822 2177
  823  854
  823 1781
  823 2225
  824  857
  825  857
  826  827
  826  857
  827 1782
  827  858
  828 1782
  828  860
  828  829
  829  860
  829  830
  830  861
  830  860
  830 1779
  831 1779
  831  832
  831  862
  833 1860
  833 1780
  833 1840
  834  865
  834 1839
  834  866
  834 1777
  834  835
  835  867
  835  866
  835 1777
  836  899
  836  898
  836  867
  837  869
  837 1635
  837  868
  838  900
  838  870
  838  869
  839  871
  839  840
  839  872
  839  870
  841  872
  841  842
  842  906
  842  874
  842  873
  843  874
  844 2069
  844  876
  844 2057
  845  876
  845 1995
  846 1964
  846 1995
  846 1904
  847  878
  847 1697
  847  879
  847  848
  847 1903
  848 1696
  849 1698
  849  850
  850 1698
  850 1695
  851 1912
  851 1698
  851  881
  852  882
  853 2073
  854 2181
  854 2177
  854  855
  854 2129
  855 2181
  855  885
  855 1781
  856 2225
  856  886
  856  887
  856  857
  857  858
  858  887
  859  860
  859  890
  859  889
  859 1782
  860  892
  860  890
  860  861
  861  894
  861  862
  861  892
  861 1779
  862  895
  862  894
  862 1779
  863  864
  863 1860
  864  896
  864  895
  864 1780
  864 1860
  865 1840
  865 1780
  865  866
  866  898
  866  897
  867  898
  868 1841
  868  869
  868  899
  869 1841
  869 1783
  869 1635
  870  901
  870  900
  871  903
  871  872
  871  901
  872  905
  872  903
  872  904
  872  873
  873  906
  873  905
  874 2182
  874  875
  874  906
  875  907
  875 2069
  875 2182
  876 2069
  876 1964
  876 2002
  877  878
  877  909
  877 1904
  877 1961
  878 1904
  878 1697
  878  910
  879 1697
  881  915
  881 1874
  882 1968
  882  916
  882  883
  882 2021
  882  915
  882 1996
  883 2073
  883 2028
  884 2129
  884  917
  884 2074
  885  918
  885 2193
  885  919
  885 1781
  886 1781
  886  887
  886  919
  887  888
  888 1782
  888  923
  888  921
  889  954
  889  924
  889  890
  889 1782
  891  955
  891  924
  891  925
  891  892
  893  957
  893  894
  893  925
  894  927
  894  895
  895  928
  895  927
  895  896
  896  960
  896  930
  896  897
  896 1780
  896  928
  897  898
  897  931
  897 1780
  898  932
  898  899
  899  933
  899  932
  900  901
  900 1784
  900 1783
  902  936
  902  935
  904  937
  904  905
  905  938
  905  939
  905  937
  906 2183
  906  939
  907  941
  907 2069
  907  940
  908 2069
  908 1636
  908  942
  909 2002
  909 1924
  909  943
  909  942
  910  944
  911 1697
  911  944
  912 1700
  912 1697
  913  914
  913 1698
  914 1698
  914  975
  915 1914
  915  947
  915 1912
  916  948
  916  949
  916 2074
  916 2021
  917  918
  917 2139
  917 1867
  917 2181
  918 2181
  918 2193
  918  950
  919  951
  919 1842
  919  920
  919 1781
  920  952
  920  921
  920 1842
  921 1786
  921  922
  921  952
  922 1786
  922  923
  922  953
  923  953
  923 1782
  924  983
  924  955
  924  954
  925  956
  925  957
  925  955
  926  927
  927  987
  927  959
  927  958
  928  959
  929  959
  929  960
  930  990
  930  960
  931 1787
  931  961
  931  932
  932  962
  932 1787
  933  962
  933  963
  933 1841
  934 1783
  934  964
  934 1784
  934  963
  934 1841
  935 1784
  935  995
  935  936
  935  965
  935  964
  936  966
  936  965
  936  937
  937  967
  937  966
  937  938
  938  968
  938  967
  939 2222
  939  968
  940  969
  940 2101
  940 2182
  941 1636
  941 2101
  942  970
  942 2002
  943 1913
  943  971
  944 1924
  944  972
  944 1699
  946  975
  947 1874
  947  975
  948 2021
  948 1007
  948  976
  948 1990
  948  949
  949 2074
  949 1007
  949 1867
  950 2139
  950 2140
  950 2154
  950 2193
  951 2193
  951  979
  952 1842
  952 1785
  953  981
  953  954
  953 1786
  954  983
  954  982
  955  984
  955  983
  956  985
  957  958
  958  986
  958  987
  958  985
  959  960
  959  988
  959  987
  960  989
  961 1787
  961  991
  961  990
  962  963
  962  993
  963  994
  963  964
  963 1841
  964 1025
  964  995
  964 1784
  965  995
  966  996
  966  967
  967  997
  967  968
  967  996
  968  999
  968  998
  969 1000
  969 2194
  969 2183
  969 2222
  969  999
  970 1636
  970 2045
  970 1001
  970  971
  970 2101
  970 1000
  971 1002
  971 1948
  971 1001
  972 1913
  972 1003
  972 1702
  972 1700
  972  973
  972 1002
  973 1701
  974  975
  975 1035
  975 1005
  975 1914
  976 1990
  976 1968
  976 1005
  976 1006
  977 2044
  977 2079
  977 1007
  978 2140
  978 2109
  978 1009
  979 1039
  979 1842
  979 1010
  979 2155
  980  981
  980 1785
  980 1786
  981 1012
  981 1011
  981 1786
  982 1012
  982 1014
  982  983
  983  984
  984 1044
  984 1015
  984  985
  984 1016
  984 1014
  985 1017
  985  986
  986 1017
  987 1018
  987 1017
  987  988
  988 1019
  990 1049
  990 1020
  990  991
  990 1019
  991 1787
  991 1020
  992 1787
  992  993
  993 1637
  993 1024
  994 1024
  994 1025
  995 1026
  995  996
  996  997
  996 1026
  997 1057
  997 1028
  997 1027
  998  999
  999 1029
  999 1028
  999 2222
 1000 2194
 1000 1030
 1000 2141
 1000 2101
 1001 1031
 1001 1948
 1001 2045
 1002 1032
 1002 1913
 1003 1703
 1005 1914
 1005 1875
 1005 1036
 1006 1977
 1006 1036
 1007 1990
 1007 1008
 1007 1969
 1008 1971
 1009 2079
 1009 1038
 1010 1040
 1010 2209
 1010 1842
 1010 1011
 1010 1785
 1011 1042
 1011 1012
 1011 1041
 1011 1040
 1011 1785
 1012 1042
 1013 1014
 1013 1042
 1014 1044
 1014 1043
 1014 1075
 1015 1045
 1015 1044
 1016 1045
 1016 1046
 1016 1017
 1017 1018
 1017 1046
 1018 1048
 1018 1019
 1018 1047
 1019 1049
 1019 1048
 1020 1639
 1020 1050
 1020 1049
 1021 1022
 1021 1787
 1022 1082
 1022 1051
 1022 1050
 1022 1637
 1022 1787
 1023 1053
 1023 1024
 1023 1051
 1024 1025
 1025 1054
 1025 1788
 1025 1026
 1026 1086
 1026 1055
 1026 1027
 1026 1054
 1027 1057
 1027 1055
 1027 1056
 1028 1058
 1028 1029
 1028 1057
 1029 1843
 1029 1058
 1029 2194
 1030 1060
 1030 2054
 1030 1061
 1031 1062
 1032 1063
 1032 1704
 1032 1702
 1032 1948
 1033 1704
 1034 1705
 1034 1035
 1035 1066
 1035 1705
 1036 1977
 1036 1066
 1036 1067
 1038 2142
 1038 2075
 1038 2044
 1038 1971
 1038 1068
 1039 2155
 1039 1069
 1040 1071
 1041 1638
 1041 1072
 1041 1073
 1041 1042
 1042 1043
 1042 1074
 1042 1073
 1043 1074
 1043 1075
 1044 1076
 1045 1046
 1046 1108
 1046 1077
 1046 1078
 1047 1079
 1047 1048
 1048 1080
 1048 1049
 1049 1080
 1050 1082
 1050 1639
 1051 1083
 1051 1082
 1051 1637
 1052 1053
 1052 1083
 1053 1116
 1053 1788
 1054 1788
 1054 1085
 1055 1087
 1055 1118
 1055 1086
 1056 1087
 1057 1845
 1057 1088
 1057 1058
 1057 1087
 1058 1120
 1058 1088
 1058 1789
 1058 1843
 1059 2094
 1059 1090
 1059 1789
 1059 2141
 1059 1843
 1060 2141
 1060 2094
 1061 1062
 1061 2045
 1061 2054
 1062 1949
 1062 1092
 1062 1091
 1062 1946
 1062 2045
 1063 1093
 1063 1925
 1063 1094
 1063 1946
 1064 1094
 1066 1875
 1066 1097
 1066 1067
 1067 1983
 1067 1972
 1067 1791
 1067 1098
 1067 1790
 1067 1097
 1068 1790
 1068 1971
 1069 1100
 1069 2109
 1069 1070
 1069 2110
 1069 2142
 1070 2210
 1070 1100
 1071 1101
 1071 1102
 1071 1072
 1071 2209
 1072 1638
 1072 1134
 1072 1103
 1073 1104
 1073 1074
 1074 1075
 1074 1104
 1075 1105
 1075 1106
 1075 1076
 1076 1107
 1076 1106
 1076 1077
 1077 1139
 1077 1108
 1078 1109
 1078 1079
 1078 1108
 1079 1110
 1079 1080
 1079 1109
 1080 1081
 1080 1111
 1080 1639
 1081 1082
 1081 1112
 1081 1113
 1081 1639
 1082 1113
 1082 1115
 1082 1083
 1083 1115
 1084 1792
 1084 1116
 1085 1086
 1085 1117
 1085 1116
 1085 1788
 1086 1117
 1086 1118
 1087 1845
 1087 1118
 1088 1120
 1088 1845
 1088 1794
 1089 1151
 1089 1122
 1089 1121
 1089 1789
 1090 2090
 1090 1122
 1091 1123
 1092 1124
 1092 1946
 1092 1949
 1093 1125
 1094 1095
 1094 1707
 1094 1704
 1094 1125
 1095 1748
 1096 1705
 1097 1791
 1097 1128
 1097 1705
 1097 1708
 1098 1129
 1098 1790
 1098 1130
 1099 2143
 1099 1790
 1099 2110
 1099 1131
 1099 2075
 1100 1132
 1100 2143
 1100 1101
 1101 2210
 1101 1102
 1101 1133
 1101 1132
 1101 1162
 1102 1133
 1103 1136
 1103 1134
 1104 1638
 1104 1105
 1105 1106
 1105 1136
 1106 1795
 1106 1138
 1106 1137
 1107 1139
 1108 1141
 1108 1109
 1108 1139
 1109 1141
 1110 1171
 1110 1142
 1110 1141
 1111 1640
 1111 1142
 1112 1113
 1113 1641
 1113 1143
 1114 1115
 1114 1145
 1115 1145
 1115 1792
 1116 1147
 1116 1117
 1117 1148
 1117 1179
 1117 1118
 1118 1148
 1119 1148
 1120 1794
 1120 1121
 1120 1150
 1121 1182
 1121 1150
 1122 2107
 1123 1153
 1123 1991
 1123 2094
 1123 2054
 1124 1991
 1124 1125
 1125 1155
 1125 1154
 1127 1708
 1128 1157
 1128 1189
 1129 2032
 1129 1791
 1129 1130
 1129 1159
 1130 1131
 1130 1790
 1131 2111
 1131 1160
 1131 1790
 1132 2143
 1132 1162
 1132 1161
 1133 1162
 1133 1134
 1134 1164
 1134 1135
 1134 1163
 1135 1136
 1136 1165
 1136 1164
 1136 1137
 1136 1638
 1137 1165
 1138 1139
 1138 1846
 1138 1795
 1139 1846
 1139 1140
 1140 1202
 1140 1141
 1140 1169
 1140 1168
 1141 1169
 1141 1171
 1142 1172
 1142 1171
 1143 1640
 1143 1173
 1143 1172
 1143 1641
 1144 1173
 1144 1175
 1144 1145
 1144 1174
 1144 1641
 1145 1207
 1145 1176
 1145 1792
 1145 1175
 1146 1792
 1146 1177
 1146 1147
 1146 1176
 1147 1179
 1147 1178
 1147 1177
 1148 1180
 1148 1179
 1149 1844
 1149 1793
 1149 1180
 1150 1182
 1150 1793
 1150 1794
 1151 2184
 1151 1152
 1151 1182
 1152 2107
 1152 2184
 1152 1183
 1153 1184
 1153 2090
 1153 2107
 1154 1185
 1154 1186
 1154 1926
 1154 1155
 1155 1710
 1155 1156
 1155 1186
 1155 1707
 1156 1709
 1156 1707
 1157 1708
 1157 1189
 1158 1791
 1158 1881
 1158 1189
 1159 1191
 1160 1192
 1161 1194
 1162 1163
 1162 1194
 1163 1196
 1163 1643
 1163 1164
 1163 1195
 1164 1196
 1164 1197
 1164 1165
 1165 1198
 1165 1197
 1166 1230
 1166 1199
 1166 1795
 1166 1198
 1167 1796
 1167 1200
 1167 1846
 1167 1199
 1167 1795
 1169 1233
 1169 1203
 1169 1202
 1170 1204
 1170 1171
 1171 1204
 1172 1235
 1172 1173
 1172 1640
 1173 1641
 1173 1205
 1173 1206
 1175 1206
 1175 1207
 1176 1208
 1176 1207
 1176 1792
 1177 1209
 1177 1178
 1178 1210
 1178 1209
 1179 1211
 1179 1180
 1180 1211
 1180 1642
 1180 1793
 1181 1182
 1181 1793
 1182 1213
 1182 1212
 1183 1214
 1183 1184
 1183 2107
 1183 2184
 1184 2107
 1184 1185
 1184 1215
 1184 1991
 1185 2022
 1185 1991
 1185 1926
 1186 1218
 1186 1217
 1188 1189
 1189 1252
 1189 1221
 1190 1934
 1190 1221
 1190 1191
 1190 1933
 1190 1881
 1191 1934
 1191 1192
 1191 1222
 1192 2036
 1192 1223
 1192 2112
 1192 1222
 1192 2032
 1193 1224
 1193 1194
 1193 2112
 1194 1224
 1194 1256
 1194 1225
 1194 1195
 1195 1225
 1196 1643
 1196 1227
 1196 1228
 1196 1226
 1197 1229
 1197 1198
 1198 1230
 1199 1231
 1199 1230
 1199 1795
 1200 1796
 1201 1846
 1201 1232
 1201 1797
 1201 1202
 1202 1232
 1203 1265
 1203 1204
 1203 1234
 1203 1233
 1204 1235
 1204 1234
 1205 1236
 1205 1237
 1205 1206
 1205 1235
 1206 1239
 1206 1238
 1206 1207
 1206 1237
 1207 1799
 1207 1208
 1207 1823
 1208 1799
 1208 1209
 1208 1240
 1209 1240
 1209 1210
 1210 1241
 1210 1211
 1211 1243
 1211 1848
 1211 1242
 1212 1642
 1212 1244
 1212 1243
 1212 1213
 1213 1847
 1213 1244
 1214 1245
 1215 2022
 1215 1246
 1216 1247
 1216 1926
 1217 1249
 1217 1218
 1217 1927
 1217 1926
 1218 1249
 1218 1219
 1218 1710
 1219 1749
 1220 1252
 1221 1881
 1221 1253
 1222 1254
 1222 2036
 1223 1255
 1223 1224
 1223 2112
 1224 1256
 1224 2144
 1224 2112
 1225 1643
 1225 1258
 1225 1256
 1226 1227
 1226 1258
 1227 1290
 1227 1259
 1227 1258
 1228 1260
 1228 1259
 1228 1229
 1229 1849
 1229 1803
 1229 1261
 1229 1230
 1229 1260
 1230 1231
 1230 1261
 1231 1822
 1231 1293
 1231 1263
 1231 1232
 1231 1797
 1232 1797
 1232 1263
 1232 1233
 1233 1265
 1233 1264
 1234 1235
 1234 1265
 1235 1267
 1235 1266
 1237 1269
 1237 1268
 1238 1239
 1239 1269
 1240 1850
 1240 1241
 1240 1799
 1241 1850
 1241 1242
 1241 1273
 1242 1273
 1242 1801
 1242 1848
 1243 1244
 1243 1275
 1243 1642
 1244 1847
 1244 1276
 1245 1246
 1245 2160
 1245 1798
 1246 2160
 1246 2023
 1246 2061
 1247 2023
 1247 1280
 1247 1279
 1247 1920
 1247 1278
 1248 1802
 1249 1250
 1249 1281
 1251 1252
 1251 1750
 1252 1711
 1252 1253
 1253 1935
 1253 1805
 1253 1254
 1253 1711
 1254 1934
 1254 1805
 1255 2108
 1255 1286
 1256 1288
 1256 1287
 1256 1257
 1257 1258
 1257 1288
 1258 1289
 1258 1290
 1258 1288
 1258 1643
 1259 1260
 1259 1290
 1260 1849
 1261 1292
 1261 1803
 1262 1293
 1262 1292
 1263 1295
 1263 1264
 1263 1294
 1264 1295
 1264 1265
 1265 1645
 1265 1296
 1265 1295
 1266 1297
 1266 1267
 1266 1645
 1267 1646
 1267 1268
 1267 1298
 1267 1297
 1268 1299
 1268 1646
 1268 1269
 1269 1300
 1269 1270
 1269 1299
 1270 1823
 1270 1301
 1270 1800
 1270 1300
 1271 1800
 1271 1850
 1271 1301
 1271 1804
 1271 1824
 1272 1807
 1272 1273
 1272 1304
 1273 1801
 1273 1304
 1274 1848
 1274 1306
 1274 1337
 1274 1307
 1275 1276
 1276 1847
 1276 1308
 1276 1307
 1277 1309
 1277 2160
 1278 1310
 1278 2023
 1279 1311
 1280 1802
 1280 1311
 1281 1712
 1281 1282
 1281 1802
 1282 1712
 1284 1315
 1284 1316
 1285 2115
 1285 1317
 1285 1286
 1285 1805
 1286 2108
 1286 2115
 1286 2036
 1287 1318
 1287 1350
 1287 1288
 1287 1319
 1287 2144
 1288 2233
 1288 1320
 1288 1319
 1289 2233
 1289 1321
 1289 1290
 1289 1322
 1290 1322
 1290 1291
 1291 1851
 1292 1324
 1292 2199
 1292 1803
 1293 2199
 1293 1326
 1294 1327
 1294 1295
 1294 1326
 1295 2218
 1295 1327
 1295 1296
 1296 1329
 1296 1645
 1296 1328
 1297 1645
 1297 1330
 1297 1298
 1298 1330
 1299 1332
 1299 1646
 1299 1300
 1299 1331
 1300 1333
 1300 1301
 1300 1332
 1301 1800
 1301 1334
 1301 1333
 1301 1302
 1302 1804
 1303 1807
 1303 1335
 1303 1304
 1304 1335
 1304 1336
 1305 1801
 1306 1868
 1306 1848
 1306 1337
 1306 1336
 1306 1801
 1307 1338
 1307 1339
 1307 1308
 1307 1337
 1308 2156
 1308 1340
 1308 1341
 1308 1339
 1309 2157
 1309 2102
 1309 1342
 1309 1341
 1309 2061
 1310 2061
 1310 1808
 1311 1343
 1311 1808
 1311 1802
 1312 1802
 1312 1879
 1312 1344
 1314 1713
 1314 1315
 1315 1714
 1315 1711
 1315 1347
 1315 1346
 1315 1316
 1316 1915
 1316 1805
 1317 1805
 1317 1349
 1317 1348
 1318 2145
 1318 1809
 1318 1350
 1319 1320
 1319 1351
 1319 1350
 1320 2211
 1320 1352
 1321 2200
 1321 1322
 1321 1810
 1322 1644
 1322 1354
 1322 1353
 1323 1355
 1323 1324
 1323 1354
 1324 1325
 1324 1851
 1324 1355
 1324 1644
 1325 2080
 1325 1357
 1326 1358
 1326 2165
 1326 1327
 1327 1358
 1328 1359
 1328 2166
 1328 2218
 1329 1360
 1329 1361
 1329 1330
 1330 1362
 1330 1361
 1330 1331
 1330 1646
 1331 2226
 1331 1362
 1332 2226
 1332 2195
 1333 2195
 1333 1365
 1333 1364
 1334 1857
 1334 1825
 1334 1367
 1334 1806
 1334 2234
 1335 1367
 1335 1807
 1335 1369
 1335 1336
 1335 1806
 1336 1369
 1337 1370
 1337 1868
 1338 1371
 1338 1370
 1339 1371
 1339 1340
 1340 1372
 1340 1341
 1340 1371
 1341 2103
 1341 1372
 1341 2157
 1342 1373
 1342 1374
 1342 1808
 1343 1980
 1343 1879
 1343 1808
 1343 1375
 1343 1374
 1344 1345
 1344 1712
 1345 1712
 1346 1714
 1347 1378
 1347 1715
 1348 1380
 1348 1647
 1348 1349
 1349 2108
 1349 1381
 1349 2115
 1350 1809
 1350 1381
 1350 1351
 1351 1382
 1351 1352
 1352 1382
 1352 1810
 1353 1384
 1353 1385
 1353 1810
 1353 1354
 1354 1416
 1354 2098
 1354 1385
 1355 2062
 1355 2098
 1355 2080
 1356 2046
 1356 2055
 1356 2080
 1357 2131
 1357 2055
 1357 2165
 1357 1388
 1358 2165
 1358 1389
 1358 1390
 1358 2218
 1359 2113
 1359 1390
 1360 2095
 1360 2166
 1360 1392
 1360 1361
 1361 2167
 1362 2227
 1362 1394
 1362 2167
 1363 2226
 1363 2130
 1363 2178
 1364 2130
 1364 1365
 1364 2119
 1364 2195
 1365 1366
 1365 2234
 1366 1397
 1366 1367
 1367 1806
 1367 1368
 1367 1398
 1368 2212
 1368 1369
 1369 1399
 1369 1370
 1369 1868
 1370 1868
 1370 1401
 1370 1400
 1370 1399
 1370 1371
 1371 1401
 1372 2158
 1372 1403
 1372 2103
 1373 1404
 1373 2103
 1373 1374
 1374 2029
 1374 1808
 1375 1406
 1375 1405
 1375 1980
 1376 1879
 1377 1715
 1378 1715
 1378 1379
 1378 1409
 1379 1886
 1379 1380
 1379 1915
 1379 1409
 1380 2000
 1380 1915
 1381 2000
 1381 1647
 1381 1412
 1381 1411
 1381 2081
 1381 1809
 1382 2081
 1382 1413
 1382 1383
 1383 1414
 1383 1413
 1383 1384
 1384 2034
 1384 1385
 1385 1416
 1386 2062
 1386 1416
 1387 2066
 1387 1418
 1387 2046
 1388 1418
 1388 1419
 1388 1448
 1389 2131
 1389 1420
 1389 1390
 1390 2114
 1390 1420
 1390 2218
 1391 1811
 1391 2070
 1392 1811
 1392 2095
 1392 1393
 1392 2091
 1392 2167
 1393 2229
 1394 2167
 1394 2178
 1394 2147
 1394 2229
 1394 1423
 1395 2119
 1395 2124
 1395 1424
 1396 2119
 1396 2084
 1396 2124
 1396 1397
 1397 1427
 1397 1398
 1397 1428
 1398 2212
 1398 1429
 1399 2212
 1399 1430
 1399 1400
 1400 2148
 1400 1430
 1401 1813
 1401 2158
 1401 2148
 1402 1403
 1402 1813
 1403 1433
 1403 2096
 1403 1404
 1403 2103
 1404 2103
 1404 1435
 1404 1434
 1405 1941
 1405 1866
 1405 1406
 1406 1407
 1406 1717
 1406 1436
 1406 1879
 1407 1717
 1408 1715
 1408 1716
 1409 1886
 1409 1439
 1409 1718
 1409 1715
 1410 1440
 1410 1886
 1411 1412
 1411 1441
 1411 2000
 1412 2033
 1413 2033
 1413 1443
 1413 1414
 1414 1443
 1415 1444
 1415 1443
 1415 2034
 1416 2034
 1416 2009
 1416 1445
 1416 1446
 1417 2065
 1417 2010
 1417 1950
 1417 1446
 1418 2055
 1418 1950
 1418 1448
 1418 1951
 1419 1449
 1419 1420
 1419 1448
 1419 2131
 1420 1449
 1420 1450
 1421 1451
 1421 1811
 1422 2229
 1422 1852
 1422 1811
 1422 1815
 1422 1453
 1423 1454
 1423 1424
 1423 2147
 1424 1425
 1424 1454
 1424 2118
 1425 1456
 1425 2038
 1425 1455
 1426 2038
 1426 2047
 1426 1427
 1426 1457
 1427 1428
 1427 1812
 1427 2047
 1428 1812
 1428 1429
 1428 1648
 1429 2132
 1429 1648
 1430 2162
 1430 2132
 1430 1649
 1431 2148
 1431 1813
 1431 2161
 1432 2100
 1432 1813
 1433 2096
 1433 1434
 1433 1463
 1434 1464
 1434 1463
 1435 1952
 1435 1980
 1435 1464
 1435 2029
 1436 1465
 1436 1466
 1439 1469
 1440 1472
 1440 1441
 1440 2000
 1440 1471
 1441 2003
 1441 1472
 1441 2000
 1442 1506
 1442 1474
 1442 1443
 1442 1475
 1442 1962
 1442 2003
 1443 1475
 1443 1973
 1444 1942
 1444 1973
 1444 1445
 1445 1446
 1445 1476
 1446 1936
 1446 1916
 1446 1477
 1446 2009
 1447 1951
 1447 1916
 1448 1480
 1448 2017
 1449 2017
 1449 1814
 1449 1450
 1450 1451
 1450 1814
 1450 2070
 1451 2070
 1451 1452
 1451 1481
 1451 1482
 1452 1852
 1453 1958
 1453 1454
 1453 2229
 1453 1815
 1454 2229
 1454 1455
 1455 1958
 1455 1485
 1455 1957
 1456 1959
 1456 1957
 1457 1959
 1457 2047
 1457 1488
 1458 1490
 1458 1491
 1458 1812
 1459 1491
 1459 1460
 1459 1649
 1460 1974
 1460 1461
 1460 1493
 1461 1462
 1461 1493
 1461 1813
 1461 2161
 1462 1992
 1463 1981
 1463 1464
 1463 2100
 1463 1495
 1463 2096
 1464 1943
 1464 1496
 1465 1866
 1465 1818
 1465 1952
 1465 1497
 1466 1717
 1466 1467
 1466 1498
 1467 1498
 1467 1719
 1468 1720
 1468 1718
 1468 1469
 1469 1501
 1469 1718
 1469 1721
 1469 1470
 1470 1502
 1470 1471
 1470 1501
 1470 1886
 1471 1503
 1471 1472
 1471 1886
 1472 1962
 1472 1503
 1473 1505
 1473 1887
 1474 1506
 1474 1505
 1475 2201
 1475 1507
 1475 1506
 1476 1509
 1476 1936
 1476 1942
 1477 1509
 1477 1510
 1477 1936
 1478 1951
 1478 1512
 1479 1513
 1479 1512
 1480 1951
 1480 1814
 1480 1513
 1481 1515
 1481 1482
 1481 1814
 1482 1517
 1482 1516
 1483 1853
 1484 1958
 1484 1816
 1484 1917
 1484 1518
 1485 1520
 1485 1882
 1485 1486
 1485 1958
 1486 1487
 1486 1957
 1487 1882
 1488 2047
 1488 1523
 1488 1489
 1488 1522
 1489 1855
 1489 2047
 1490 1855
 1490 1817
 1490 1650
 1490 1491
 1491 2085
 1491 1650
 1491 1974
 1491 1648
 1492 1525
 1492 1526
 1492 1493
 1492 1974
 1493 1651
 1493 1526
 1494 1651
 1494 1528
 1495 1981
 1495 1992
 1495 1997
 1495 1528
 1495 2100
 1496 1529
 1496 1981
 1496 1943
 1496 1559
 1497 1943
 1497 1530
 1497 1818
 1497 1880
 1497 1952
 1498 1532
 1498 1499
 1498 1818
 1501 1731
 1501 1722
 1501 1502
 1501 1535
 1502 1536
 1502 1503
 1503 1537
 1503 1536
 1503 1887
 1504 1538
 1504 1537
 1505 1872
 1505 1538
 1505 1506
 1506 1507
 1507 1872
 1507 1508
 1507 2201
 1508 1540
 1508 1539
 1509 1888
 1509 1734
 1509 1510
 1509 1540
 1510 1542
 1510 1734
 1510 1916
 1511 1512
 1511 1542
 1511 1916
 1512 1543
 1513 1725
 1513 1544
 1513 1951
 1514 1894
 1514 1544
 1514 1545
 1514 1814
 1515 1814
 1515 1546
 1515 1516
 1515 1894
 1516 1517
 1517 1937
 1517 1546
 1518 1548
 1518 1519
 1518 1937
 1518 1816
 1519 1550
 1519 1520
 1520 1917
 1520 1550
 1520 1882
 1521 1551
 1521 1959
 1521 1550
 1522 1523
 1522 1959
 1522 1551
 1523 1819
 1523 1855
 1524 1817
 1524 1893
 1525 1650
 1525 1893
 1525 1878
 1526 1883
 1526 1878
 1526 1556
 1526 1651
 1527 1557
 1527 1528
 1527 1883
 1528 1997
 1528 1529
 1528 1992
 1529 1559
 1529 1557
 1530 1559
 1530 1560
 1531 1561
 1531 1560
 1531 1818
 1532 1818
 1532 1562
 1532 1533
 1532 1561
 1534 1731
 1535 1564
 1535 1566
 1535 1565
 1535 1722
 1536 1567
 1536 1722
 1536 1982
 1537 1732
 1537 1982
 1537 1723
 1537 1569
 1537 1887
 1538 1571
 1538 1723
 1538 1872
 1539 1733
 1539 1724
 1539 1573
 1539 1872
 1540 1575
 1540 1724
 1540 1541
 1540 1888
 1541 1576
 1542 1579
 1542 1578
 1542 1543
 1542 1734
 1543 1725
 1543 1579
 1544 1581
 1544 1582
 1544 1545
 1544 1725
 1545 1583
 1545 1582
 1546 1585
 1546 1726
 1546 1586
 1546 1547
 1547 1587
 1547 1586
 1548 1739
 1548 1937
 1548 1549
 1548 1588
 1549 1591
 1549 1589
 1549 1550
 1550 1727
 1550 1592
 1550 1591
 1551 1727
 1551 1552
 1551 1594
 1551 1959
 1552 1597
 1552 1596
 1552 1819
 1553 1597
 1553 1599
 1553 1893
 1554 1555
 1554 1600
 1554 1741
 1554 1878
 1555 1601
 1555 1602
 1555 1556
 1556 1883
 1556 1728
 1556 1603
 1557 1728
 1557 1558
 1557 1605
 1558 1607
 1558 1559
 1558 1606
 1559 1880
 1559 1729
 1559 1608
 1560 1610
 1560 1743
 1560 1561
 1561 1611
 1561 1730
 1561 1610
 1561 1818
 1562 1730
 1564 1731
 1567 1722
 1567 1732
 1569 1723
 1571 1723
 1571 1733
 1573 1724
 1575 1724
 1576 1734
 1579 1735
 1581 1736
 1583 1737
 1585 1738
 1587 1739
 1592 1740
 1594 1727
 1597 1819
 1599 1893
 1601 1741
 1603 1728
 1605 1728
 1608 1742
 1610 1743
 1613 1730
 1618 1751
 1619 2125
 1619 2104
 1621 2202
 1621 2159
 1623 1764
 1625 2205
 1634 1820
 1647 2037
 1648 2085
 1649 2162
 1649 2085
 1649 2132
 1650 1893
 1651 1883
 1653 1654
 1653 1870
 1655 1663
 1656 1907
 1656 1657
 1657 1907
 1661 1744
 1664 1665
 1668 1669
 1669 1670
 1670 1671
 1671 1672
 1672 1674
 1673 1675
 1674 1932
 1675 1676
 1676 1745
 1677 1678
 1678 1680
 1679 1681
 1680 1682
 1682 1746
 1683 1684
 1684 1686
 1685 1902
 1686 1687
 1687 1688
 1688 1690
 1689 1747
 1691 1692
 1693 1694
 1694 1695
 1698 1874
 1699 1700
 1700 1701
 1702 1703
 1703 1704
 1705 1706
 1706 1708
 1707 1748
 1709 1710
 1710 1749
 1711 1750
 1711 1713
 1712 1802
 1715 1716
 1716 1718
 1717 1719
 1720 1721
 1721 1731
 1725 1735
 1725 1736
 1726 1894
 1726 1738
 1726 1737
 1727 1740
 1729 1742
 1729 1743
 1737 1894
 1739 1937
 1751 1944
 1752 1895
 1753 1827
 1754 1993
 1754 1828
 1756 1829
 1759 2187
 1763 1832
 1764 1821
 1764 1765
 1765 1767
 1768 1833
 1768 1901
 1769 2228
 1770 1834
 1771 1835
 1771 2031
 1773 2089
 1773 2153
 1775 1778
 1775 1820
 1776 1838
 1778 1837
 1781 2225
 1789 1843
 1791 1933
 1793 1794
 1794 1844
 1796 1822
 1797 1846
 1798 1847
 1798 2156
 1798 2160
 1799 1824
 1800 1823
 1802 1920
 1803 1849
 1803 1851
 1804 1826
 1804 1856
 1805 1915
 1806 1826
 1806 1807
 1807 1850
 1809 2108
 1811 2095
 1812 2047
 1813 2158
 1815 1816
 1815 1853
 1815 1852
 1816 1853
 1817 1819
 1817 1855
 1821 1854
 1822 1846
 1823 1824
 1825 1856
 1825 1826
 1826 1850
 1828 2206
 1828 1993
 1833 1901
 1835 2031
 1844 1845
 1847 2156
 1847 2184
 1849 1851
 1852 1853
 1853 1937
 1855 2004
 1855 2047
 1856 1857
 1858 1859
 1861 2011
 1862 1905
 1862 1863
 1865 1891
 1865 1940
 1867 2140
 1867 2079
 1867 2074
 1876 1928
 1877 1885
 1884 1885
 1887 1962
 1888 2201
 1890 1896
 1890 1953
 1891 1938
 1892 1900
 1895 1898
 1897 1899
 1899 2024
 1903 1904
 1908 1919
 1909 1932
 1911 1923
 1913 1924
 1914 1968
 1915 1918
 1916 2010
 1919 2024
 1920 1927
 1922 1956
 1922 1928
 1925 1946
 1925 1948
 1926 1927
 1931 1998
 1934 1935
 1938 1939
 1938 1986
 1941 1980
 1941 1952
 1942 2201
 1943 1952
 1945 1947
 1949 1991
 1954 2076
 1955 1956
 1957 1960
 1959 1960
 1961 1964
 1969 1977
 1969 1990
 1969 1976
 1970 1978
 1970 1971
 1971 1983
 1971 1972
 1976 1978
 1976 1994
 1976 1977
 1977 1984
 1977 1990
 1978 1983
 1979 2018
 1981 1997
 1983 1994
 1984 1994
 1987 1988
 1988 1989
 1988 2025
 1995 2053
 1998 2099
 2000 2037
 2003 2033
 2006 2012
 2008 2013
 2009 2065
 2014 2015
 2016 2018
 2019 2092
 2020 2030
 2022 2023
 2025 2205
 2026 2031
 2031 2064
 2033 2081
 2038 2084
 2038 2124
 2039 2040
 2042 2050
 2046 2062
 2046 2065
 2048 2049
 2050 2052
 2051 2056
 2053 2057
 2059 2071
 2062 2098
 2062 2065
 2063 2136
 2065 2066
 2069 2106
 2070 2114
 2073 2074
 2073 2129
 2075 2142
 2077 2104
 2082 2117
 2083 2092
 2087 2088
 2090 2094
 2095 2172
 2096 2100
 2102 2103
 2108 2145
 2109 2142
 2109 2155
 2110 2143
 2111 2112
 2111 2143
 2113 2114
 2113 2166
 2113 2172
 2114 2173
 2116 2117
 2117 2176
 2118 2119
 2118 2130
 2118 2147
 2120 2122
 2121 2168
 2123 2177
 2126 2127
 2127 2128
 2131 2165
 2132 2212
 2133 2150
 2134 2175
 2134 2151
 2134 2185
 2137 2196
 2139 2140
 2144 2145
 2146 2199
 2146 2165
 2147 2178
 2154 2155
 2156 2160
 2156 2157
 2159 2188
 2159 2202
 2161 2162
 2164 2215
 2169 2213
 2169 2206
 2170 2171
 2170 2192
 2172 2173
 2174 2223
 2178 2227
 2182 2183
 2185 2186
 2190 2230
 2190 2221
 2191 2203
 2197 2217
 2198 2224
 2198 2204
 2200 2211
 2202 2203
 2209 2210
 2211 2233
 2214 2216
 2215 2219
 2219 2223
 2224 2225
 2226 2227
