    2   53
    4 1668
    4   54
    5   55
    6   55
    8   56
    8 1660
    9   57
    9   56
   10   57
   12 1669
   12   58
   13   59
   14 1753
   14   59
   16 1671
   16   60
   18 1671
   18   61
   19   62
   20 1661
   20   62
   22 1873
   22   63
   22 1662
   23 1873
   24   64
   25 1663
   25   65
   25   64
   27 1672
   27   66
   28   67
   30 1673
   31   68
   32 1675
   32 1664
   34 1675
   34   70
   35   71
   36   71
   38   72
   39 1676
   39   73
   40   74
   41 1665
   41   74
   43   75
   43 1666
   44   75
   45   76
   45 1667
   46   77
   47   78
   47   77
   48 1869
   48   78
   49 1868
   49   79
   50   79
   51   79
   52   53
   53  113
   53   81
   53   54
   54   83
   54   82
   54 1668
   55 1905
   55 1881
   55   84
   55 1668
   55   85
   55 1660
   56   57
   56   87
   56 1881
   57   58
   58 1669
   58   87
   58   88
   59 1669
   59  119
   59   90
   59 1670
   59   89
   60   91
   60   90
   60 1670
   60 1671
   61   92
   61   62
   61   93
   61 1671
   62 1880
   62   93
   63 1880
   64 1873
   64   65
   64   95
   65 1672
   65  126
   65   96
   66   96
   66 1620
   66   97
   66   67
   66 1672
   67 1673
   68   98
   68 1674
   68 1673
   69 1664
   69 1675
   69  100
   69 1674
   69   99
   70   71
   70  100
   70 1675
   71 1939
   71   72
   71  101
   72   73
   72 1939
   73  104
   73  103
   73 1676
   74  104
   74 1676
   74  105
   75 1883
   75 1667
   76  107
   76   77
   76  108
   76 1883
   77   78
   78 1940
   78  108
   79 1868
   79   80
   79  110
   81  113
   82  114
   82   83
   82  113
   83 1908
   83   84
   85 1761
   85  115
   85   86
   85  116
   85 1905
   86 1881
   86   87
   87   88
   87  116
   88  118
   88 1899
   88 1669
   90 1964
   90 1871
   90 1900
   90  119
   91 1900
   91   92
   92  122
   92   93
   92  121
   93 1978
   93  123
   94 1872
   94 1880
   95 1872
   95 1873
   96  127
   96 1620
   96  126
   97 1941
   97   98
   97 1673
   98 1974
   98   99
   98 1674
   98  128
   99 1916
   99  100
   99  129
  100  129
  100  101
  101  102
  101  130
  102 1939
  102  131
  102  132
  103  104
  104  134
  104  105
  104  133
  105  135
  105 1917
  106  135
  106 1917
  106 1883
  106  136
  106  107
  107  137
  107  108
  109  138
  109 1907
  109  110
  109 1868
  109 1940
  110 1907
  110  111
  110  139
  110 1868
  112  113
  112 1677
  113  142
  113 1678
  113  114
  114 1908
  114  173
  114  143
  114  142
  115  144
  115 1761
  116 1976
  116  145
  116  117
  116 1761
  117 1621
  117 1899
  118 1899
  118  119
  118  148
  118 1621
  120  150
  120 1900
  120 1837
  120 1964
  121 1906
  121 1762
  121  122
  121  151
  121 1837
  122 1978
  122  152
  122  151
  123 1880
  123  124
  124  125
  124  153
  124 1872
  125 1872
  125  153
  125  154
  126 1915
  126  156
  126  155
  126  154
  126 1931
  127  156
  127 1931
  127 1941
  128 1974
  128 1941
  128  158
  128  157
  129 1974
  129  130
  129  159
  130 1838
  130  131
  130  159
  131  160
  131  132
  132  191
  132  162
  132  161
  133 1939
  133  134
  134 1955
  134 1760
  134  163
  135 1955
  135  136
  135 1760
  136 1986
  136  166
  136  137
  136  165
  137 1940
  138 1940
  138 1909
  138  168
  138 1623
  139  169
  142  172
  142 1679
  142  173
  143 1958
  143  174
  143  144
  143  173
  144 1908
  145 1761
  146 1976
  146 1621
  146  176
  146  177
  146  206
  147  148
  147 1622
  147 1621
  147  177
  148  149
  148 1839
  148 1622
  148  178
  148 1871
  149 1964
  149 1839
  149  179
  149  150
  150 1837
  150  180
  150  179
  151  152
  151 1762
  151  180
  152  182
  152  181
  153 1978
  153 1626
  153  184
  153  154
  153  183
  154  155
  155  184
  155  185
  156 1941
  156  217
  156  185
  156  186
  156  157
  157  187
  157  158
  157  186
  158  188
  158  187
  158  159
  159 1974
  160 1763
  160  190
  160  189
  160  161
  160 1838
  161  191
  161  190
  162  163
  162  192
  162  191
  162 1939
  163  193
  163  164
  164 1760
  164  193
  165  195
  165  166
  165  194
  165 1624
  165 1760
  166 1764
  166  195
  166 1986
  167 1764
  167 1986
  167  197
  167  198
  167 1623
  167 1940
  168  199
  168 1623
  168 1929
  168  198
  169  200
  169 1907
  169  170
  171 1678
  172 1874
  172  203
  173 1956
  173 1874
  174  205
  174  175
  174 1625
  174 1958
  174 1761
  175 1761
  175  206
  175  205
  175 1976
  176 1769
  176  207
  176  177
  177 1768
  177 1622
  177 1621
  178  208
  178 1765
  178 1839
  178 1768
  179  209
  179  210
  179  180
  180  212
  180  181
  180  210
  180 1837
  180 1762
  181  213
  182 1978
  183  213
  183 1978
  184  245
  184  215
  184  185
  184 1626
  184  214
  185  217
  185  215
  186  187
  186  217
  187  218
  187  188
  188 1838
  188  221
  188 1763
  188  220
  188  219
  189  190
  189  221
  189 1763
  190  223
  190  191
  191  253
  191  224
  191  192
  192  224
  193  225
  193 1624
  193  224
  194  227
  194  226
  194  195
  194  225
  195  227
  195  196
  196 1764
  197  229
  197 1767
  197 1764
  197  261
  198  261
  198  230
  198 1623
  199 1918
  199  231
  199 1909
  200 1909
  200  231
  200  201
  202 1680
  202 1679
  203  234
  203 1679
  203 1681
  204 1958
  204  235
  204  236
  204  205
  204 1625
  205 1625
  205  237
  205  206
  206  237
  206 1769
  206 1976
  208 1768
  208 1765
  208  239
  209 1839
  209 1765
  209  274
  209  241
  209  240
  211  212
  211  242
  211  241
  212  213
  212  242
  212  243
  213 1626
  214  244
  214  245
  214  243
  215  216
  215  245
  216  217
  217 1627
  217  247
  218  248
  218  219
  218  247
  219  249
  219  248
  219  220
  220  285
  220  250
  220  221
  221  285
  221 1763
  222  252
  222  251
  223  253
  223  252
  224  225
  224  255
  224  253
  225  257
  225  226
  225  255
  225 1624
  226  227
  227  258
  227  257
  228  259
  228 1766
  229 1767
  229  259
  229  261
  229 1766
  230 1918
  230  262
  230  261
  231 1918
  231  232
  231  263
  232  263
  234 1683
  234 1874
  234  267
  234  266
  234 1956
  235  267
  235  269
  235  268
  235  236
  236  304
  236  270
  236  237
  237  271
  237 1769
  238 1769
  238 1768
  238  239
  238  271
  239  307
  239  273
  239  272
  239 1768
  240  273
  240 1765
  241 1840
  241  276
  241  275
  241  242
  241  274
  242  276
  242  243
  243  277
  243  278
  243  244
  243 1626
  244  245
  244  278
  245  279
  245  280
  246 1627
  247  282
  247  248
  247  281
  248  282
  248  249
  249  283
  250  317
  250  285
  250  284
  251  286
  251  287
  251  252
  251  285
  252  287
  253  288
  253  287
  254  288
  256  290
  256  257
  256  289
  257  290
  257  258
  258  324
  258  293
  258  259
  258  292
  259 1766
  259  293
  259  260
  260  295
  261  295
  261  262
  262  296
  262  295
  263  297
  263 1684
  263  264
  264 1682
  265 1681
  266 1942
  266  267
  267  268
  267 1956
  268 1942
  268  303
  268  269
  269  304
  270  305
  270  333
  271  306
  271  272
  271 1769
  272  307
  272  306
  273  274
  274  308
  274  307
  276 1840
  276  309
  276 1770
  277  310
  277  278
  278  340
  278  311
  278  310
  279 1629
  279  312
  279  280
  280  312
  280  313
  280  281
  280 1627
  281  282
  281  313
  281 1627
  282  344
  282  314
  282  315
  283  284
  284  317
  284  316
  285  318
  285  317
  286  348
  286  287
  286  319
  287  320
  287  288
  288  321
  288  289
  288  320
  290  351
  290  322
  290  321
  290  291
  291  323
  291  322
  291  292
  292  324
  292  323
  293 1628
  293  325
  293  324
  294  295
  295  325
  296  327
  296  357
  296  326
  296 1918
  297 1918
  297  327
  299  300
  300 1686
  300  329
  300 1683
  301 1683
  301 1919
  301 1686
  301  330
  302  331
  302  303
  302 1942
  303  331
  303  304
  304  333
  304  332
  305  334
  305  306
  305  333
  306  366
  306  307
  306  334
  307  336
  307  308
  308  338
  308 1840
  308  337
  308  336
  309  339
  309 1770
  309  310
  309  338
  310  340
  310  339
  311  340
  312  374
  312  343
  312 1629
  312  342
  313  343
  314  375
  314  343
  315  316
  315  345
  315  344
  316  346
  316  345
  316  317
  317  378
  317  347
  317  346
  318  348
  319  320
  320  321
  320  380
  320  348
  321  351
  321  350
  321  349
  322  323
  322  351
  323  353
  323  352
  324 1628
  324  353
  325  355
  325  356
  325  326
  325 1628
  326  357
  326  356
  327 1901
  327  358
  327  357
  327 1684
  328 1684
  330 1687
  330  361
  331  332
  331  362
  332  363
  332  364
  332  362
  332  333
  333  365
  333  334
  334  366
  335  397
  335  367
  335  336
  335  366
  336  369
  336  337
  336  367
  337  399
  338 1840
  338  370
  338  339
  338  399
  338 1770
  339  370
  339  340
  339  371
  340  371
  340  372
  341  373
  341  342
  341 1629
  343  375
  343  374
  344 1771
  344 1841
  344  345
  344  375
  345 1771
  345  346
  345  376
  346  377
  346  376
  347  408
  347  348
  347  379
  347  378
  349  350
  349  381
  349  380
  350  351
  350  381
  351  383
  351  352
  352  384
  352  353
  354  384
  355 1628
  355  385
  356  387
  356  386
  356  357
  357 1949
  357  387
  358 1685
  358 1688
  358  359
  358 1901
  358  388
  359 1754
  359 1688
  360 1687
  361 1689
  361  391
  361  392
  361 1919
  362  422
  362  393
  362  363
  362 1919
  363  364
  363  393
  364  394
  364  395
  364  365
  365 1630
  365  396
  365  395
  367  398
  367  397
  369  398
  369  399
  370  400
  370  371
  371  400
  371  401
  372  402
  372  401
  372  373
  373  404
  373  403
  373  374
  373  402
  374  404
  374  375
  375  404
  376  377
  376 1771
  377  407
  377  406
  378  407
  379  438
  379  409
  379  380
  379  408
  380  410
  380  381
  380  409
  381  411
  381  410
  382  411
  382  383
  383  412
  383  384
  384  414
  384  413
  384  385
  385  445
  385  416
  385  415
  385  386
  385  414
  385 1628
  386  387
  387 1950
  387  417
  387  416
  388  418
  390 1687
  390 1689
  391  421
  391  392
  392 1910
  392  422
  392 1919
  393  454
  393  423
  393  422
  394  424
  394  423
  394  395
  395  426
  395  425
  395  396
  396 1773
  397 1630
  397 1773
  397  398
  398  399
  398  428
  398  427
  399 1631
  399  428
  399  400
  400  430
  400  431
  400  401
  401  431
  401  402
  402  463
  402  433
  402  432
  404  433
  404  434
  404  405
  405 1841
  405  466
  405  435
  405 1771
  405  434
  406  467
  406  407
  406  435
  406 1771
  407  468
  407  408
  407  436
  408  438
  408  437
  409  440
  409  410
  409  438
  410  440
  410  411
  411  442
  411  441
  412  443
  412  413
  413  414
  414 1772
  414  444
  415  444
  416  417
  416  445
  417  448
  417  446
  418  448
  418 1951
  418 1911
  418 1875
  418 1688
  418  449
  419 1688
  421  452
  421 1689
  422  453
  422  454
  423 1632
  423  455
  423  454
  425  456
  425  426
  425  455
  426 1831
  426  456
  426  457
  427  459
  427 1774
  427  428
  427 1773
  428  429
  428  459
  429  461
  429  492
  430 1631
  430  461
  431  493
  431  432
  431  461
  432  463
  432  462
  433  464
  433  465
  433  434
  433  463
  434  465
  435  466
  435 1771
  436  468
  436  467
  437  469
  437  438
  437  468
  438  501
  438  470
  438  469
  440  503
  440  471
  440  441
  440  470
  441  471
  441  472
  441  442
  442  473
  442  443
  442  472
  443  473
  443 1772
  444  475
  444  445
  444 1772
  445  475
  445  446
  446  477
  446  447
  446  476
  447  478
  447  448
  447  479
  447  477
  448 1950
  448 1951
  448  479
  449  450
  449  480
  449 1911
  449 1690
  451 1755
  451 1692
  451  452
  452  483
  452 1691
  452 1692
  452 1902
  453 1910
  453  483
  453  454
  453  485
  453  484
  454  485
  455  518
  455  487
  455  486
  455  456
  455 1632
  456  519
  456  488
  456  487
  457  488
  458 1776
  458  459
  458  490
  458 1774
  459  490
  459  491
  460  492
  461  492
  462  494
  462  463
  462  493
  463  495
  463  494
  464  465
  465  496
  465  497
  466  498
  466  467
  467  499
  467  468
  467  498
  468 1633
  468  500
  468  499
  468  469
  469  500
  470  503
  470  502
  470  501
  471  536
  471  472
  471  503
  472  505
  472  506
  472  473
  473 1775
  473 1772
  473 1842
  473  506
  474 1772
  475  509
  475  476
  475  508
  477  541
  477  509
  477  478
  478  511
  478  510
  479 1843
  479  511
  480  512
  480 1777
  480  481
  483 1920
  483 1902
  483 1693
  483  515
  484  516
  484 1920
  484  485
  485  517
  485  516
  485 1632
  486  549
  487  550
  487  519
  488 1864
  488  520
  488  519
  489 1774
  489 1831
  489  521
  489  520
  490  521
  490  554
  490  522
  490 1776
  491  523
  491  492
  491  522
  492  556
  492  523
  492  524
  493  494
  494  495
  494  525
  495  528
  495  527
  495  496
  495  526
  496  528
  496  497
  497  561
  497  530
  497  529
  497  498
  498  531
  498  499
  499  531
  500  564
  500  501
  500  533
  500 1633
  501  534
  501  533
  501  502
  502  535
  502  534
  503  536
  505  568
  505  537
  505  536
  506  537
  506  538
  506  507
  507  539
  507 1775
  508 1842
  508  539
  508  540
  508  509
  509  541
  509  540
  510  542
  510  511
  510  541
  511 1843
  511  542
  512  544
  512 1694
  512  545
  512  513
  512 1777
  514 1695
  514 1692
  515  547
  516  548
  516  517
  517 1659
  517  548
  518  550
  518  580
  518  549
  519  581
  519  551
  519  550
  520  521
  520  552
  521 1776
  521  554
  521  552
  522  555
  522  554
  523  556
  524  585
  524  525
  524  557
  524  556
  526  559
  526  527
  526  558
  527  528
  528  559
  528  560
  529  561
  530  562
  530  531
  530  561
  531  563
  531  562
  531 1633
  533  534
  533  564
  534 1634
  534  535
  534  566
  535  567
  535  536
  535  566
  536  568
  536  567
  537  569
  537 1635
  537  538
  539 1842
  539  598
  539  570
  539  540
  539  569
  539 1775
  540  541
  540  570
  541  571
  541  542
  542  573
  542  572
  543 1965
  543  573
  543 1843
  544 1965
  545 1694
  547  577
  547 1693
  547 1696
  547 1920
  548 1920
  548 1966
  548  579
  548  549
  548 1636
  549  580
  549  579
  549 1637
  551  582
  551  552
  551  581
  553  583
  553  554
  553  582
  554  555
  555  584
  555  583
  555  556
  556  584
  557  558
  557  585
  558  559
  558  586
  559  560
  559  587
  559  589
  560  590
  560  561
  561  591
  561  562
  562  592
  562  563
  563  564
  563  592
  564  593
  564  592
  564 1634
  565  624
  565  594
  566  567
  566  594
  567  568
  567  594
  568  596
  568  595
  569 1635
  569  628
  569  598
  569  597
  570  599
  570  598
  571  599
  571  572
  572  601
  572  600
  572  573
  572  599
  573  632
  573  602
  573  601
  574 1694
  574 1912
  574  602
  576 1695
  577  606
  577  578
  577 1697
  578  606
  578  607
  578 1636
  578 1920
  579  608
  579 1637
  579  609
  580  581
  580  611
  581  582
  581 1778
  581  611
  582  583
  583  612
  583  584
  584  613
  585  614
  585  586
  586  616
  586  587
  586  615
  587  617
  587  616
  587  588
  588  618
  588  589
  589  619
  589  618
  589  590
  590  652
  590  620
  590  619
  590  591
  591  592
  592  622
  592  621
  592  623
  592  593
  593  624
  593  623
  593 1634
  594  626
  594  595
  594  624
  595  626
  595  596
  596  626
  596 1635
  597 1638
  597  628
  597  627
  598  630
  598  599
  598  628
  599  631
  599  600
  600  631
  601  664
  601  632
  601  631
  602  633
  602  632
  602 1965
  603 1698
  603 1694
  603  635
  603  604
  603  634
  605 1696
  605 1699
  606  637
  606 1699
  606  607
  607 1932
  607  638
  607 1967
  608 1932
  608 1966
  608  639
  608  640
  608  609
  609  610
  609  640
  610 1637
  610  611
  610  641
  611  642
  611 1778
  612 1778
  612  674
  612  643
  612  613
  612  642
  613  644
  613  614
  613  643
  614  645
  614  646
  614  644
  614  615
  615  647
  615  646
  615  616
  616  648
  616  617
  617  650
  617  649
  617  648
  617  618
  618  651
  618  650
  619  651
  620  683
  620  653
  620  621
  620  652
  621  622
  621  685
  622  685
  622  655
  622  623
  623  655
  623  624
  624  625
  624  657
  624  656
  625  626
  625  657
  626  627
  626  689
  627  690
  627 1638
  627  659
  627  660
  628  661
  629  630
  630  663
  630  631
  630  662
  631  664
  631 1844
  632 1780
  632 1845
  632  633
  632  664
  633  665
  633 1912
  634 1894
  634  666
  634  665
  634 1912
  636  669
  637  669
  638 1886
  639  671
  639  640
  639  670
  640  672
  640  641
  641  673
  641  642
  642  674
  642  673
  642 1778
  643  675
  643  705
  643  644
  643  674
  644  706
  644  676
  645  646
  645  676
  646  676
  646  677
  647  648
  647  677
  648  680
  648  649
  648  679
  649  680
  650  681
  650  651
  650  680
  651  682
  651  681
  652  683
  652  682
  653  684
  653  685
  653  683
  654  655
  655  687
  655  686
  656  657
  657  687
  658  688
  659  690
  659  689
  661 1638
  661  692
  661  662
  661  691
  662  693
  662  663
  663 1779
  663 1844
  664 1780
  665  695
  666  696
  666  697
  666 1698
  666  667
  666 1894
  667 1756
  668  669
  669 1700
  669 1699
  669  699
  669 1886
  670  700
  670  671
  670 1932
  671  732
  671  702
  671  672
  671  701
  672 1782
  672  703
  673  704
  673  674
  674  705
  675  706
  675 1781
  675 1846
  675  705
  676  707
  676  677
  677  739
  677  708
  677  707
  678  708
  679  709
  679  680
  679  708
  680  681
  680  709
  681 1879
  681  710
  682  712
  682  683
  682 1879
  683  714
  683  713
  683  712
  684 1640
  684  685
  685  715
  685 1640
  685  686
  686  687
  687  688
  687  715
  688  717
  688  689
  688  718
  688  716
  689  720
  689  719
  689  718
  689  690
  690  691
  690  721
  691  721
  691  692
  691 1638
  692  751
  692  722
  692  721
  692  693
  693 1779
  693  723
  693  722
  694 1844
  694  724
  694  725
  694  754
  694 1780
  695 1894
  695 1845
  695 1780
  695  726
  696  727
  699  730
  699  760
  699  731
  699 1886
  700 1938
  700  731
  700  701
  700 1886
  701  761
  701  732
  701  731
  702 1782
  702  733
  702  732
  703  734
  703  704
  703  735
  703 1782
  704  736
  704  735
  705 1781
  706  737
  706  707
  707  737
  707  739
  708  709
  708  740
  710  711
  710  740
  711  742
  711  741
  712 1879
  712  743
  713 1783
  713  744
  715  745
  715  746
  715  716
  715 1640
  716  717
  716  747
  716  746
  717  748
  717  747
  718  719
  719  720
  720  750
  720 1847
  720  721
  720  749
  721 1641
  721  751
  722  752
  722  723
  723  753
  723 1848
  723  752
  723 1779
  724 1844
  724  754
  724 1779
  725  755
  725  726
  725  756
  725  754
  725 1780
  726  757
  726 1977
  726 1895
  726  727
  726  756
  727 1887
  727  757
  727  728
  728  757
  729 1702
  729 1701
  729  730
  730 1700
  730 1702
  730  760
  731 1921
  731  761
  732  762
  732  733
  733  762
  734 1782
  734  735
  735  764
  735  736
  736  766
  736  765
  736 1781
  737 1846
  737 1781
  737  738
  737  766
  738  767
  738 1639
  738  768
  738  739
  739  769
  739  740
  739  768
  740  770
  740  769
  740  741
  741  742
  742  743
  742  772
  742  770
  742 1879
  743 1783
  743  772
  743 1879
  744 1849
  744  773
  744  745
  744 1640
  745 1640
  745  746
  745 1849
  746  775
  746  774
  747  777
  747  775
  747  748
  748  778
  748  749
  749  778
  750 1847
  750 1784
  751  781
  751  752
  751 1641
  753 1848
  753 1785
  754  784
  754  783
  754  755
  755  785
  756  785
  757 1977
  757  818
  757  758
  759 1703
  760 1933
  760  789
  761  790
  761  762
  762  790
  763  792
  763  791
  763  764
  763 1782
  764  765
  764  792
  764 1782
  765  794
  765  793
  765  766
  766  795
  766  794
  766 1639
  766 1781
  767  797
  767  768
  768  769
  768  799
  769  770
  769  800
  770 1788
  770  801
  770  771
  770  800
  771  834
  771  772
  771  801
  771  802
  772  802
  772  803
  772 1783
  773 1783
  773  805
  773  804
  774 1786
  774  775
  774  806
  774 1849
  775  806
  775  807
  776  808
  776  839
  776  777
  777  809
  777 1642
  777  778
  777  808
  778  809
  778 1847
  779  842
  779  812
  779 1641
  779 1787
  779  811
  779 1784
  780 1641
  780  813
  780  781
  780  812
  781 1848
  781  814
  781  813
  781 1785
  782  783
  782 1785
  783  847
  783  816
  783  784
  783  815
  784  817
  784  785
  785 1913
  785  817
  785 1977
  786  818
  786 1913
  789  821
  789 1702
  789 1704
  790  822
  790 1921
  790  823
  790  791
  791  855
  791  792
  791  823
  792  856
  792  824
  792  825
  793  826
  793  794
  794  795
  794  827
  795  796
  795  828
  795 1639
  796  830
  796  829
  796  828
  796  797
  796 1639
  797  831
  797  798
  797  830
  799  832
  799  800
  799  831
  800 1788
  801  833
  802  835
  802 1870
  802  834
  803  835
  804 1850
  804 1783
  805 1849
  805 1850
  806  807
  806  837
  806 1786
  807  870
  807  838
  807  839
  809 1642
  809  872
  809  841
  809  840
  810 1787
  811  842
  811  841
  811 1787
  812  844
  812  813
  812  842
  812 1641
  813  844
  814  846
  814  815
  814 1785
  814  844
  815  847
  815  846
  815 1785
  816 1975
  816  848
  816  817
  816  847
  817 1914
  817  848
  818  819
  818 1705
  818  849
  820 1704
  821  822
  821  853
  821  852
  822 1933
  822 1922
  822  853
  822  854
  822  823
  823  885
  823  855
  824  856
  824  855
  825 1790
  825  858
  825  826
  825  856
  826  859
  827  859
  828  829
  828  859
  829 1791
  829  860
  830 1791
  830  862
  830  831
  831  862
  831  832
  832  863
  832  862
  832 1788
  833 1788
  833  834
  833  864
  835 1870
  835 1789
  835 1850
  836  867
  836 1849
  836  868
  836 1786
  836  837
  837  869
  837  868
  837 1786
  838  901
  838  900
  838  869
  839  871
  839 1642
  839  870
  840  902
  840  872
  840  871
  841  873
  841  842
  841  874
  841  872
  843  874
  843  844
  844  908
  844  876
  844  875
  845  877
  845  846
  846  877
  846  878
  847  878
  848  879
  848 1975
  849  880
  849 1706
  849  881
  849  850
  849 1913
  850 1705
  851 1707
  851  852
  852 1707
  852 1704
  853 1922
  853 1707
  853  883
  854  884
  854  885
  855  886
  855  856
  855  885
  856  887
  856  857
  857 1790
  858  888
  858  889
  858  859
  859  860
  860  889
  861  862
  861  892
  861  891
  861 1791
  862  894
  862  892
  862  863
  863  896
  863  864
  863  894
  863 1788
  864  897
  864  896
  864 1788
  865  866
  865 1870
  866  898
  866  897
  866 1789
  866 1870
  867 1850
  867 1789
  867  868
  868  900
  868  899
  869  900
  870 1851
  870  871
  870  901
  871 1851
  871 1792
  871 1642
  872  903
  872  902
  873  905
  873  874
  873  903
  874  907
  874  905
  874  906
  874  875
  875  908
  875  907
  876  877
  876  908
  877  910
  877  878
  877  908
  878  910
  878 1975
  879  880
  879  911
  879 1914
  879 1972
  880 1914
  880  913
  880  912
  881 1706
  883  917
  883 1884
  884 1979
  884  918
  884  885
  884  917
  885  886
  885  919
  886  919
  886  920
  886  887
  887  921
  887 1790
  887  920
  888 1790
  888  889
  888  921
  889  890
  890 1791
  890  925
  890  923
  891  956
  891  926
  891  892
  891 1791
  893  957
  893  926
  893  927
  893  894
  895  959
  895  896
  895  927
  896  929
  896  897
  897  930
  897  929
  897  898
  898  962
  898  932
  898  899
  898 1789
  898  930
  899  900
  899  933
  899 1789
  900  934
  900  901
  901  935
  901  934
  902  903
  902 1793
  902 1792
  904  938
  904  937
  906  939
  906  907
  907  940
  907  941
  907  939
  908  942
  908  941
  908  909
  909  943
  909  910
  909  942
  910 1643
  910  944
  910 1972
  911 1934
  911  945
  911  944
  912  946
  913 1706
  913  946
  914 1709
  915  916
  915 1707
  916 1707
  916  977
  917 1924
  917  949
  917 1922
  918  951
  918  919
  918 1979
  918  950
  919 1877
  919  951
  920 1877
  920  921
  921 1852
  921  953
  921  952
  921 1790
  922  954
  922  923
  922 1852
  923 1795
  923  924
  923  954
  924 1795
  924  925
  924  955
  925  955
  925 1791
  926  986
  926  957
  926  956
  927  958
  927  959
  927  957
  928  929
  929  990
  929  961
  929  960
  930  961
  931  961
  931  962
  932  993
  932  962
  933 1796
  933  963
  933  934
  934  964
  934 1796
  935  964
  935  965
  935 1851
  936 1792
  936  966
  936 1793
  936  965
  936 1851
  937 1793
  937  998
  937  938
  937  967
  937  966
  938  968
  938  967
  938  939
  939  969
  939  968
  939  940
  940  970
  940  969
  941  971
  941  942
  942  971
  943 1643
  943  971
  944  972
  944 1972
  945 1923
  945  973
  946 1934
  946  974
  946 1708
  948  977
  949 1884
  949  977
  950  978
  950  979
  950  951
  951  979
  952  981
  952  953
  952 1877
  953  981
  954 1852
  954 1794
  955  984
  955  956
  955 1795
  956  986
  956  985
  957  987
  957  986
  958  988
  959  960
  960  989
  960  990
  960  988
  961  962
  961  991
  961  990
  962  992
  963 1796
  963  994
  963  993
  964  965
  964  996
  965  966
  965  997
  965 1851
  966 1028
  966  998
  966 1793
  967  998
  968  999
  968  969
  969 1000
  969  970
  969  999
  970 1002
  970 1001
  970  971
  971 1003
  971 1643
  972 1643
  972 1004
  972  973
  972 1003
  973 1005
  973 1959
  973 1004
  974 1923
  974 1006
  974 1711
  974 1709
  974  975
  974 1005
  975 1710
  976  977
  977 1038
  977 1008
  977 1924
  978 1979
  978 1008
  978 1009
  978  979
  979 1980
  979 1010
  979 1009
  980 1012
  980  981
  980 1010
  980 1877
  981 1877
  981 1043
  981  982
  982 1852
  982 1043
  983  984
  983 1795
  983 1794
  984 1015
  984 1014
  984 1795
  985 1015
  985 1017
  985  986
  986  987
  987 1048
  987 1018
  987  988
  987 1019
  987 1017
  988 1020
  988  989
  989 1020
  990 1021
  990 1020
  990  991
  991 1022
  993 1053
  993 1023
  993  994
  993 1022
  994 1796
  994 1023
  995 1796
  995  996
  996 1644
  996 1027
  997 1027
  997 1028
  998 1029
  998  999
  999 1000
  999 1029
 1000 1061
 1000 1031
 1000 1030
 1001 1002
 1002 1031
 1002 1003
 1003 1004
 1003 1032
 1003 1643
 1004 1935
 1004 1034
 1004 1033
 1005 1035
 1005 1923
 1006 1712
 1008 1924
 1008 1885
 1008 1039
 1009 1040
 1009 1039
 1009 1980
 1010 1981
 1010 1011
 1011 1041
 1011 1012
 1011 1982
 1012 1042
 1012 1073
 1012 1043
 1013 1852
 1013 1014
 1013 1044
 1013 1043
 1013 1794
 1014 1045
 1014 1044
 1014 1046
 1014 1015
 1014 1794
 1015 1046
 1016 1017
 1016 1046
 1017 1048
 1017 1047
 1017 1079
 1018 1049
 1018 1048
 1019 1049
 1019 1050
 1019 1020
 1020 1021
 1020 1050
 1021 1052
 1021 1022
 1021 1051
 1022 1053
 1022 1052
 1023 1646
 1023 1054
 1023 1053
 1024 1025
 1024 1796
 1025 1086
 1025 1055
 1025 1054
 1025 1644
 1025 1796
 1026 1057
 1026 1027
 1026 1055
 1027 1028
 1028 1058
 1028 1797
 1028 1029
 1029 1090
 1029 1059
 1029 1030
 1029 1058
 1030 1061
 1030 1059
 1030 1060
 1031 1032
 1031 1061
 1032 1063
 1032 1062
 1032 1033
 1033 1065
 1033 1034
 1033 1063
 1034 1066
 1034 1065
 1035 1067
 1035 1713
 1035 1711
 1035 1959
 1036 1713
 1037 1714
 1037 1038
 1038 1070
 1038 1714
 1039 1070
 1039 1071
 1041 1072
 1041 1042
 1042 1072
 1042 1073
 1043 1075
 1043 1044
 1043 1073
 1045 1645
 1045 1076
 1045 1077
 1045 1046
 1046 1047
 1046 1078
 1046 1077
 1047 1078
 1047 1079
 1048 1080
 1049 1050
 1050 1112
 1050 1081
 1050 1082
 1051 1083
 1051 1052
 1052 1084
 1052 1053
 1053 1084
 1054 1086
 1054 1646
 1055 1087
 1055 1086
 1055 1644
 1056 1057
 1056 1087
 1057 1120
 1057 1797
 1058 1797
 1058 1089
 1059 1091
 1059 1122
 1059 1090
 1060 1091
 1061 1855
 1061 1092
 1061 1062
 1061 1091
 1062 1124
 1062 1093
 1062 1092
 1062 1798
 1062 1853
 1063 1853
 1063 1094
 1063 1798
 1064 1095
 1065 1066
 1065 1095
 1066 1960
 1066 1935
 1066 1096
 1066 1095
 1067 1097
 1067 1935
 1067 1098
 1068 1098
 1070 1885
 1070 1101
 1070 1071
 1071 1983
 1071 1800
 1071 1102
 1071 1101
 1072 1799
 1072 1982
 1072 1103
 1072 1073
 1073 1104
 1073 1103
 1074 1075
 1074 1104
 1075 1106
 1075 1105
 1075 1076
 1076 1645
 1076 1138
 1076 1107
 1077 1108
 1077 1078
 1078 1079
 1078 1108
 1079 1109
 1079 1110
 1079 1080
 1080 1111
 1080 1110
 1080 1081
 1081 1143
 1081 1112
 1082 1113
 1082 1083
 1082 1112
 1083 1114
 1083 1084
 1083 1113
 1084 1085
 1084 1115
 1084 1646
 1085 1086
 1085 1116
 1085 1117
 1085 1646
 1086 1117
 1086 1119
 1086 1087
 1087 1119
 1088 1801
 1088 1120
 1089 1090
 1089 1121
 1089 1120
 1089 1797
 1090 1121
 1090 1122
 1091 1855
 1091 1122
 1092 1855
 1092 1803
 1093 1155
 1093 1126
 1093 1125
 1093 1798
 1093 1124
 1094 1798
 1094 1127
 1094 1095
 1094 1126
 1096 1128
 1096 1957
 1096 1960
 1097 1957
 1097 1129
 1098 1099
 1098 1716
 1098 1713
 1098 1129
 1099 1757
 1100 1714
 1101 1800
 1101 1132
 1101 1714
 1101 1717
 1102 1133
 1102 1799
 1102 1134
 1103 1799
 1103 1104
 1104 1105
 1104 1135
 1105 1106
 1105 1137
 1105 1166
 1106 1137
 1107 1140
 1107 1138
 1108 1645
 1108 1109
 1109 1110
 1109 1140
 1110 1804
 1110 1142
 1110 1141
 1111 1143
 1112 1145
 1112 1113
 1112 1143
 1113 1145
 1114 1175
 1114 1146
 1114 1145
 1115 1647
 1115 1146
 1116 1117
 1117 1648
 1117 1147
 1118 1119
 1118 1149
 1119 1149
 1119 1801
 1120 1151
 1120 1121
 1121 1152
 1121 1183
 1121 1122
 1122 1152
 1123 1152
 1124 1803
 1124 1125
 1124 1154
 1125 1186
 1125 1154
 1126 1157
 1126 1156
 1126 1127
 1127 1960
 1127 1157
 1128 1129
 1129 1159
 1129 1158
 1131 1717
 1132 1161
 1132 1193
 1133 1134
 1133 1943
 1133 1163
 1134 1163
 1134 1164
 1134 1799
 1135 1165
 1135 1136
 1135 1799
 1136 1166
 1136 1165
 1137 1166
 1137 1138
 1138 1168
 1138 1139
 1138 1167
 1139 1140
 1140 1169
 1140 1168
 1140 1141
 1140 1645
 1141 1169
 1142 1143
 1142 1856
 1142 1804
 1143 1856
 1143 1144
 1144 1206
 1144 1145
 1144 1173
 1144 1172
 1145 1173
 1145 1175
 1146 1176
 1146 1175
 1147 1647
 1147 1177
 1147 1176
 1147 1648
 1148 1177
 1148 1179
 1148 1149
 1148 1178
 1148 1648
 1149 1211
 1149 1180
 1149 1801
 1149 1179
 1150 1801
 1150 1181
 1150 1151
 1150 1180
 1151 1183
 1151 1182
 1151 1181
 1152 1184
 1152 1183
 1153 1854
 1153 1802
 1153 1184
 1154 1186
 1154 1802
 1154 1803
 1155 1187
 1155 1186
 1156 1188
 1156 1157
 1157 1189
 1157 1158
 1157 1960
 1158 1190
 1158 1936
 1158 1159
 1158 1189
 1158 1960
 1159 1719
 1159 1160
 1159 1190
 1159 1716
 1160 1718
 1160 1716
 1161 1717
 1161 1193
 1162 1800
 1162 1891
 1162 1194
 1162 1193
 1163 1195
 1163 1196
 1163 1164
 1164 1227
 1164 1197
 1164 1196
 1164 1165
 1165 1198
 1165 1197
 1166 1167
 1167 1200
 1167 1650
 1167 1168
 1167 1199
 1168 1200
 1168 1201
 1168 1169
 1169 1202
 1169 1201
 1170 1234
 1170 1203
 1170 1804
 1170 1202
 1171 1805
 1171 1204
 1171 1856
 1171 1203
 1171 1804
 1173 1237
 1173 1207
 1173 1206
 1174 1208
 1174 1175
 1175 1208
 1176 1239
 1176 1177
 1176 1647
 1177 1648
 1177 1209
 1177 1210
 1179 1210
 1179 1211
 1180 1212
 1180 1211
 1180 1801
 1181 1213
 1181 1182
 1182 1214
 1182 1213
 1183 1215
 1183 1184
 1184 1215
 1184 1649
 1184 1802
 1185 1186
 1185 1802
 1186 1857
 1186 1218
 1186 1216
 1186 1187
 1187 1219
 1187 1188
 1187 1218
 1188 1220
 1188 1189
 1189 1220
 1190 1222
 1190 1221
 1192 1193
 1193 1256
 1193 1225
 1194 1944
 1194 1225
 1194 1195
 1194 1943
 1195 1943
 1195 1196
 1195 1226
 1196 1227
 1196 1226
 1197 1198
 1197 1227
 1198 1228
 1198 1260
 1198 1229
 1198 1199
 1199 1229
 1200 1650
 1200 1231
 1200 1232
 1200 1230
 1201 1233
 1201 1202
 1202 1234
 1203 1235
 1203 1234
 1203 1804
 1204 1805
 1205 1856
 1205 1236
 1205 1806
 1205 1206
 1206 1236
 1207 1269
 1207 1208
 1207 1238
 1207 1237
 1208 1239
 1208 1238
 1209 1240
 1209 1241
 1209 1210
 1209 1239
 1210 1243
 1210 1242
 1210 1211
 1210 1241
 1211 1808
 1211 1212
 1211 1833
 1212 1808
 1212 1213
 1212 1244
 1213 1244
 1213 1214
 1214 1245
 1214 1215
 1215 1247
 1215 1858
 1215 1246
 1216 1649
 1216 1248
 1216 1247
 1216 1217
 1217 1248
 1218 1807
 1218 1249
 1218 1857
 1219 1220
 1219 1249
 1220 1936
 1220 1251
 1220 1250
 1221 1252
 1221 1222
 1221 1937
 1221 1936
 1222 1253
 1222 1223
 1222 1719
 1223 1758
 1224 1256
 1225 1891
 1225 1257
 1226 1258
 1226 1227
 1227 1290
 1227 1228
 1227 1258
 1228 1260
 1229 1650
 1229 1262
 1229 1260
 1230 1231
 1230 1262
 1231 1294
 1231 1263
 1231 1262
 1232 1264
 1232 1263
 1232 1233
 1233 1859
 1233 1812
 1233 1265
 1233 1234
 1233 1264
 1234 1235
 1234 1265
 1235 1832
 1235 1297
 1235 1267
 1235 1236
 1235 1806
 1236 1806
 1236 1267
 1236 1237
 1237 1269
 1237 1268
 1238 1239
 1238 1269
 1239 1271
 1239 1270
 1241 1273
 1241 1272
 1242 1243
 1243 1273
 1244 1860
 1244 1245
 1244 1808
 1245 1860
 1245 1246
 1245 1277
 1246 1277
 1246 1810
 1246 1858
 1247 1248
 1247 1279
 1247 1649
 1248 1857
 1248 1280
 1249 1281
 1249 1807
 1250 1282
 1250 1251
 1250 1281
 1251 1284
 1251 1283
 1251 1282
 1251 1937
 1253 1811
 1253 1254
 1253 1285
 1255 1256
 1255 1759
 1256 1720
 1256 1257
 1257 1945
 1257 1814
 1257 1258
 1257 1720
 1258 1944
 1258 1290
 1258 1814
 1258 1289
 1259 1291
 1259 1322
 1259 1260
 1259 1290
 1260 1292
 1260 1291
 1261 1262
 1261 1292
 1262 1294
 1262 1292
 1262 1650
 1263 1295
 1263 1294
 1265 1812
 1266 1329
 1266 1296
 1266 1297
 1267 1299
 1267 1268
 1267 1297
 1268 1269
 1269 1652
 1269 1300
 1269 1299
 1270 1301
 1270 1271
 1271 1653
 1271 1272
 1271 1302
 1271 1301
 1272 1303
 1272 1653
 1272 1273
 1273 1304
 1273 1274
 1273 1303
 1274 1833
 1274 1305
 1274 1809
 1274 1304
 1275 1809
 1275 1860
 1275 1305
 1275 1813
 1275 1834
 1276 1817
 1276 1277
 1276 1308
 1277 1810
 1277 1308
 1278 1858
 1278 1310
 1278 1341
 1278 1311
 1280 1857
 1280 1312
 1280 1281
 1280 1807
 1280 1311
 1281 1345
 1281 1313
 1281 1312
 1281 1282
 1281 1807
 1282 1314
 1282 1313
 1283 1818
 1283 1315
 1284 1811
 1284 1315
 1285 1721
 1285 1286
 1285 1811
 1286 1721
 1288 1319
 1288 1320
 1289 1321
 1289 1290
 1290 1353
 1290 1322
 1290 1321
 1291 1354
 1291 1292
 1291 1323
 1292 1820
 1292 1293
 1292 1323
 1293 1820
 1293 1294
 1293 1325
 1293 1326
 1294 1326
 1294 1651
 1295 1859
 1296 1329
 1296 1328
 1296 1815
 1296 1812
 1297 1330
 1297 1329
 1298 1299
 1299 1331
 1299 1332
 1299 1300
 1300 1333
 1300 1332
 1301 1652
 1301 1334
 1301 1333
 1302 1334
 1303 1653
 1303 1367
 1303 1304
 1303 1336
 1304 1305
 1304 1368
 1304 1336
 1305 1809
 1305 1338
 1305 1337
 1306 1813
 1307 1817
 1307 1339
 1307 1308
 1308 1339
 1308 1340
 1309 1810
 1310 1878
 1310 1858
 1310 1341
 1310 1340
 1310 1810
 1311 1342
 1311 1343
 1311 1312
 1311 1341
 1312 1344
 1312 1345
 1313 1346
 1313 1345
 1315 1347
 1315 1818
 1315 1811
 1316 1811
 1316 1889
 1316 1348
 1318 1722
 1318 1319
 1319 1723
 1319 1720
 1319 1351
 1319 1350
 1320 1925
 1320 1351
 1320 1814
 1321 1814
 1321 1353
 1321 1352
 1322 1354
 1322 1353
 1323 1355
 1323 1356
 1323 1354
 1325 1326
 1325 1820
 1326 1651
 1326 1358
 1326 1357
 1327 1390
 1327 1358
 1328 1861
 1328 1651
 1328 1359
 1328 1360
 1328 1329
 1328 1815
 1329 1361
 1329 1330
 1330 1362
 1330 1361
 1330 1331
 1331 1363
 1331 1332
 1332 1395
 1332 1364
 1332 1333
 1333 1334
 1333 1364
 1333 1652
 1334 1397
 1334 1366
 1334 1365
 1334 1653
 1335 1366
 1335 1367
 1336 1368
 1337 1369
 1337 1370
 1337 1338
 1337 1368
 1338 1867
 1338 1835
 1338 1371
 1338 1816
 1339 1371
 1339 1817
 1339 1373
 1339 1340
 1339 1816
 1340 1373
 1341 1374
 1341 1878
 1342 1375
 1342 1374
 1344 1406
 1344 1376
 1344 1345
 1344 1375
 1345 1346
 1346 1378
 1346 1377
 1346 1818
 1346 1376
 1347 1889
 1347 1818
 1347 1379
 1347 1378
 1348 1349
 1348 1721
 1349 1721
 1350 1723
 1351 1382
 1351 1724
 1352 1384
 1352 1654
 1352 1353
 1353 1385
 1353 1819
 1354 1819
 1354 1416
 1354 1385
 1355 1386
 1355 1416
 1356 1387
 1356 1820
 1357 1387
 1357 1388
 1357 1820
 1357 1358
 1358 1390
 1358 1420
 1359 1421
 1359 1391
 1359 1360
 1359 1390
 1360 1391
 1360 1392
 1361 1362
 1362 1393
 1362 1394
 1362 1363
 1362 1392
 1363 1395
 1363 1394
 1364 1821
 1364 1396
 1364 1395
 1365 1397
 1366 1367
 1366 1397
 1367 1399
 1367 1398
 1367 1368
 1368 1400
 1368 1399
 1370 1400
 1370 1401
 1370 1371
 1371 1816
 1371 1402
 1371 1401
 1372 1373
 1373 1434
 1373 1374
 1373 1402
 1373 1878
 1374 1878
 1374 1405
 1374 1403
 1374 1375
 1375 1406
 1375 1405
 1376 1407
 1376 1377
 1376 1406
 1377 1407
 1377 1378
 1378 1409
 1378 1440
 1378 1379
 1378 1818
 1379 1410
 1379 1409
 1380 1889
 1381 1724
 1382 1724
 1382 1383
 1382 1413
 1383 1896
 1383 1384
 1383 1925
 1383 1413
 1384 1925
 1384 1415
 1384 1385
 1385 1654
 1385 1415
 1385 1819
 1386 1417
 1386 1387
 1386 1447
 1386 1416
 1387 1820
 1387 1418
 1387 1417
 1387 1419
 1388 1389
 1389 1449
 1389 1419
 1389 1420
 1390 1421
 1390 1420
 1391 1422
 1391 1392
 1391 1421
 1392 1424
 1392 1393
 1392 1423
 1392 1422
 1393 1425
 1393 1424
 1394 1395
 1395 1821
 1395 1425
 1397 1428
 1397 1427
 1398 1429
 1398 1428
 1398 1399
 1399 1400
 1399 1430
 1400 1461
 1400 1431
 1400 1430
 1400 1401
 1401 1402
 1401 1433
 1401 1431
 1402 1434
 1403 1656
 1403 1435
 1403 1434
 1403 1404
 1404 1436
 1404 1405
 1405 1823
 1405 1406
 1406 1437
 1406 1823
 1407 1437
 1407 1438
 1407 1408
 1408 1440
 1408 1438
 1409 1876
 1409 1952
 1409 1410
 1409 1440
 1410 1411
 1410 1726
 1410 1441
 1410 1889
 1411 1726
 1412 1724
 1412 1725
 1413 1896
 1413 1444
 1413 1727
 1413 1724
 1414 1445
 1414 1415
 1414 1896
 1415 1446
 1415 1445
 1416 1973
 1416 1447
 1416 1446
 1417 1448
 1417 1447
 1418 1419
 1418 1448
 1419 1449
 1419 1448
 1420 1421
 1420 1451
 1420 1449
 1421 1451
 1421 1961
 1422 1961
 1422 1453
 1422 1962
 1422 1423
 1423 1453
 1424 1425
 1424 1453
 1424 1454
 1424 1486
 1425 1454
 1425 1455
 1425 1426
 1426 1821
 1426 1456
 1426 1455
 1427 1862
 1427 1821
 1427 1825
 1427 1458
 1427 1428
 1427 1457
 1428 1459
 1428 1458
 1429 1460
 1429 1430
 1429 1459
 1430 1461
 1430 1460
 1431 1461
 1432 1433
 1432 1463
 1433 1822
 1433 1434
 1433 1655
 1433 1464
 1434 1465
 1434 1656
 1435 1466
 1435 1436
 1436 1467
 1436 1466
 1437 1469
 1437 1438
 1437 1823
 1438 1469
 1439 1470
 1439 1440
 1440 1963
 1440 1470
 1441 1471
 1441 1472
 1444 1475
 1445 1478
 1445 1446
 1445 1477
 1446 1478
 1447 1512
 1447 1480
 1447 1481
 1447 1448
 1447 1973
 1448 1481
 1448 1984
 1449 1953
 1449 1984
 1449 1450
 1450 1451
 1450 1482
 1451 1946
 1451 1452
 1451 1483
 1452 1926
 1452 1962
 1453 1486
 1454 1824
 1454 1486
 1455 1456
 1455 1824
 1455 1487
 1456 1457
 1456 1487
 1456 1488
 1457 1862
 1457 1821
 1458 1969
 1458 1459
 1458 1825
 1459 1460
 1460 1969
 1460 1491
 1460 1968
 1461 1970
 1461 1462
 1461 1968
 1462 1970
 1462 1463
 1462 1494
 1463 1495
 1463 1494
 1463 1822
 1464 1497
 1464 1496
 1464 1822
 1465 1466
 1465 1655
 1465 1656
 1465 1497
 1466 1985
 1466 1656
 1466 1467
 1466 1499
 1467 1468
 1467 1499
 1467 1823
 1468 1823
 1468 1469
 1469 1535
 1469 1502
 1469 1470
 1469 1501
 1470 1954
 1470 1502
 1471 1876
 1471 1828
 1471 1963
 1471 1503
 1472 1726
 1472 1473
 1472 1504
 1473 1504
 1473 1728
 1474 1729
 1474 1727
 1474 1475
 1475 1507
 1475 1727
 1475 1730
 1475 1476
 1476 1508
 1476 1507
 1476 1477
 1476 1896
 1477 1478
 1477 1896
 1478 1973
 1478 1509
 1479 1511
 1479 1897
 1480 1512
 1480 1511
 1481 1953
 1481 1514
 1481 1512
 1482 1515
 1482 1946
 1482 1953
 1483 1515
 1483 1516
 1483 1946
 1484 1962
 1484 1518
 1485 1519
 1485 1518
 1486 1962
 1486 1824
 1486 1519
 1487 1521
 1487 1488
 1487 1824
 1488 1489
 1488 1522
 1489 1863
 1490 1969
 1490 1826
 1490 1927
 1490 1524
 1491 1526
 1491 1892
 1491 1492
 1491 1969
 1492 1493
 1492 1968
 1493 1892
 1494 1529
 1494 1495
 1494 1528
 1495 1822
 1495 1865
 1495 1529
 1496 1827
 1496 1657
 1496 1497
 1496 1865
 1496 1822
 1497 1657
 1497 1985
 1497 1655
 1498 1531
 1498 1532
 1498 1499
 1498 1985
 1499 1500
 1499 1658
 1500 1658
 1500 1501
 1500 1534
 1501 1534
 1501 1535
 1502 1954
 1502 1565
 1502 1535
 1503 1954
 1503 1536
 1503 1828
 1503 1890
 1503 1963
 1504 1538
 1504 1505
 1504 1828
 1507 1740
 1507 1731
 1507 1508
 1507 1541
 1508 1542
 1508 1509
 1509 1741
 1509 1543
 1509 1542
 1509 1897
 1510 1544
 1510 1543
 1511 1882
 1511 1544
 1511 1512
 1512 1513
 1513 1882
 1513 1514
 1514 1546
 1514 1545
 1514 1953
 1515 1898
 1515 1743
 1515 1516
 1515 1546
 1516 1548
 1516 1743
 1516 1926
 1517 1518
 1517 1548
 1517 1926
 1518 1549
 1519 1734
 1519 1550
 1519 1962
 1520 1904
 1520 1550
 1520 1551
 1520 1824
 1521 1824
 1521 1552
 1521 1522
 1521 1904
 1522 1523
 1523 1948
 1523 1552
 1524 1554
 1524 1525
 1524 1947
 1524 1826
 1525 1556
 1525 1526
 1526 1927
 1526 1556
 1526 1892
 1527 1557
 1527 1970
 1527 1556
 1528 1529
 1528 1970
 1528 1557
 1529 1829
 1529 1865
 1530 1827
 1530 1903
 1531 1657
 1531 1903
 1531 1888
 1532 1893
 1532 1888
 1532 1562
 1532 1658
 1533 1563
 1533 1534
 1533 1893
 1534 1535
 1535 1565
 1535 1563
 1536 1565
 1536 1566
 1537 1567
 1537 1566
 1537 1828
 1538 1828
 1538 1568
 1538 1539
 1538 1567
 1540 1740
 1541 1570
 1541 1572
 1541 1571
 1541 1731
 1542 1573
 1542 1731
 1543 1732
 1543 1575
 1543 1741
 1543 1897
 1544 1577
 1544 1732
 1544 1882
 1545 1742
 1545 1733
 1545 1579
 1545 1882
 1546 1581
 1546 1733
 1546 1547
 1546 1898
 1547 1582
 1548 1585
 1548 1584
 1548 1549
 1548 1743
 1549 1734
 1549 1585
 1550 1587
 1550 1588
 1550 1551
 1550 1734
 1551 1589
 1551 1588
 1552 1591
 1552 1735
 1552 1592
 1552 1553
 1553 1593
 1553 1592
 1554 1748
 1554 1947
 1554 1555
 1554 1594
 1555 1597
 1555 1595
 1555 1556
 1556 1736
 1556 1598
 1556 1597
 1557 1736
 1557 1558
 1557 1600
 1557 1970
 1558 1603
 1558 1602
 1558 1829
 1559 1603
 1559 1605
 1559 1903
 1560 1561
 1560 1606
 1560 1750
 1560 1888
 1561 1607
 1561 1608
 1561 1562
 1562 1737
 1562 1609
 1563 1737
 1563 1564
 1563 1611
 1564 1613
 1564 1565
 1564 1612
 1565 1890
 1565 1738
 1565 1614
 1566 1616
 1566 1738
 1566 1567
 1567 1617
 1567 1739
 1567 1616
 1567 1828
 1568 1739
 1570 1740
 1573 1731
 1573 1741
 1575 1732
 1577 1732
 1577 1742
 1579 1733
 1581 1733
 1582 1743
 1585 1744
 1587 1745
 1589 1746
 1591 1747
 1593 1748
 1598 1749
 1600 1736
 1603 1829
 1605 1903
 1607 1750
 1609 1737
 1611 1737
 1614 1751
 1616 1752
 1619 1739
 1622 1768
 1624 1760
 1630 1773
 1632 1659
 1641 1830
 1651 1861
 1657 1903
 1658 1893
 1661 1662
 1661 1880
 1663 1672
 1664 1674
 1665 1917
 1665 1666
 1666 1917
 1670 1753
 1677 1678
 1678 1679
 1679 1680
 1680 1681
 1681 1683
 1682 1684
 1683 1942
 1684 1685
 1685 1754
 1686 1687
 1687 1689
 1688 1690
 1689 1691
 1691 1755
 1692 1693
 1693 1695
 1694 1912
 1695 1696
 1696 1697
 1697 1699
 1698 1756
 1700 1701
 1702 1703
 1703 1704
 1706 1708
 1707 1884
 1708 1709
 1709 1710
 1711 1712
 1712 1713
 1714 1715
 1715 1717
 1716 1757
 1718 1719
 1719 1758
 1720 1759
 1720 1722
 1721 1811
 1724 1725
 1725 1727
 1726 1728
 1729 1730
 1730 1740
 1734 1744
 1734 1745
 1735 1904
 1735 1747
 1735 1746
 1736 1749
 1737 1893
 1738 1751
 1738 1752
 1746 1904
 1748 1947
 1764 1767
 1766 1767
 1772 1842
 1773 1831
 1773 1774
 1774 1776
 1777 1843
 1777 1911
 1784 1787
 1784 1830
 1787 1847
 1799 1983
 1800 1943
 1802 1803
 1803 1854
 1805 1832
 1806 1856
 1808 1834
 1809 1833
 1811 1930
 1812 1815
 1812 1861
 1813 1836
 1813 1866
 1814 1925
 1816 1836
 1816 1817
 1817 1860
 1822 1865
 1825 1826
 1825 1863
 1825 1862
 1826 1863
 1827 1829
 1827 1865
 1831 1864
 1832 1856
 1833 1834
 1835 1866
 1835 1836
 1836 1860
 1843 1911
 1854 1855
 1859 1861
 1862 1863
 1863 1947
 1863 1948
 1866 1867
 1868 1869
 1872 1915
 1872 1873
 1875 1901
 1886 1938
 1887 1895
 1894 1895
 1897 1973
 1900 1906
 1900 1964
 1901 1949
 1902 1910
 1905 1908
 1907 1909
 1913 1914
 1918 1929
 1919 1942
 1921 1933
 1923 1934
 1924 1979
 1925 1928
 1930 1937
 1932 1967
 1932 1938
 1935 1957
 1935 1959
 1936 1937
 1944 1945
 1947 1948
 1949 1950
 1950 1951
 1952 1963
 1954 1963
 1956 1958
 1966 1967
 1968 1971
 1970 1971
 1972 1975
 1980 1981
 1980 1982
 1981 1982
 1982 1983
