    2   53
    4 1652
    4   54
    5   55
    6   55
    8   56
    8 1645
    9   57
    9   56
   10   57
   11   58
   12 1653
   13   59
   14 1737
   14   59
   16 1655
   16   60
   18 1655
   18   61
   19   62
   20 1646
   22 1851
   22   63
   22 1647
   23   64
   23 1851
   25 1648
   25   65
   25   64
   27 1656
   28   67
   28   66
   30 1657
   30 1658
   32 1659
   32 1658
   32   68
   34 1659
   34   69
   35   70
   36   70
   38   71
   39 1660
   39   72
   40   73
   41 1649
   41   73
   43   74
   43 1650
   44   74
   45   75
   45 1651
   46   76
   47   77
   47   76
   48 1847
   48   77
   49 1846
   49   78
   50   78
   51   78
   52   53
   53  112
   53   80
   53   54
   54   82
   54   81
   54 1652
   55 1883
   55 1859
   55   83
   55 1652
   55   84
   55 1645
   56   57
   56   86
   56 1859
   57   58
   58 1653
   58   86
   58   87
   59 1653
   59  117
   59   89
   59 1654
   59   88
   60   90
   60 1878
   60   89
   60 1654
   60 1655
   61   91
   61   62
   61   92
   61 1655
   62 1858
   62 1646
   62   92
   63 1858
   64 1851
   64   65
   64   94
   65 1656
   65  124
   65   95
   66   95
   66 1609
   66   96
   66   67
   66 1656
   67 1657
   68   98
   68   99
   68 1658
   69   70
   69   99
   69 1659
   70 1917
   70   71
   70  100
   71   72
   71 1917
   72  103
   72  102
   72 1660
   73  103
   73 1660
   73  104
   74 1861
   74 1651
   75  106
   75   76
   75  107
   75 1861
   76   77
   77 1918
   77  107
   78 1846
   78   79
   78  109
   80  112
   81  113
   81   82
   81  112
   82 1886
   82   83
   84 1745
   84  114
   84   85
   84 1883
   85 1859
   85   86
   86   87
   86  114
   87  116
   87 1877
   87 1653
   89 1941
   89 1849
   89 1878
   89  117
   90   91
   91  120
   91   92
   91  119
   92  121
   92 2071
   92  120
   93 1850
   93 1858
   94 1850
   94 1851
   95  125
   95 1609
   95  124
   96 1919
   96   97
   96 1657
   97 1951
   97   98
   97  126
   97 1658
   98 1894
   98   99
   98  127
   99  127
   99  100
  100  101
  100  128
  101 1917
  101  129
  101  130
  102  103
  103  132
  103  104
  103  131
  104  133
  104 1895
  105  133
  105 1895
  105 1861
  105 2133
  105  134
  105  106
  106  135
  106  107
  108  136
  108 1885
  108  109
  108 1846
  108 1918
  109 1885
  109  110
  109  137
  109 1846
  111  112
  111 1661
  112  140
  112 1662
  112  113
  113 1886
  113  171
  113  141
  113  140
  114 1953
  114  115
  114 1745
  114  143
  115 1610
  115 1877
  116 1877
  116  117
  116  146
  116 1610
  118  148
  118 1878
  118 1817
  118 1941
  119 1884
  119 1746
  119 1817
  120 2071
  120  149
  121 2071
  121 1858
  121  122
  122  123
  122  151
  122 1850
  123 1850
  123  151
  123  152
  124 1893
  124  154
  124  153
  124  152
  124 1909
  125 1983
  125  154
  125 1909
  125 1919
  126 1951
  126 1919
  126  156
  126  155
  127  128
  127 1951
  127 1972
  127  157
  128 2043
  128  129
  129  159
  129 2043
  129  130
  130 2134
  130  160
  130 2005
  130  159
  131 1917
  131  132
  132 1932
  132  161
  133 2133
  133 1932
  133 1744
  134 1963
  134  135
  135 1918
  136 1918
  136 1887
  136  166
  136 1612
  137  167
  140  170
  140 1663
  140  171
  141 1935
  141  172
  141  142
  141  171
  142 1886
  143 1992
  143 1745
  144 1953
  144 1610
  144  175
  144 1992
  145  146
  145 1610
  146 1996
  146 1990
  146 1611
  146  176
  147  177
  147 1941
  147  148
  147 1849
  147 1990
  148 1817
  148  178
  148  177
  149 2071
  149  179
  149  150
  149 1746
  149  178
  150 1997
  150  180
  150  179
  150 2071
  151  181
  151 1955
  151 1614
  151  182
  151 2089
  151  152
  151 1991
  152  153
  153  182
  153  183
  155 1983
  155  156
  156 2135
  156  186
  156  185
  156  157
  157 1818
  157 1951
  158 1972
  158  187
  158 1818
  159 2118
  159 2134
  159  188
  160  190
  160  161
  160 1917
  161  162
  162 2020
  162 1744
  162  191
  163 2056
  163 2133
  163 2044
  163  192
  163 1613
  163 1744
  164 2133
  164 1748
  164 1963
  164  194
  165 1748
  165 1963
  165  195
  165  196
  165 1612
  165 1918
  166 1887
  166 1612
  166  196
  167  198
  167 1885
  167  168
  169 1662
  170 1852
  170  201
  171 1933
  171 1852
  172 2024
  172  202
  172  203
  172  173
  172 1935
  172 1745
  173 1992
  173 1745
  173  204
  173  203
  174 1992
  174 1753
  174  205
  174  175
  174  204
  175 1611
  175 2052
  175  205
  175 1610
  176 2052
  176 1749
  176  206
  176 1611
  177  207
  177  208
  177 1819
  177  178
  178  210
  178  179
  178  208
  178 1746
  179  211
  179  210
  180 1991
  181 1991
  181 1614
  181  211
  182  213
  182  183
  183  213
  183 1983
  184 1983
  184 2078
  184  216
  184  215
  185 2084
  185 2078
  186 1818
  186 2188
  186  218
  186 2135
  187  188
  187  220
  187  219
  188  220
  188 2043
  189 2118
  189  251
  189  222
  189 2015
  189 2134
  190  191
  190 2005
  191 2082
  191 2020
  191  223
  191 2015
  191 2057
  192 2020
  193  226
  193 2056
  193  225
  193  194
  193 2044
  194 1750
  194 1748
  194 1751
  194  226
  195  227
  195 1751
  195 1748
  195  259
  196 2009
  196  259
  196  228
  196 1612
  197 1896
  197  229
  197 1887
  198 1887
  198  229
  198  199
  200 1664
  200 1663
  201  232
  201 1663
  201 1665
  202 1935
  202  233
  203 2120
  203  234
  203  235
  203  204
  203 2024
  205  236
  205 1752
  205 1753
  206 2171
  206  238
  206  237
  206 2052
  207 1749
  207  238
  208  239
  208  209
  209  210
  209  240
  209  239
  210 2105
  210  240
  212 1614
  212  242
  212  243
  212 2089
  213  244
  213 2062
  214  215
  215 1615
  215  245
  215  216
  215 1983
  216 2170
  216  246
  216  245
  217 2169
  217 2135
  217 2078
  218 2194
  218  247
  218  248
  218 2135
  219 2188
  220 2201
  220  249
  220  221
  220 2118
  221 2118
  221  251
  221  250
  222  252
  222 2057
  223  254
  223 2082
  223  255
  223  224
  224 2106
  224 2056
  224  255
  224 2020
  225 2163
  225  256
  225  226
  225 2152
  226 2163
  226 1750
  227 1751
  227  257
  227  258
  227 1750
  228 1896
  228  260
  228  259
  229 1896
  229  230
  229  261
  230  261
  232 1667
  232 1852
  232  265
  232  264
  232 1933
  233 2025
  233  265
  233 2063
  233  266
  234  267
  234 2063
  235  268
  235  269
  235 1753
  235 2120
  236 1753
  236  270
  236 2171
  236  269
  237  270
  237 2258
  237 2239
  237 2171
  238 2164
  239  240
  239 2164
  239  272
  240 2242
  240  274
  240  275
  241 1614
  241 2105
  242  277
  242 2158
  242  243
  243  277
  243  278
  243  244
  243 2089
  244 2062
  244 2147
  244 1615
  245  280
  245  246
  245 2147
  246 2159
  246  280
  246  281
  246 2169
  247  282
  247 2135
  247  248
  247 2119
  248 2300
  248  283
  248 2252
  248  282
  249 2153
  249  284
  250 2210
  250  251
  250  285
  250 2201
  251  252
  251 2210
  252 2210
  252  253
  252  286
  253 2082
  254 2082
  254  288
  254  255
  254  287
  255  288
  255 2152
  256 2251
  256  290
  256 2152
  256 2163
  257  291
  257 1750
  257  292
  257  258
  257 2163
  258  259
  258 2033
  259  260
  260 1896
  260  293
  261  295
  261 1668
  261  262
  262 1666
  263 1665
  264 1920
  264  265
  265  266
  265 1920
  266 1920
  266  301
  266 2063
  267  301
  267 2063
  267  302
  267 2120
  268  302
  268  303
  268  331
  268  269
  269  304
  269  303
  269  270
  270 2258
  271 2275
  271  305
  271  272
  271 2239
  271 2164
  272  273
  273 2275
  273 2242
  273 1820
  273  306
  274  307
  274 2242
  275 2148
  275 2105
  276 2107
  276 2148
  276 2110
  277  309
  277 2158
  277 1616
  277  278
  278 2147
  278  310
  278  311
  278  279
  279  280
  280  313
  280  281
  280 2276
  281  282
  282  314
  283  284
  283 2252
  283 2194
  284 2201
  285  318
  285  317
  285 2201
  286  319
  286  287
  288  349
  288  319
  288  289
  289  321
  289  320
  289  290
  290 2152
  290 2251
  290  321
  291  323
  292  323
  293 1986
  294  325
  294 1896
  295 1896
  295  325
  297  298
  298 1670
  298  327
  298 1667
  299 1667
  299 1897
  299 1670
  299  328
  300  301
  300 1998
  300  329
  300 1920
  301 2063
  301 1993
  301  330
  301 2067
  302 2120
  302  331
  302 2101
  303 2195
  303  332
  303  304
  304 2258
  304  364
  304  333
  304  332
  305  333
  305 2259
  305 2275
  306  336
  306 1820
  306  335
  306  334
  307 2248
  307 2306
  307 1754
  308  338
  308 2248
  308 2271
  308 2196
  308 2240
  309 2196
  310  372
  310  311
  310 1616
  310  340
  311  341
  311  312
  312  342
  312 2276
  312  341
  313 2276
  313  314
  313  343
  313  342
  314 2300
  315 2289
  315  376
  315  345
  315  316
  315 2252
  315  344
  316 2290
  316  345
  316 2252
  317 2260
  317  346
  317 2244
  317  318
  317 2201
  318  347
  318 2202
  318 2210
  319 2202
  320 2266
  320  350
  320  321
  320  349
  321 2251
  321  351
  321 2266
  322  352
  322 2143
  322  351
  322 2251
  323  353
  323 2033
  323  354
  323 2143
  324  354
  324  355
  324 1973
  324 1986
  324 2034
  325 1986
  325 1879
  325  356
  325  355
  325 1668
  326 1668
  328 1671
  328  359
  330 2026
  331 2102
  332  363
  332  364
  333 2258
  333  395
  333  334
  333  364
  334  366
  334  367
  334  335
  334  365
  334 2275
  335  397
  335  336
  336 2294
  336 1820
  336  368
  336  397
  337  368
  337 2306
  337 2271
  337  369
  338 2271
  338  370
  338  369
  338  339
  338 2196
  339  340
  339 1616
  340  371
  341  373
  341 2324
  341  372
  342 1821
  342 2324
  342 1755
  342  343
  343 2325
  343 1755
  343  374
  344  375
  344 2326
  344  376
  345  406
  345  377
  345  376
  346  378
  346 2290
  346 2260
  346  377
  347 2260
  347 2223
  347  379
  347  378
  348 2202
  348  349
  348 2223
  349  380
  350 2266
  350 2267
  350  381
  351  382
  351 2266
  351  352
  352 2143
  352 2186
  353 2143
  353  354
  353 2186
  353  384
  354 2034
  354  385
  354 2045
  355 1926
  355 1986
  356 1669
  356 1672
  356  357
  356 1879
  356  386
  357 1738
  357 1672
  358 1671
  359 1673
  359  389
  359  390
  359 1897
  360 2026
  360 1974
  360  391
  360 1993
  360  390
  360 1897
  361 2160
  361  391
  361  392
  361 2102
  361 2026
  362  393
  362 2160
  362 2102
  362 2197
  363 2215
  363 2195
  363  394
  364  395
  364 1617
  365  396
  365  366
  365  395
  367  396
  367  397
  368 2294
  368  398
  368  369
  368  397
  369  370
  369  398
  369  399
  370  371
  371  402
  371  401
  371  372
  371  400
  372  402
  372  373
  373  402
  374  375
  374  404
  374 1755
  375 2325
  375  405
  375  376
  375  404
  376  405
  377  436
  377  407
  377  378
  377  406
  378  408
  378  379
  378  407
  379  409
  379  380
  380 2223
  380  381
  381 2268
  381 2267
  381  411
  381  410
  382  412
  383 2122
  383 2090
  383  384
  384 2045
  384 2186
  385  415
  385 1973
  385 1927
  385 2045
  385 1999
  386  416
  388 1671
  388 1673
  389  390
  389 1673
  390 1974
  390 1888
  390  420
  390 1897
  391 2026
  391 2010
  391  392
  392 2160
  392  421
  393 2197
  393 2215
  393 2198
  393 2160
  393  423
  394 1757
  394 1617
  394 2215
  395 1617
  395  425
  395  396
  396  397
  396  426
  396  425
  397 1618
  397  426
  397  398
  398  428
  398  429
  398  399
  399  430
  399  429
  399  400
  400  461
  400  431
  400  430
  400  401
  402  431
  402  432
  402  403
  403 1821
  403  464
  403  433
  403 1755
  403  432
  404  465
  404  405
  404  433
  404 1755
  405  466
  405  406
  405  434
  406  436
  406  435
  407  438
  407  408
  407  436
  408  439
  408  438
  408  409
  409  440
  409  439
  409  410
  410  441
  410  411
  411 1756
  412  442
  412  413
  412 2268
  413 2180
  413 2175
  413 2122
  413  442
  414  444
  414 2045
  415  446
  416  446
  416 1928
  416 1889
  416 1853
  416 1672
  416  447
  417 1672
  419  450
  419 1673
  420  451
  422  453
  422 2160
  423  453
  424  455
  424 2215
  424 2224
  425  457
  425 1758
  425  426
  426  427
  426  457
  427  459
  427  490
  428 1618
  428  459
  429  491
  429  430
  429  459
  430  461
  430  460
  431  462
  431  463
  431  432
  431  461
  432  463
  433  464
  433 1755
  434  466
  434  465
  435  467
  435  436
  435  466
  436  499
  436  468
  436  467
  438  501
  438  469
  438  439
  438  468
  439  469
  439  470
  439  440
  440  471
  440  441
  440  470
  441  471
  441 1756
  442  472
  442 1756
  443 2122
  443 2121
  444 2048
  444 2090
  444 2000
  444 2121
  445  476
  445 2048
  445  446
  445  477
  445 2000
  446 1928
  446 1889
  446  477
  447  448
  447  478
  447 1889
  447 1674
  449 1739
  449 1676
  449  450
  450  481
  450 1675
  450 1676
  450 1880
  451 1975
  451 1888
  451  481
  451  482
  452 2010
  452  483
  452 2187
  452 1976
  453 2181
  453 2187
  454 2224
  454  485
  454  517
  454  486
  454  455
  454 2181
  455 1812
  455  486
  456 1760
  456  457
  456  488
  456 1758
  457  488
  457  489
  458  490
  459  490
  460  492
  460  461
  460  491
  461  493
  461  492
  462  463
  463  494
  463  495
  464  496
  464  465
  465  497
  465  466
  465  496
  466 1620
  466  498
  466  497
  466  467
  467  498
  468  501
  468  500
  468  499
  469  534
  469  470
  469  501
  470  503
  470  504
  470  471
  471 1759
  471 1756
  471 1822
  471  504
  472 2211
  472  506
  472  473
  472 1756
  473 2180
  473  507
  473  474
  473 2211
  474 2111
  474  507
  474  475
  474 2121
  475  508
  475 2121
  475 2048
  476 2048
  476 2027
  476  509
  476  508
  477 1823
  477  509
  478  510
  478 1761
  478  479
  481 1898
  481 1880
  481 1677
  481  482
  481  513
  482  514
  482 1976
  483 1976
  483  515
  483 1619
  484 1619
  484  547
  484 2245
  484  516
  485  517
  485 2282
  485 2245
  485 2181
  485  516
  486 1844
  486  487
  486  518
  487 1758
  487 1812
  487  519
  487  518
  488  519
  488  552
  488  520
  488 1760
  489  521
  489  490
  489  520
  490  554
  490  521
  490  522
  491  492
  492  493
  492  523
  493  526
  493  525
  493  494
  493  524
  494  526
  494  495
  495  559
  495  528
  495  527
  495  496
  496  529
  496  497
  497  529
  498  562
  498  499
  498  531
  498 1620
  499  532
  499  531
  499  500
  500  533
  500  532
  501  534
  503  566
  503  535
  503  534
  504  535
  504  536
  504  505
  505 1759
  505  536
  506 2225
  506 1822
  506  537
  506 2211
  507 2222
  507 2211
  508 2111
  508 2027
  508  539
  508 2048
  509  540
  509 1823
  509 2027
  510  542
  510 1678
  510  543
  510  511
  510 1761
  512 1679
  512 1676
  513  545
  514 2036
  514 1976
  514  546
  515  547
  515 2036
  515 1619
  516 2282
  516 2136
  516 2245
  517 2282
  517  579
  517  518
  517  549
  518  519
  518  550
  519 1760
  519  552
  519  551
  520  553
  520  552
  521  554
  522  583
  522  523
  522  555
  522  554
  524  557
  524  525
  524  556
  525  526
  526  557
  526  558
  527  559
  528  560
  528  529
  528  559
  529  561
  529  560
  529 1620
  531  532
  531  562
  532 1621
  532  533
  532  564
  533  565
  533  534
  533  564
  534  566
  534  565
  535  567
  535 1622
  535  536
  536  567
  537 1822
  537  596
  537  567
  538 2222
  538  569
  539 2037
  540  571
  541 2061
  541 1823
  543 1678
  545  575
  545 1677
  545 1680
  545 1898
  546 1898
  546  577
  546 2036
  546 1623
  546  576
  547  578
  547 2136
  547 2036
  548 2123
  548  579
  548 2136
  549 2208
  549  580
  549  550
  550 2291
  550  551
  551  552
  552  553
  552  581
  553  582
  553  581
  553  554
  554  582
  555  556
  555  583
  556  557
  556  584
  557  558
  557  585
  557  587
  558  588
  558  559
  559  589
  559  560
  560  590
  560  561
  561  562
  561  590
  562  591
  562  590
  562 1621
  563  622
  563  592
  564  565
  564  592
  565  566
  565  592
  566  594
  566  593
  567 1622
  567 2307
  567  595
  568 2246
  568 2225
  568  569
  568  597
  568  596
  569 2176
  569  597
  569 2113
  570 2176
  570  598
  570  599
  570 2037
  570 2113
  571  599
  571 2011
  571  600
  571 1942
  571 2037
  572 1942
  572 2061
  572 1678
  572 1890
  572  600
  574 1679
  575  604
  575  576
  575 1681
  576  604
  576  605
  576 1623
  576 1898
  577  606
  577  607
  578  608
  578 1624
  579  609
  580 2301
  581  611
  581 2309
  581  582
  582  611
  583  612
  583  584
  584  614
  584  585
  584  613
  585  615
  585  614
  585  586
  586  616
  586  587
  587  617
  587  616
  587  588
  588  650
  588  618
  588  617
  588  589
  589  590
  590  620
  590  619
  590  621
  590  591
  591  622
  591  621
  591 1621
  592  624
  592  593
  592  622
  593  624
  593  594
  594 2327
  594  625
  594  624
  594 1622
  595 2307
  595 2327
  596  627
  596 2307
  596 2246
  596 2225
  597 2176
  597 2154
  597 2246
  598  629
  598 2176
  598 2154
  598  599
  599 2037
  599 2049
  600  631
  600 2011
  600  630
  600 1942
  601 1682
  601 1678
  601  633
  601  602
  601  632
  603 1680
  603 1683
  604 1681
  604 1683
  604  605
  605 1910
  605  636
  605 1944
  606 1910
  606 1944
  606  637
  606  638
  606  607
  607  608
  607  638
  607 1624
  608 2072
  608 1624
  608 2123
  608  639
  609  640
  609 2173
  609 1762
  609  639
  610 2291
  610  640
  610 2301
  610  672
  610 2309
  611  641
  611  642
  611  612
  612  643
  612  644
  612  642
  612  613
  613  645
  613  644
  613  614
  614  646
  614  615
  615  648
  615  647
  615  646
  615  616
  616  649
  616  648
  617  649
  618  681
  618  651
  618  619
  618  650
  619  620
  619  683
  620  683
  620  653
  620  621
  621  653
  621  622
  622  623
  622  655
  622  654
  623  624
  623  655
  624  625
  624  687
  625  688
  625  657
  626  659
  626 2307
  627  659
  628  661
  628 2154
  629  661
  629 2154
  629  662
  630 1825
  630  631
  631  632
  631 1890
  632 1872
  632  664
  632  663
  632 1890
  634  667
  635  667
  636 1864
  637 1984
  637  668
  638 1984
  639  670
  639 2073
  639 2123
  640 2301
  640 2216
  640  672
  640  671
  640 1762
  641 2309
  641  673
  641  703
  641  642
  641  672
  642  704
  642  674
  643  644
  643  674
  644  674
  644  675
  645  646
  645  675
  646  678
  646  647
  646  677
  647  678
  648  679
  648  649
  648  678
  649  680
  649  679
  650  681
  650  680
  651  682
  651  683
  651  681
  652  653
  653  685
  653  684
  654  655
  655  685
  656  686
  657  688
  657  687
  658 2319
  658  689
  658 2327
  659  690
  659 1625
  659  660
  660 2212
  660  690
  661  691
  661 1763
  661 1824
  661 2212
  662  692
  662 1824
  662 1764
  662 2049
  663  693
  664  694
  664  695
  664 1682
  664  665
  664 1872
  665 1740
  666  667
  667 1684
  667 1683
  667  697
  667 1864
  668  698
  668  699
  668 1910
  669  700
  669  699
  669 2028
  669 2073
  669 1984
  670  700
  670 2137
  670 2173
  671  701
  671 2173
  672  702
  673  704
  673 1765
  673 1826
  673  703
  674  705
  674  675
  675  737
  675  706
  675  705
  676  706
  677  707
  677  678
  677  706
  678  679
  678  707
  679 1857
  679  708
  680  710
  680  681
  680 1857
  681  712
  681  711
  681  710
  682 1627
  682  683
  683  713
  683 1627
  683  684
  684  685
  685  686
  685  713
  686  715
  686  687
  686  716
  686  714
  687  718
  687  717
  687  716
  687  688
  688 2327
  688  689
  688  719
  689 2320
  689  719
  690  720
  690 2319
  690 2212
  691 2189
  691 2212
  691 1763
  691 2241
  692 2012
  692 2053
  692 1824
  692  722
  692 1764
  693 1872
  693 1825
  693  724
  694  725
  697  728
  697  758
  697  729
  697 1864
  698 1916
  698  729
  698  699
  698 1864
  699  730
  699 1984
  699 2028
  699  729
  700  731
  700 2028
  700 2137
  700 1766
  701 2262
  701  732
  701 2216
  701  733
  701 2137
  702  734
  702 2263
  702  703
  702 2262
  703 1765
  703  734
  704  735
  704  705
  705  735
  705  737
  706  707
  706  738
  708  709
  708  738
  709  740
  709  739
  710 1857
  710  741
  711 1767
  711  742
  713  743
  713  744
  713  714
  713 1627
  714  715
  714  745
  714  744
  715  746
  715  745
  716  717
  717  718
  718  748
  718 1827
  718  719
  718  747
  719 1628
  719  749
  719  748
  720 2320
  720 2283
  720  750
  720  749
  720 2241
  721  751
  721 1763
  722 1824
  722  751
  723  724
  723 1764
  724  755
  724 1954
  724 1873
  724  725
  724  754
  725 1865
  725  755
  725  726
  726  755
  727 1686
  727 1685
  727  728
  728 1684
  728 1685
  728  758
  729 1899
  729  759
  729 2001
  730 1966
  730 2001
  730  760
  731 2028
  731 1766
  731  760
  732 2182
  732 2137
  732  762
  733  763
  733 2182
  734  764
  734 2277
  734 1765
  735 1826
  735 1765
  735  736
  735  764
  736  765
  736 1626
  736  766
  736  737
  737  767
  737  738
  737  766
  738  768
  738  767
  738  739
  739  740
  740  741
  740  770
  740  768
  740 1857
  741 1767
  741  770
  741 1857
  742 1829
  742  771
  742  743
  742 1627
  743 1627
  743  744
  743 1829
  744  773
  744  772
  745  775
  745  773
  745  746
  746  776
  746  747
  747  776
  748 1827
  748 1628
  748 1768
  749  778
  749 2318
  749 1628
  749 2320
  750  779
  750 2189
  750 1828
  751 1828
  751  780
  751  752
  751 1769
  752  781
  752  780
  752  753
  752 2053
  753 2012
  753  782
  753  754
  753  781
  754 1954
  754  782
  755 1954
  755  815
  755  756
  757 1687
  758 1911
  758  786
  760 2004
  760 2028
  761 2077
  762  790
  762 2108
  763 2263
  763  791
  763 2204
  764 2310
  764 1626
  764  792
  764 1765
  765  794
  765  766
  765  793
  766  767
  766  796
  767  768
  767  797
  768 1772
  768  798
  768  769
  768  797
  769  831
  769  770
  769  798
  769  799
  770  799
  770  800
  770 1767
  771 1767
  771  802
  771  801
  772 1770
  772  773
  772  803
  772 1829
  773  803
  773  804
  774  805
  774  836
  774  775
  775  806
  775 1629
  775  776
  775  805
  776  806
  776 1827
  777 2318
  777 1811
  777  839
  777 1628
  777 1771
  777  808
  777 1768
  778  809
  778 2318
  778  810
  778 2283
  779 2283
  779 1769
  779  810
  779 1828
  780  813
  780 1769
  780  781
  780  812
  781  813
  781  782
  782 1891
  782  814
  782 1954
  783  815
  783 1891
  786  818
  786 1686
  786 1688
  787  819
  787 1899
  787  820
  787 2004
  787 1966
  787 1911
  788 2077
  788  820
  788  852
  788 2068
  789 2108
  789  821
  789 2161
  789 2074
  789 2068
  790 2182
  790 2161
  791  823
  791 2237
  791 2204
  791 2277
  791  824
  792 2310
  792  825
  792 2277
  793  826
  793  827
  793  794
  793 1626
  794  828
  794  795
  794  827
  796  829
  796  797
  796  828
  797 1772
  798  830
  799  832
  799 1848
  799  831
  800  832
  801 1830
  801 1767
  802 1829
  802 1830
  803  804
  803  834
  803 1770
  804  867
  804  835
  804  836
  806 1629
  806  869
  806  838
  806  837
  807 1771
  808  839
  808  838
  808 1771
  809  840
  809  839
  810  811
  810 2226
  810 2283
  811  812
  811  842
  811  841
  811 1769
  812 2038
  812 2091
  812  843
  813 2038
  813  845
  813  814
  814 1892
  814  845
  815  816
  815 1689
  815  846
  817 1688
  818  819
  818  850
  818  849
  819 1911
  819 1900
  819  850
  819  851
  819  820
  820  852
  820 2004
  820 2013
  820 1981
  821 2114
  821 2068
  821  853
  821  852
  821 2161
  822 2205
  822  853
  822 2235
  822 2161
  823 2228
  824  856
  824 2277
  825  856
  826 1775
  826 2310
  827 1775
  827  859
  827  828
  828  859
  828  829
  829  860
  829  859
  829 1772
  830 1772
  830  831
  830  861
  832 1848
  832 1773
  832 1830
  833  864
  833 1829
  833  865
  833 1770
  833  834
  834  866
  834  865
  834 1770
  835  898
  835  897
  835  866
  836  868
  836 1629
  836  867
  837  899
  837  869
  837  868
  838  870
  838  839
  838  871
  838  869
  839 2328
  839  871
  840  872
  840 2328
  840 2226
  841  905
  841  873
  842  873
  843 2054
  843  875
  843 2042
  844  875
  844 1980
  845 1952
  845 1980
  845 1892
  846  877
  846 1690
  846  878
  846  847
  846 1891
  847 1689
  848 1691
  848  849
  849  850
  849 1691
  849 1688
  850 1900
  850 1691
  851  881
  852 2114
  852 2058
  853 2165
  853 2161
  853  854
  853 2114
  854 2235
  854 2165
  854  884
  854 1774
  855  856
  855 2235
  855 1774
  855 2228
  855  885
  856 2321
  856  857
  857 2311
  857  886
  858  859
  858  889
  858  888
  858 1775
  859  891
  859  889
  859  860
  860  893
  860  861
  860  891
  860 1772
  861  894
  861  893
  861 1772
  862  863
  862 1848
  863  895
  863  894
  863 1773
  863 1848
  864 1830
  864 1773
  864  865
  865  897
  865  896
  866  897
  867 1831
  867  868
  867  898
  868 1831
  868 1776
  868 1629
  869  900
  869  899
  870  902
  870  871
  870  900
  871 2296
  871  902
  871  903
  872 2227
  872  905
  872  904
  873 2166
  873  874
  873  905
  874 2091
  874 2054
  874 2166
  875 2054
  875 1952
  875 1987
  876  877
  876  908
  876 1892
  876 1949
  877 1892
  877 1690
  877  909
  878 1690
  880  914
  880 1862
  881 1956
  881  915
  881  882
  881 2006
  881  914
  881 1981
  882 2058
  882 2013
  883 2114
  883  916
  883 2059
  884 1774
  884 2274
  884  917
  884 2269
  885 2274
  885 1774
  885  886
  885  919
  885 2321
  886  887
  886  919
  886  920
  886 2321
  887 1775
  887  922
  887  920
  888  953
  888  923
  888  889
  888 1775
  890  954
  890  923
  890  924
  890  891
  892  956
  892  893
  892  924
  893  926
  893  894
  894  927
  894  926
  894  895
  895  959
  895  929
  895  896
  895 1773
  895  927
  896  897
  896  930
  896 1773
  897  931
  897  898
  898  932
  898  931
  899  900
  899 1777
  899 1776
  901  935
  901  934
  902  936
  902  903
  903 2297
  903  936
  904  937
  904  938
  904 2328
  905 2167
  905  938
  906  940
  906 2054
  906  939
  907 2054
  907 1630
  907  941
  908 1987
  908 1912
  908  942
  908  941
  909  943
  910 1690
  910  943
  911 1693
  911 1690
  912  913
  912 1691
  913 1691
  913  974
  914 1902
  914  946
  914 1900
  915  947
  915  948
  915 2059
  915 2006
  916 2059
  916  917
  916 2124
  916 2165
  917 2165
  917 2269
  917  949
  918  950
  918 1832
  918  919
  918 2269
  918 2274
  919  951
  920 1779
  920  921
  920  951
  921 1779
  921  922
  921  952
  922  952
  922 1775
  923  982
  923  954
  923  953
  924  955
  924  956
  924  954
  925  926
  926  986
  926  958
  926  957
  927  958
  928  958
  928  959
  929  989
  929  959
  930 1780
  930  960
  930  931
  931  961
  931 1780
  932  961
  932  962
  932 1831
  933 1776
  933  963
  933 1777
  933  962
  933 1831
  934 1777
  934  994
  934  935
  934  964
  934  963
  935  965
  935  964
  935  936
  936  966
  936  965
  937 2316
  937  966
  937 2297
  937  967
  938 2203
  938  967
  939 2086
  939 2166
  940 1630
  941  969
  941 1987
  942 1901
  942  970
  943 1912
  943  971
  943 1692
  945  974
  946 1862
  946  974
  947 2006
  947 1006
  947  975
  947 1977
  947  948
  948 2059
  948 1006
  948 1855
  949 2124
  949 2125
  949 2138
  949 2177
  949 2269
  950 2177
  950  978
  951  979
  951 1778
  952  980
  952  953
  952 1779
  953  982
  953  981
  954  983
  954  982
  955  984
  956  957
  957  985
  957  986
  957  984
  958  959
  958  987
  958  986
  959  988
  960 1780
  960  990
  960  989
  961  962
  961  992
  962  993
  962  963
  962 1831
  963 1024
  963  994
  963 1777
  964  994
  965  995
  965  966
  966 2297
  966  996
  966  995
  967  997
  967 2230
  967  998
  968  999
  968 2178
  968 2167
  968 2086
  968 2203
  968  998
  969 1630
  969 2030
  969 1000
  969  970
  969 2086
  969  999
  970 1001
  970 1936
  970 1000
  971 1901
  971 1002
  971 1695
  971 1693
  971  972
  971 1001
  972 1694
  973  974
  974 1034
  974 1004
  974 1902
  975 1977
  975 1956
  975 1004
  975 1005
  976 2029
  976 2064
  976 1006
  977 2125
  977 2094
  977 1008
  978 2270
  978 1009
  978 2229
  978 1832
  978 2139
  979 2303
  979 2270
  979 1779
  979 1778
  980 1011
  980 2304
  980  981
  980 1779
  981 1011
  981 1013
  981  982
  982  983
  983 1043
  983 1014
  983  984
  983 1015
  983 1013
  984 1016
  984  985
  985 1016
  986 1017
  986 1016
  986  987
  987 1018
  989 1048
  989 1019
  989  990
  989 1018
  990 1780
  990 1019
  991 1780
  991  992
  992 1631
  992 1023
  993 1023
  993 1024
  994 1025
  994  995
  995  996
  995 1025
  996 2322
  996 1027
  996 1026
  996 2316
  997 2316
  997 1027
  998 2178
  998 2230
  998 2203
  999 2178
  999 1029
  999 2126
  999 2086
 1000 1913
 1000 1936
 1000 2030
 1001 1031
 1001 1901
 1002 1696
 1004 1902
 1004 1863
 1004 1035
 1005 1965
 1005 1035
 1006 1977
 1006 1007
 1006 1957
 1007 1959
 1008 2064
 1009 2253
 1009 2229
 1009 1039
 1009 2238
 1010 2298
 1010 1040
 1010 2270
 1011 1041
 1011 1012
 1012 1013
 1012 1041
 1013 1043
 1013 1042
 1013 1074
 1014 1044
 1014 1043
 1015 1044
 1015 1045
 1015 1016
 1016 1017
 1016 1045
 1017 1047
 1017 1018
 1017 1046
 1018 1048
 1018 1047
 1019 1633
 1019 1049
 1019 1048
 1020 1021
 1020 1780
 1021 1081
 1021 1050
 1021 1049
 1021 1631
 1021 1780
 1022 1052
 1022 1023
 1022 1050
 1023 1024
 1024 1053
 1024 1781
 1024 1025
 1025 1085
 1025 1054
 1025 1026
 1025 1053
 1026 2322
 1026 1056
 1026 1054
 1026 1055
 1027 2312
 1027 1057
 1028 1833
 1028 2178
 1029 1059
 1029 2039
 1029 1060
 1030 1061
 1031 1062
 1031 1697
 1031 1695
 1031 1936
 1032 1697
 1033 1698
 1033 1034
 1034 1065
 1034 1698
 1035 1965
 1035 1065
 1035 1066
 1037 2029
 1037 2221
 1037 2060
 1037 1959
 1037 1067
 1038 2250
 1038 2229
 1038 2254
 1039 1070
 1040 2299
 1040 2253
 1040 1071
 1041 2304
 1041 1042
 1041 1073
 1041 1072
 1042 1073
 1042 1074
 1043 1075
 1044 1045
 1045 1107
 1045 1076
 1045 1077
 1046 1078
 1046 1047
 1047 1079
 1047 1048
 1048 1079
 1049 1081
 1049 1633
 1050 1082
 1050 1081
 1050 1631
 1051 1052
 1051 1082
 1052 1115
 1052 1781
 1053 1781
 1053 1084
 1054 1086
 1054 1117
 1054 1085
 1055 1086
 1056 1835
 1056 1087
 1056 2312
 1056 1086
 1057 1087
 1057 1833
 1057 2217
 1057 2218
 1058 2079
 1058 1089
 1058 1782
 1058 2126
 1058 1833
 1059 2126
 1059 2079
 1060 1090
 1060 1061
 1060 2039
 1061 1937
 1061 1091
 1061 1090
 1061 1934
 1061 2030
 1062 1092
 1062 1913
 1062 1093
 1062 1934
 1063 1093
 1065 1863
 1065 1096
 1065 1066
 1066 1970
 1066 1960
 1066 1784
 1066 1097
 1066 1783
 1066 1096
 1067 1783
 1067 1959
 1068 1099
 1068 1069
 1068 2095
 1068 2254
 1069 2254
 1069 2250
 1069 2191
 1069 1099
 1070 1100
 1070 2191
 1070 1071
 1071 1101
 1072 1103
 1072 1073
 1072 2298
 1072 1632
 1073 1074
 1073 1103
 1074 1104
 1074 1105
 1074 1075
 1075 1106
 1075 1105
 1075 1076
 1076 1138
 1076 1107
 1077 1108
 1077 1078
 1077 1107
 1078 1109
 1078 1079
 1078 1108
 1079 1080
 1079 1110
 1079 1633
 1080 1081
 1080 1111
 1080 1112
 1080 1633
 1081 1112
 1081 1114
 1081 1082
 1082 1114
 1083 1785
 1083 1115
 1084 1085
 1084 1116
 1084 1115
 1084 1781
 1085 1116
 1085 1117
 1086 1835
 1086 1117
 1087 2312
 1087 1119
 1087 1835
 1087 1787
 1088 1150
 1088 1121
 1088 1782
 1089 2075
 1089 1121
 1090 1122
 1091 1123
 1091 1934
 1091 1937
 1092 1124
 1093 1094
 1093 1700
 1093 1697
 1093 1124
 1094 1741
 1095 1698
 1096 1784
 1096 1127
 1096 1698
 1096 1701
 1097 1128
 1097 1783
 1097 1129
 1098 2127
 1098 1783
 1098 2095
 1098 1130
 1098 2060
 1099 1131
 1099 2127
 1099 1100
 1100 2191
 1100 1101
 1100 1131
 1100 2284
 1101 1132
 1101 1133
 1101 2292
 1102 2292
 1102 1135
 1102 1134
 1102 1632
 1102 1133
 1103 1632
 1103 1104
 1104 1105
 1104 1135
 1105 1788
 1105 1137
 1105 1136
 1106 1138
 1107 1140
 1107 1108
 1107 1138
 1108 1140
 1109 1169
 1109 1141
 1109 1140
 1110 1634
 1110 1141
 1111 1112
 1112 1635
 1112 1142
 1113 1114
 1113 1144
 1114 1144
 1114 1785
 1115 1146
 1115 1116
 1116 1147
 1116 1177
 1116 1117
 1117 1147
 1118 1147
 1119 1787
 1119 1120
 1119 1149
 1120 2218
 1120 1180
 1120 1150
 1120 1149
 1121 2092
 1122 1151
 1122 1978
 1122 2079
 1122 2039
 1123 1978
 1123 1124
 1124 1153
 1124 1152
 1126 1701
 1127 1155
 1127 1187
 1128 2017
 1128 1784
 1128 1129
 1128 1921
 1129 1130
 1129 1783
 1130 2096
 1130 2127
 1130 1158
 1130 1783
 1131 2127
 1131 1160
 1131 1159
 1131 2284
 1132 1161
 1132 2284
 1132 2285
 1132 1133
 1133 1162
 1133 1134
 1133 1161
 1134 1135
 1135 1163
 1135 1162
 1135 1136
 1135 1632
 1136 1788
 1136 1163
 1137 1138
 1137 1836
 1137 1165
 1137 1788
 1138 1836
 1138 1139
 1139 1200
 1139 1140
 1139 1167
 1139 1166
 1140 1167
 1140 1169
 1141 1170
 1141 1169
 1142 1634
 1142 1171
 1142 1170
 1142 1635
 1143 1171
 1143 1173
 1143 1144
 1143 1172
 1143 1635
 1144 1205
 1144 1174
 1144 1785
 1144 1173
 1145 1785
 1145 1175
 1145 1146
 1145 1174
 1146 1177
 1146 1176
 1146 1175
 1147 1178
 1147 1177
 1148 1834
 1148 1786
 1148 1178
 1149 2272
 1149 1179
 1150 2168
 1150 2092
 1150 1181
 1150 1180
 1151 1182
 1151 2075
 1151 2092
 1152 1183
 1152 1184
 1152 1914
 1152 1153
 1153 1703
 1153 1154
 1153 1700
 1153 1184
 1154 1702
 1154 1700
 1155 1701
 1155 1187
 1156 1784
 1156 1869
 1156 1187
 1158 1190
 1159 1192
 1160 2231
 1160 1193
 1160 1192
 1161 1193
 1161 1194
 1161 1637
 1161 1162
 1162 1194
 1162 1195
 1162 1163
 1163 1196
 1163 1195
 1164 1788
 1164 2287
 1164 2302
 1164 1196
 1165 1813
 1165 1836
 1165 1198
 1165 1788
 1166 1199
 1167 1231
 1167 1201
 1167 1200
 1168 1202
 1168 1169
 1168 1201
 1169 1202
 1170 1233
 1170 1171
 1170 1634
 1171 1635
 1171 1203
 1171 1204
 1173 1204
 1173 1205
 1174 1206
 1174 1205
 1174 1785
 1175 1207
 1175 1176
 1176 1208
 1176 1207
 1177 1209
 1177 1178
 1178 1209
 1178 1636
 1178 1786
 1179 1210
 1179 1786
 1180 1211
 1181 1212
 1181 2092
 1181 1182
 1181 2168
 1182 2092
 1182 1183
 1182 1213
 1182 1978
 1183 2007
 1183 1978
 1183 1914
 1184 1216
 1184 1215
 1186 1187
 1187 1250
 1187 1219
 1188 1922
 1188 1219
 1188 1189
 1188 1921
 1188 1869
 1189 1921
 1189 1922
 1189 1190
 1189 1220
 1190 2021
 1190 1221
 1190 2097
 1190 1220
 1190 2017
 1191 1222
 1191 1192
 1191 2232
 1191 2097
 1193 2285
 1193 1223
 1193 1637
 1194 1637
 1194 1195
 1194 1225
 1194 1224
 1195 1227
 1195 1196
 1196 1227
 1197 2286
 1197 2293
 1197 2302
 1198 1813
 1198 2293
 1198 2302
 1199 1836
 1199 1230
 1199 1200
 1199 1789
 1200 1231
 1200 1230
 1201 1232
 1201 1202
 1201 1231
 1202 1233
 1202 1232
 1203 1234
 1203 1235
 1203 1204
 1203 1233
 1204 1237
 1204 1236
 1204 1205
 1204 1235
 1205 1791
 1205 1206
 1205 1814
 1206 1791
 1206 1207
 1206 1238
 1207 1238
 1207 1208
 1208 1239
 1208 1209
 1209 1241
 1209 1838
 1209 1240
 1210 2314
 1210 2272
 1210 1636
 1210 2273
 1210 1241
 1211 2273
 1211 1837
 1211 2314
 1211 1242
 1212 1243
 1213 2007
 1213 1244
 1214 1914
 1215 1247
 1215 1216
 1215 1915
 1215 1914
 1216 1247
 1216 1217
 1216 1703
 1217 1742
 1218 1250
 1219 1869
 1219 1251
 1220 2021
 1220 1922
 1221 1253
 1221 1222
 1221 2097
 1222 1254
 1222 2128
 1222 2097
 1222 2232
 1223 2231
 1223 1255
 1223 1637
 1223 2323
 1223 2232
 1224 1225
 1224 2323
 1224 1637
 1225 1226
 1225 1256
 1226 2233
 1226 1257
 1226 1227
 1227 1839
 1227 1795
 1227 1259
 1227 2287
 1228 1259
 1228 1229
 1229 2293
 1229 1291
 1229 1261
 1230 1262
 1230 2278
 1230 1231
 1231 1262
 1231 2317
 1232 2317
 1232 1233
 1233 1265
 1233 1264
 1234 1266
 1234 1265
 1235 1267
 1235 1266
 1236 1237
 1236 1267
 1237 2264
 1237 1268
 1237 1267
 1238 1840
 1238 1815
 1238 1239
 1238 1791
 1239 1840
 1239 1240
 1239 1271
 1240 1271
 1240 1793
 1240 1838
 1241 1272
 1241 1636
 1242 1273
 1242 1274
 1243 1244
 1243 2144
 1243 1790
 1244 2144
 1244 1276
 1244 2046
 1245 2008
 1245 1278
 1245 1277
 1245 1908
 1245 1915
 1245 1276
 1246 1794
 1247 1248
 1247 1279
 1249 1250
 1249 1743
 1250 1704
 1250 1251
 1251 1923
 1251 1796
 1251 1252
 1251 1704
 1252 1922
 1252 1796
 1253 2093
 1253 1284
 1254 2232
 1254 1286
 1254 1285
 1255 2323
 1255 1256
 1255 1286
 1256 1287
 1256 2233
 1256 1286
 1257 1288
 1257 1258
 1257 2233
 1258 1839
 1259 2287
 1259 1290
 1259 1795
 1260 1291
 1260 1290
 1261 2278
 1261 1293
 1261 1262
 1261 1292
 1262 2313
 1262 1263
 1263 1639
 1263 1293
 1263 1264
 1264 2317
 1264 1265
 1264 1639
 1265 1640
 1265 1266
 1265 1296
 1266 1267
 1266 2295
 1266 1640
 1267 2264
 1268 1299
 1268 1814
 1268 1792
 1269 1816
 1269 1840
 1269 1299
 1270 1798
 1270 1301
 1270 1271
 1270 1302
 1270 1840
 1271 1793
 1271 1302
 1272 1305
 1272 1838
 1272 1304
 1272 1273
 1272 2314
 1273 2314
 1273 1305
 1274 1306
 1274 2255
 1274 1837
 1275 1307
 1275 2144
 1276 1308
 1276 2008
 1277 1309
 1278 1794
 1278 1309
 1279 1705
 1279 1280
 1279 1794
 1280 1705
 1282 1313
 1282 1314
 1283 2100
 1283 1315
 1283 1284
 1283 1796
 1284 2093
 1284 2100
 1284 2021
 1285 1316
 1285 1348
 1285 1286
 1285 1317
 1285 2128
 1286 2213
 1286 1318
 1286 1317
 1287 2213
 1287 1319
 1287 1288
 1287 1320
 1287 2233
 1288 1320
 1288 1289
 1289 1841
 1290 1322
 1290 2183
 1290 1795
 1291 2183
 1291 1324
 1292 1325
 1292 1293
 1292 1324
 1293 2199
 1293 1325
 1293 1294
 1294 2220
 1294 1326
 1295 1639
 1295 1328
 1295 1296
 1295 2220
 1296 1640
 1297 1329
 1297 1330
 1297 2315
 1298 1331
 1298 1330
 1299 2265
 1299 1792
 1299 2219
 1300 2219
 1300 1816
 1301 1798
 1301 1302
 1302 1334
 1302 1303
 1303 1334
 1303 1304
 1303 1793
 1304 2305
 1304 1856
 1304 1838
 1304 1334
 1304 1793
 1305 2305
 1305 1337
 1305 2255
 1305 1336
 1306 2140
 1306 1338
 1306 1339
 1307 2141
 1307 2087
 1307 1340
 1307 1339
 1307 2046
 1308 2046
 1308 1799
 1309 1341
 1309 1799
 1309 1794
 1310 1867
 1310 1794
 1310 1342
 1312 1706
 1312 1313
 1313 1707
 1313 1704
 1313 1345
 1313 1344
 1313 1314
 1314 1903
 1314 1796
 1315 1796
 1315 1347
 1315 1346
 1316 1800
 1316 1348
 1316 2093
 1317 1318
 1317 1349
 1317 1348
 1318 2192
 1318 1350
 1319 2184
 1319 1320
 1319 1351
 1320 1638
 1320 1352
 1320 1351
 1321 1353
 1321 1322
 1321 1352
 1322 1323
 1322 1841
 1322 1353
 1322 1638
 1323 2065
 1323 1355
 1324 1356
 1324 2149
 1324 1325
 1325 1356
 1326 1357
 1326 2150
 1326 2199
 1327 2220
 1327 1358
 1327 1359
 1327 1328
 1328 1360
 1328 1359
 1328 1329
 1329 2295
 1329 2207
 1329 1360
 1329 1640
 1330 2206
 1330 2179
 1330 2264
 1331 2219
 1331 1363
 1331 2214
 1331 1362
 1331 2265
 1332 2280
 1332 2288
 1332 2214
 1332 2219
 1333 2288
 1333 1367
 1333 1334
 1333 1365
 1333 1797
 1333 1798
 1334 1856
 1335 2236
 1335 1336
 1335 2279
 1336 1337
 1336 1369
 1336 2305
 1337 1369
 1337 1338
 1337 2255
 1338 1370
 1338 1339
 1338 1369
 1339 2088
 1339 1370
 1339 2087
 1340 1371
 1340 1372
 1340 1799
 1341 1967
 1341 1799
 1341 1867
 1341 1372
 1342 1343
 1342 1705
 1343 1705
 1344 1707
 1345 1375
 1345 1708
 1346 1377
 1346 1641
 1346 1347
 1347 2093
 1347 1378
 1347 2100
 1348 1800
 1348 1378
 1348 1349
 1349 1379
 1349 1350
 1350 2234
 1350 1379
 1350 1801
 1351 1381
 1351 1382
 1351 1801
 1351 1352
 1352 1412
 1352 2083
 1352 1382
 1353 2047
 1353 2083
 1353 2065
 1354 2031
 1354 2040
 1354 2065
 1355 2116
 1355 2040
 1355 2149
 1355 1385
 1356 2149
 1356 1386
 1356 1387
 1356 2199
 1357 2098
 1357 1387
 1358 2080
 1358 2150
 1358 1389
 1358 1359
 1359 2151
 1360 2207
 1360 1391
 1360 2162
 1361 2103
 1361 2206
 1361 2207
 1361 2162
 1362 2115
 1362 1393
 1362 1363
 1362 2179
 1363 1364
 1363 2214
 1364 1394
 1365 2280
 1365 1366
 1365 1394
 1365 2288
 1366 2193
 1366 1367
 1367 1396
 1367 2236
 1367 1856
 1368 1397
 1368 1398
 1368 1369
 1369 1398
 1370 2142
 1370 1400
 1370 2088
 1371 1401
 1371 2088
 1371 1372
 1372 2014
 1372 1799
 1373 1867
 1374 1708
 1375 1708
 1375 1376
 1375 1406
 1376 1874
 1376 1377
 1376 1903
 1376 1406
 1377 1985
 1377 1903
 1378 1985
 1378 1641
 1378 1409
 1378 1408
 1378 2066
 1378 1800
 1379 2018
 1379 2234
 1380 1381
 1380 2256
 1380 1410
 1381 2257
 1381 2019
 1381 1382
 1382 1412
 1383 2047
 1383 1412
 1384 2051
 1384 1414
 1384 2031
 1385 1414
 1385 1415
 1385 1444
 1386 1416
 1386 1387
 1386 1415
 1387 2099
 1387 1416
 1387 2199
 1388 1802
 1388 2055
 1389 1802
 1389 2080
 1389 1390
 1389 2076
 1389 2151
 1390 2209
 1391 2151
 1391 2162
 1391 2131
 1391 2209
 1391 1419
 1392 2104
 1392 2109
 1392 1420
 1393 2104
 1393 2069
 1393 2109
 1393 1394
 1394 1423
 1394 1395
 1394 1424
 1394 2280
 1395 2193
 1395 1425
 1396 2193
 1396 1426
 1396 2236
 1396 1397
 1397 2236
 1397 2132
 1397 1426
 1398 1804
 1398 2142
 1398 2132
 1399 1400
 1399 1804
 1400 1429
 1400 2081
 1400 1401
 1400 2088
 1401 2088
 1401 1431
 1401 1430
 1402 1929
 1402 1854
 1402 1403
 1402 1867
 1403 1404
 1403 1710
 1403 1432
 1403 1867
 1404 1710
 1405 1708
 1405 1709
 1406 1874
 1406 1435
 1406 1711
 1406 1708
 1407 1436
 1407 1874
 1408 1409
 1408 1437
 1408 1985
 1409 2018
 1410 1438
 1410 1439
 1410 2018
 1410 2234
 1411 1440
 1411 2019
 1412 2019
 1412 1994
 1412 1441
 1412 1442
 1413 2050
 1413 1995
 1413 1938
 1413 1442
 1414 2040
 1414 1938
 1414 1444
 1414 1939
 1415 1445
 1415 1416
 1415 1444
 1415 2116
 1416 1445
 1416 1446
 1417 1447
 1417 1802
 1418 2209
 1418 1842
 1418 1802
 1418 1806
 1418 1449
 1419 1420
 1419 2131
 1419 2209
 1420 1421
 1420 1450
 1420 2103
 1421 1452
 1421 2023
 1421 1451
 1422 2023
 1422 2032
 1422 1423
 1422 1453
 1423 1424
 1423 1803
 1423 2032
 1424 1803
 1424 1425
 1425 2117
 1425 1454
 1426 2146
 1426 2117
 1426 1642
 1427 2132
 1427 1804
 1427 2145
 1428 2085
 1428 1804
 1429 2081
 1429 1430
 1429 1459
 1430 1460
 1430 1459
 1431 1940
 1431 1967
 1431 1460
 1431 2014
 1432 1461
 1432 1462
 1435 1465
 1436 1468
 1436 1437
 1436 1985
 1436 1467
 1437 1988
 1437 1468
 1437 1985
 1438 1501
 1438 1470
 1438 1439
 1438 1471
 1438 1950
 1438 1988
 1439 2256
 1439 1471
 1439 1961
 1440 1930
 1440 1961
 1440 1441
 1441 1442
 1441 1472
 1442 1924
 1442 1904
 1442 1473
 1442 1994
 1443 1939
 1443 1904
 1444 1476
 1444 2002
 1445 2002
 1445 1805
 1445 1446
 1446 1447
 1446 1805
 1446 2055
 1447 2055
 1447 1448
 1447 1477
 1447 1478
 1448 1842
 1449 1946
 1449 1450
 1449 2209
 1449 1806
 1450 2209
 1450 1451
 1451 1946
 1451 1481
 1451 1945
 1452 1947
 1452 1945
 1453 2032
 1453 1947
 1453 1484
 1454 1485
 1454 1486
 1454 2070
 1454 1803
 1455 1486
 1455 1456
 1455 1642
 1456 1962
 1456 1457
 1456 1488
 1457 1458
 1457 1488
 1457 1804
 1457 2145
 1458 1979
 1459 1968
 1459 1460
 1459 2085
 1459 1490
 1459 2081
 1460 1931
 1460 1491
 1461 1854
 1461 1809
 1461 1940
 1461 1492
 1462 1710
 1462 1463
 1462 1493
 1463 1493
 1463 1712
 1464 1713
 1464 1711
 1464 1465
 1465 1496
 1465 1711
 1465 1714
 1465 1466
 1466 1497
 1466 1467
 1466 1496
 1466 1874
 1467 1498
 1467 1468
 1467 1874
 1468 1950
 1468 1498
 1469 1500
 1469 1875
 1470 1501
 1470 1500
 1471 2185
 1471 1502
 1471 1501
 1472 1504
 1472 1924
 1472 1930
 1473 1504
 1473 1505
 1473 1924
 1474 1939
 1474 1507
 1475 1508
 1475 1507
 1476 1939
 1476 1805
 1476 1508
 1477 1510
 1477 1478
 1477 1805
 1478 1512
 1478 1511
 1479 1843
 1480 1946
 1480 1807
 1480 1905
 1480 1513
 1481 1515
 1481 1482
 1481 1905
 1481 1946
 1482 1483
 1482 1945
 1483 1870
 1484 2032
 1484 1518
 1484 1517
 1485 1845
 1485 1643
 1485 1486
 1485 1808
 1486 2070
 1486 1643
 1486 1962
 1487 1520
 1487 1521
 1487 1488
 1487 1962
 1488 1644
 1488 1521
 1489 1644
 1489 1523
 1490 1968
 1490 1979
 1490 1982
 1490 1523
 1490 2085
 1491 1524
 1491 1968
 1491 1931
 1491 1554
 1492 1931
 1492 1525
 1492 1809
 1492 1868
 1492 1940
 1493 1527
 1493 1494
 1493 1809
 1496 1724
 1496 1715
 1496 1497
 1496 1530
 1497 1531
 1497 1498
 1498 1532
 1498 1531
 1498 1875
 1499 1533
 1499 1532
 1500 1860
 1500 1533
 1500 1501
 1501 1502
 1502 1860
 1502 1503
 1502 2185
 1503 1535
 1503 1534
 1504 1876
 1504 1727
 1504 1505
 1504 1535
 1505 1537
 1505 1727
 1505 1904
 1506 1507
 1506 1537
 1506 1904
 1507 1538
 1508 1718
 1508 1539
 1508 1939
 1509 1882
 1509 1539
 1509 1540
 1509 1805
 1510 1805
 1510 1541
 1510 1511
 1510 1882
 1511 1512
 1512 1925
 1512 1541
 1513 1543
 1513 1514
 1513 1925
 1513 1807
 1514 1545
 1514 1515
 1515 1905
 1515 1545
 1515 1870
 1516 1546
 1516 1947
 1516 1545
 1517 1518
 1517 1546
 1517 1947
 1518 1810
 1518 1845
 1518 2032
 1519 1881
 1520 1643
 1520 1881
 1520 1866
 1521 1871
 1521 1866
 1521 1551
 1521 1644
 1522 1552
 1522 1523
 1522 1871
 1523 1982
 1523 1524
 1523 1979
 1524 1554
 1524 1552
 1525 1554
 1525 1555
 1526 1556
 1526 1555
 1526 1809
 1527 1809
 1527 1557
 1527 1528
 1527 1556
 1529 1724
 1530 1559
 1530 1561
 1530 1560
 1530 1715
 1531 1562
 1531 1715
 1531 1969
 1532 1725
 1532 1969
 1532 1716
 1532 1564
 1532 1875
 1533 1566
 1533 1716
 1533 1860
 1534 1726
 1534 1717
 1534 1568
 1534 1860
 1535 1570
 1535 1717
 1535 1536
 1535 1876
 1536 1571
 1537 1574
 1537 1573
 1537 1538
 1537 1727
 1538 1718
 1538 1574
 1539 1576
 1539 1577
 1539 1540
 1539 1718
 1540 1578
 1540 1577
 1541 1580
 1541 1719
 1541 1581
 1541 1542
 1542 1582
 1542 1581
 1543 1732
 1543 1925
 1543 1544
 1543 1583
 1544 1586
 1544 1584
 1544 1545
 1545 1720
 1545 1587
 1545 1586
 1546 1720
 1546 1547
 1546 1589
 1546 1947
 1547 1592
 1547 1591
 1547 1810
 1548 1592
 1548 1594
 1548 1881
 1548 1808
 1549 1550
 1549 1595
 1549 1734
 1549 1866
 1550 1596
 1550 1597
 1550 1551
 1551 1871
 1551 1721
 1551 1598
 1552 1721
 1552 1553
 1552 1600
 1553 1602
 1553 1554
 1553 1601
 1554 1868
 1554 1722
 1554 1603
 1555 1605
 1555 1736
 1555 1556
 1556 1606
 1556 1723
 1556 1605
 1556 1809
 1557 1723
 1559 1724
 1562 1715
 1562 1725
 1564 1716
 1566 1716
 1566 1726
 1568 1717
 1570 1717
 1571 1727
 1574 1728
 1576 1729
 1578 1730
 1580 1731
 1582 1732
 1587 1733
 1589 1720
 1592 1810
 1594 1881
 1596 1734
 1598 1721
 1600 1721
 1603 1735
 1605 1736
 1608 1723
 1613 1744
 1614 2110
 1614 2089
 1617 1757
 1619 2245
 1619 2187
 1625 2308
 1625 2319
 1626 2310
 1628 1811
 1630 2086
 1632 2299
 1639 2220
 1640 2295
 1641 2022
 1642 2146
 1642 2070
 1642 2117
 1643 1881
 1644 1871
 1646 1647
 1646 1858
 1648 1656
 1649 1895
 1649 1650
 1650 1895
 1654 1737
 1657 1658
 1661 1662
 1662 1663
 1663 1664
 1664 1665
 1665 1667
 1666 1668
 1667 1920
 1668 1669
 1669 1738
 1670 1671
 1671 1673
 1672 1674
 1673 1675
 1675 1739
 1676 1677
 1677 1679
 1678 1890
 1679 1680
 1680 1681
 1681 1683
 1682 1740
 1684 1685
 1686 1687
 1687 1688
 1691 1862
 1692 1693
 1693 1694
 1695 1696
 1696 1697
 1698 1699
 1699 1701
 1700 1741
 1702 1703
 1703 1742
 1704 1743
 1704 1706
 1705 1794
 1708 1709
 1709 1711
 1710 1712
 1713 1714
 1714 1724
 1718 1728
 1718 1729
 1719 1882
 1719 1731
 1719 1730
 1720 1733
 1722 1735
 1722 1736
 1730 1882
 1732 1925
 1744 1932
 1745 1883
 1747 1818
 1749 1819
 1752 2171
 1754 2261
 1754 1820
 1756 2268
 1756 1822
 1757 1812
 1757 1758
 1758 1760
 1759 1822
 1761 1823
 1761 1889
 1762 2208
 1762 2301
 1763 1824
 1764 1825
 1764 2016
 1766 2074
 1766 2137
 1768 1771
 1768 1811
 1769 1828
 1771 1827
 1774 2274
 1775 2311
 1778 2270
 1779 2303
 1782 1833
 1782 2217
 1784 1921
 1786 1834
 1786 1787
 1787 1834
 1787 1835
 1789 2278
 1789 1813
 1789 1836
 1790 1837
 1790 2140
 1790 2144
 1791 1815
 1792 1815
 1792 1814
 1794 1908
 1795 1839
 1795 1841
 1796 1903
 1797 1816
 1798 1840
 1798 1816
 1800 2093
 1802 2080
 1803 2032
 1804 2142
 1806 1807
 1806 1843
 1806 1842
 1807 1843
 1808 1810
 1808 1845
 1812 1844
 1813 2281
 1813 1836
 1814 1815
 1816 2288
 1818 2188
 1820 2261
 1820 2242
 1821 2324
 1823 1889
 1825 2016
 1832 2270
 1833 2230
 1833 2217
 1834 1835
 1837 2140
 1837 2168
 1839 1841
 1842 1843
 1843 1925
 1845 1989
 1845 2032
 1846 1847
 1849 1996
 1850 1893
 1850 1851
 1853 1879
 1853 1928
 1855 2125
 1855 2064
 1855 2059
 1856 2279
 1864 1916
 1865 1873
 1867 1967
 1872 1873
 1875 1950
 1876 2185
 1878 1884
 1878 1941
 1879 1926
 1880 1888
 1883 1886
 1885 1887
 1887 2009
 1891 1892
 1896 1907
 1897 1920
 1899 1911
 1901 1912
 1902 1956
 1903 1906
 1904 1995
 1907 2009
 1908 1915
 1910 1944
 1910 1916
 1913 1934
 1913 1936
 1914 1915
 1919 1983
 1922 1923
 1926 1927
 1926 1973
 1929 1967
 1929 1940
 1930 2185
 1931 1940
 1933 1935
 1937 1978
 1942 2061
 1943 1944
 1945 1948
 1947 1948
 1949 1952
 1957 1965
 1957 1977
 1957 1964
 1958 1959
 1959 1970
 1959 1964
 1961 2256
 1964 1970
 1964 1965
 1965 1971
 1965 1977
 1966 2003
 1968 1982
 1970 1971
 1974 1975
 1975 1976
 1975 2010
 1980 2038
 1983 2084
 1985 2022
 1988 2018
 1991 1997
 1993 1998
 1994 2050
 1999 2000
 2001 2003
 2004 2077
 2005 2015
 2007 2008
 2010 2187
 2011 2016
 2016 2049
 2018 2066
 2018 2234
 2023 2069
 2023 2109
 2024 2025
 2027 2035
 2029 2221
 2031 2047
 2031 2050
 2033 2034
 2035 2037
 2036 2041
 2038 2042
 2044 2056
 2047 2083
 2047 2050
 2048 2121
 2050 2051
 2054 2091
 2055 2099
 2058 2059
 2060 2254
 2060 2221
 2062 2089
 2067 2102
 2068 2077
 2072 2073
 2075 2079
 2080 2156
 2081 2085
 2087 2088
 2093 2129
 2094 2221
 2094 2139
 2095 2127
 2096 2097
 2098 2099
 2098 2150
 2098 2156
 2099 2157
 2101 2102
 2102 2160
 2103 2104
 2103 2115
 2103 2131
 2105 2107
 2106 2152
 2110 2158
 2111 2222
 2111 2112
 2112 2113
 2116 2149
 2117 2193
 2118 2134
 2119 2159
 2119 2135
 2119 2169
 2122 2180
 2124 2125
 2128 2129
 2130 2183
 2130 2149
 2131 2162
 2136 2282
 2138 2139
 2139 2229
 2140 2144
 2140 2141
 2143 2186
 2143 2172
 2145 2146
 2148 2248
 2148 2196
 2153 2194
 2153 2188
 2154 2176
 2156 2157
 2158 2200
 2162 2207
 2166 2167
 2169 2170
 2172 2251
 2174 2210
 2174 2202
 2175 2186
 2181 2249
 2181 2198
 2182 2204
 2184 2192
 2187 2245
 2190 2191
 2190 2238
 2191 2250
 2192 2213
 2195 2197
 2196 2200
 2197 2215
 2204 2205
 2205 2228
 2211 2222
 2212 2241
 2212 2247
 2216 2262
 2217 2218
 2219 2265
 2221 2254
 2226 2227
 2228 2235
 2229 2238
 2231 2232
 2238 2243
 2240 2306
 2244 2290
 2245 2249
 2246 2247
 2252 2300
 2253 2270
 2256 2257
 2258 2259
 2261 2294
 2261 2306
 2262 2263
 2263 2277
 2264 2315
 2264 2265
 2266 2267
 2267 2268
 2272 2273
 2278 2313
 2278 2281
 2279 2305
 2281 2293
 2284 2285
 2286 2287
 2289 2300
 2289 2325
 2295 2315
 2296 2297
 2296 2328
 2298 2299
 2298 2304
 2303 2304
 2307 2308
 2308 2327
 2310 2311
 2312 2322
 2319 2320
 2325 2326
