    2   53
    4 1645
    4   54
    5   55
    6   55
    8   56
    8 1638
    9   57
    9   56
   10   57
   11   58
   12 1646
   13   59
   14 1730
   14   59
   16 1648
   16   60
   18 1648
   18   61
   19   62
   20 1639
   22 1840
   22   63
   22 1640
   23   64
   23 1840
   25 1641
   25   65
   25   64
   27   66
   27 1649
   28   66
   30 1650
   30 1651
   32 1652
   32 1651
   32   67
   34 1652
   34   68
   35   69
   36   69
   38   70
   39 1653
   39   71
   40   72
   41 1642
   41   72
   43   73
   43 1643
   44   73
   45   74
   45 1644
   46   75
   47   76
   47   75
   48 1836
   48   76
   49 1835
   49   77
   50   77
   51   77
   52   53
   53  111
   53   79
   53   54
   54   81
   54   80
   54 1645
   55 1872
   55 1848
   55   82
   55 1645
   55   83
   55 1638
   56   57
   56   85
   56 1848
   57   58
   58 1646
   58   85
   58   86
   59 1646
   59  116
   59   88
   59 1647
   59   87
   60   89
   60 1867
   60   88
   60 1647
   60 1648
   61   90
   61   91
   61   62
   61 1648
   62 1847
   62 1639
   62   91
   63 1847
   64 1840
   64   65
   64   93
   65 1649
   65  123
   65   94
   66 1649
   66 1650
   66 1602
   67   97
   67   98
   67 1651
   68   69
   68   98
   68 1652
   69 1906
   69   70
   69   99
   70   71
   70 1906
   71  102
   71  101
   71 1653
   72  102
   72 1653
   72  103
   73  104
   73 1850
   73 1644
   74  105
   74   75
   74  106
   74 1850
   75   76
   76 1907
   76  106
   77 1835
   77   78
   77  108
   79  111
   80  112
   80   81
   80  111
   81 1875
   81   82
   83 1738
   83  113
   83   84
   83 1872
   84 1848
   84   85
   85   86
   85  113
   86  115
   86 1866
   86 1646
   88 1930
   88 1838
   88 1867
   88  116
   89   90
   90  119
   90   91
   90  118
   91  120
   91 2060
   91  119
   92  121
   92 1839
   92 1847
   93 1839
   93 1840
   94  124
   94 1602
   94  123
   95 1908
   95   96
   95 1650
   96 1940
   96   97
   96  125
   96 1651
   97 1883
   97   98
   97  126
   98  126
   98   99
   99  100
   99  127
  100 1906
  100  128
  100  129
  101  102
  102  131
  102  103
  102  130
  103  132
  103 1884
  104  132
  104 1884
  104 1850
  104 2121
  104  133
  105  134
  105  106
  107  135
  107 1874
  107  108
  107 1835
  107 1907
  108 1874
  108  109
  108  136
  108 1835
  110  111
  110 1654
  111  139
  111 1655
  111  112
  112 1875
  112  170
  112  140
  112  139
  113 1942
  113  114
  113 1738
  113  142
  114 1866
  115 1866
  115  116
  115  145
  115 1603
  117  147
  117 1867
  117 1806
  117 1930
  118 1873
  118 1739
  118  119
  118 1806
  119  148
  120 2060
  120 1847
  121  122
  121  150
  121 1839
  122 1839
  122  150
  122  151
  123 1882
  123  153
  123  152
  123  151
  123 1898
  124 1972
  124  153
  124 1898
  124 1908
  125 1940
  125 1908
  125  155
  125  154
  126  127
  126 1940
  126 1961
  126  156
  127 2032
  127  128
  128  158
  128 2032
  128  129
  129 2122
  129  159
  129 1994
  129  158
  130 1906
  130  131
  131 1921
  131  160
  132 2121
  132 1921
  132 1737
  133 1952
  133  134
  134 1907
  135 1907
  135 1876
  135  165
  135 1605
  136  166
  139  169
  139 1656
  139  170
  140 1924
  140  171
  140  141
  140  170
  141 1875
  142 1981
  142 1738
  143 1942
  143 1603
  143  174
  143 1981
  144  145
  144 1603
  145 1985
  145 1979
  145 1604
  145  175
  146  176
  146 1930
  146  147
  146 1838
  146 1979
  147 1806
  147  177
  147  176
  148 2060
  148  178
  148  149
  148 1739
  148  177
  149 1986
  149  179
  149  178
  149 2060
  150  180
  150 1944
  150 1607
  150  181
  150 2078
  150  151
  150 1980
  151  152
  152  181
  152  182
  154 1972
  154  155
  155 2123
  155  185
  155  184
  155  156
  156 1807
  156 1940
  157 1961
  157  186
  157 1807
  158 2107
  158 2122
  158  187
  159  189
  159  160
  159 1906
  160  161
  161 2009
  161 1737
  161  190
  162 2045
  162 2121
  162 2033
  162  191
  162 1606
  162 1737
  163 2121
  163 1741
  163 1952
  163  193
  164 1741
  164 1952
  164  194
  164  195
  164 1605
  164 1907
  165 1876
  165 1605
  165  195
  166  197
  166 1874
  166  167
  168 1655
  169 1841
  169  200
  170 1924
  170 1922
  170 1841
  171 2013
  171  201
  171  202
  171  172
  171 1924
  171 1738
  172 1981
  172 1738
  172  203
  172  202
  173 1981
  173 1746
  173  204
  173  174
  173  203
  174 1604
  174 2041
  174  204
  174 1603
  175 2041
  175 1742
  175  205
  175 1604
  176  206
  176  207
  176 1808
  176  177
  177  209
  177  178
  177  207
  177 1739
  178  210
  178  209
  179 1980
  180 1980
  180 1607
  180  210
  181  212
  181  182
  182  212
  182 1972
  183 1972
  183 2067
  183  215
  183  214
  184 2073
  184 2067
  185 1807
  185 2176
  185  217
  185 2123
  186  187
  186  219
  186  218
  187  219
  187 2032
  188 2107
  188  250
  188  221
  188 2004
  188 2122
  189  190
  189 1994
  190 2071
  190 2009
  190  222
  190 2004
  190 2046
  191 2009
  192  225
  192 2045
  192  224
  192  193
  192 2033
  193 1743
  193 1741
  193 1744
  193  225
  194  226
  194 1744
  194 1741
  194  258
  195 1998
  195  258
  195  227
  195 1605
  196 1885
  196  228
  196 1876
  197 1876
  197  228
  197  198
  199 1657
  199 1656
  200  231
  200 1656
  200 1658
  201 1924
  201  232
  202 2109
  202  233
  202  234
  202  203
  202 2013
  204  235
  204 1745
  204 1746
  205 2159
  205  237
  205  236
  205 2041
  206 1742
  206  237
  207  238
  207  208
  208 2342
  208  209
  208  239
  208  238
  209 2094
  209  239
  211 1607
  211  241
  211  242
  211 2078
  212  243
  212 2051
  213  214
  214 1608
  214  244
  214  215
  214 1972
  215 2158
  215  245
  215  244
  216 2157
  216 2123
  216 2067
  216 2108
  217 2182
  217  246
  217  247
  217 2123
  218 2176
  219 2189
  219  248
  219  220
  219 2107
  220 2107
  220  250
  220  249
  221  251
  221 2046
  222  253
  222 2071
  222  254
  222  223
  223 2095
  223 2045
  223  254
  223 2009
  224 2151
  224  255
  224  225
  224 2140
  225 2151
  225 1743
  226 1744
  226  256
  226  257
  226 1743
  227 1885
  227  259
  227  258
  228 1885
  228  229
  228  260
  229  260
  231 1841
  231 2314
  231 1660
  231  264
  231  263
  232 2014
  232  265
  232 2052
  232 2314
  233  266
  233 2052
  234  267
  234  268
  234 1746
  234 2109
  235 1746
  235  269
  235 2159
  235  268
  236  269
  236 2244
  236 2225
  236 2159
  237 2152
  238 2152
  238 2342
  238  271
  239  273
  239  274
  239 2342
  240 1607
  240 2094
  241  276
  241 2146
  241  242
  242 2315
  242  276
  242  277
  242  243
  242 2078
  243 2051
  243 2135
  243 1608
  244  279
  244  245
  244 2135
  245 2147
  245  279
  245  280
  245 2157
  246  281
  246 2123
  246  247
  246 2108
  247 2285
  247  282
  247 2238
  247  281
  248 2141
  248  283
  249 2198
  249  250
  249  284
  249 2189
  250  251
  250 2198
  251 2198
  251  252
  251  285
  252 2071
  253 2071
  253  287
  253  254
  253  286
  254  287
  254 2140
  255 2237
  255  289
  255 2140
  255 2151
  256  290
  256 1743
  256  291
  256  257
  256 2151
  257  258
  257 2022
  258  259
  259 1885
  259  292
  260  294
  260 1661
  260  261
  261 1659
  262 1658
  263 1909
  263  264
  264  265
  264 1909
  265 1909
  265 2314
  265  300
  265 2052
  266  300
  266 2052
  266  301
  266 2109
  267  301
  267  302
  267  330
  267  268
  268  303
  268  302
  268  269
  269 2244
  270 2260
  270  304
  270  271
  270 2225
  270 2152
  271  272
  272 2260
  272 2228
  272 1809
  272  305
  273  306
  274 2136
  274 2094
  275 2096
  275 2136
  275 2099
  276  308
  276 2146
  276 2315
  277 2135
  277  310
  277  278
  277 2315
  278  279
  279  312
  279  280
  279 2261
  280  281
  281  313
  282  283
  282 2238
  282 2182
  283 2189
  284 2198
  284  316
  284 2189
  285  318
  285  286
  287  348
  287  318
  287  288
  288  320
  288  319
  288  289
  289 2140
  289 2237
  289  320
  290  322
  291  322
  292 1975
  293  324
  293 1885
  294 1885
  294  324
  296  297
  297 1663
  297  326
  297 1660
  298 1660
  298 1886
  298 1663
  298  327
  299  300
  299 1987
  299  328
  299 1909
  300 2052
  300 1982
  300  329
  300 2056
  301 2109
  301  330
  301 2090
  302 2183
  302  331
  302  303
  303 2244
  303  363
  303  332
  303  331
  304 2245
  304 2260
  305  335
  305 1809
  305  334
  305  333
  306 2344
  306 2234
  306 2291
  307  337
  307 2234
  307 2257
  307 2184
  307 2226
  308 2184
  309  339
  309  371
  309  310
  309  340
  309 2315
  310  340
  310  311
  311 2261
  312 2261
  312  313
  312  342
  312  341
  313 2285
  314 2274
  314  375
  314  344
  314 2238
  314  343
  314 2285
  315 2275
  315  344
  315 2238
  316 2246
  316  345
  316 2230
  316  317
  316 2189
  317 2190
  317 2198
  318 2190
  319 2252
  319  349
  319  320
  319  348
  320 2237
  320  350
  320 2252
  321  351
  321 2131
  321  350
  321 2237
  322  352
  322 2022
  322  353
  322 2131
  323  353
  323  354
  323 1962
  323 1975
  323 2023
  324 1975
  324 1868
  324  355
  324  354
  324 1661
  325 1661
  327 1664
  327  358
  329 2015
  330 2091
  331  362
  331  363
  332 2244
  332 2316
  332 2322
  332  363
  333 2316
  333 2322
  333  334
  333 2260
  334 2318
  334  366
  335 2279
  335 1809
  335 2318
  336  367
  336 2226
  336 2257
  336  368
  337  369
  337 2257
  337 2350
  337  338
  337 2184
  338  339
  338 1609
  339 2315
  339  371
  339  370
  340  372
  340 2309
  340  371
  341 1810
  341 2309
  341 1747
  341  342
  341 2261
  342 2310
  343  374
  343 2311
  343  375
  344  376
  345 2230
  345  377
  345 2246
  345  376
  346 2246
  346 2210
  346 2190
  346  378
  346  377
  347 2190
  347  348
  347 2210
  348 2401
  348  379
  349 2252
  349 2253
  349  380
  350  381
  350 2252
  350  351
  351 2131
  351 2174
  352 2131
  352  353
  352 2174
  352  383
  353 2023
  353  384
  353 2034
  354 1915
  354 1975
  355 1662
  355 1665
  355  356
  355 1868
  355  385
  356 1731
  356 1665
  357 1664
  358 1666
  358  388
  358  389
  358 1886
  359 2015
  359 1963
  359  390
  359 1982
  359  389
  359 1886
  360 2148
  360  390
  360  391
  360 2091
  360 2015
  361  392
  361 2148
  361 2091
  361 2185
  362 2203
  362 2183
  362 1610
  362  393
  362  363
  363  394
  363 2316
  363 1610
  364 2316
  364  395
  364 2351
  364  365
  364  394
  365 2409
  365  366
  365  395
  366 2409
  366  396
  366 2318
  367 2279
  367  368
  368 2257
  368  397
  368  398
  368 2350
  369  370
  370  399
  371 2324
  371  401
  371  372
  372 1810
  372  401
  373 2310
  373 2393
  373  374
  373 1747
  374 2310
  374  404
  374  375
  374  403
  375  405
  375 2319
  376  406
  376 2319
  376  377
  377  407
  377  378
  378  408
  378  379
  379 2210
  380  410
  380 2254
  380 2253
  380 2401
  381  411
  382 2111
  382 2079
  382  383
  383 2034
  383 2174
  384  414
  384 1962
  384 1916
  384 2034
  384 1988
  385  415
  387 1664
  387 1666
  388  389
  388 1666
  389 1963
  389 1877
  389  419
  389 1886
  390 2015
  390 1999
  390  391
  391 2148
  391  420
  392 2185
  392 2203
  392 2186
  392 2148
  392  422
  393 2323
  393 1610
  393 2203
  394 2351
  394  424
  394 2316
  395  425
  395 2409
  395 2351
  396 2318
  396  397
  397  428
  397 2387
  397 1611
  398  429
  398  399
  398 2387
  399  400
  400 2365
  400  401
  400 2324
  401  402
  401  430
  402 2402
  402 2393
  402  463
  402  432
  402 1810
  402  431
  403  432
  403  464
  403  404
  403 2393
  404  465
  404  405
  404  434
  404  433
  405  435
  405 2335
  406  435
  406 2335
  406  437
  406  407
  407  438
  407  408
  408  439
  408  409
  409 2394
  409 2401
  410 2401
  410 1748
  410  440
  410 2394
  411  441
  411  412
  411 2254
  412 2168
  412 2163
  412 2111
  412  441
  413  443
  413 2034
  414  445
  415  445
  415 1917
  415 1878
  415 1842
  415 1665
  415  446
  416 1665
  418  449
  418 1666
  419  450
  421  452
  421 2148
  422  452
  423  454
  423 2203
  423 2211
  424 1750
  425 2352
  425  457
  425  426
  425 2409
  425  456
  426 2409
  426  458
  426  488
  426  427
  426 1611
  427 1611
  427  458
  427  428
  428 2410
  428  489
  428  459
  428  458
  429  460
  429 2387
  429 2365
  430 2395
  430 2402
  430  461
  430 2365
  431  463
  431  462
  432  464
  432  463
  433  465
  433  464
  434  466
  434  435
  434  465
  435  497
  435  436
  435  467
  435  466
  436  437
  437  499
  437  468
  437  438
  437  467
  438  468
  438  469
  438  439
  439 2403
  439 2394
  439  469
  440 2320
  440 2400
  440 1748
  440  470
  441 2329
  441  471
  441 1748
  442 2111
  442 2110
  443 2037
  443 2079
  443 1989
  443 2110
  444  475
  444 2037
  444  445
  444  476
  444 1989
  445 1917
  445 1878
  445  476
  446  447
  446  477
  446 1878
  446 1667
  448 1732
  448 1669
  448  449
  449  480
  449 1668
  449 1669
  449 1869
  450 1964
  450 1877
  450  480
  450 1887
  451 1999
  451  481
  451 2175
  451 1965
  452 2169
  452 2175
  453 2211
  453  483
  453  515
  453  484
  453  454
  453 2169
  454 1802
  455 2353
  455 1752
  455 1750
  456  486
  456  457
  456  487
  457  488
  458  488
  459  490
  459  460
  459  489
  460 2410
  460 2395
  460  491
  460  490
  460  461
  461  492
  461  462
  461 2402
  462  492
  462  493
  462 2402
  463  494
  463  464
  464  495
  464  465
  464  494
  465 1613
  465  496
  465  495
  465  466
  466  496
  467  499
  467  498
  467  497
  468  532
  468  469
  468  499
  469  501
  469  500
  469  502
  470  503
  470 1751
  470 2320
  470 2405
  471 2199
  471  504
  471  472
  472 2168
  472  505
  472  473
  472 2199
  473 2100
  473  505
  473  474
  473 2110
  474  506
  474 2110
  474 2037
  475 2037
  475 2016
  475  507
  475  506
  476 1812
  476  507
  477  508
  477 1753
  477  478
  480 1887
  480 1869
  480 1670
  480  511
  481 1965
  481  513
  481 1612
  482  514
  482 2381
  482 1612
  482 2231
  483  515
  483 2267
  483 2231
  483 2169
  483  514
  484 1833
  484  485
  484  516
  484  515
  485 1750
  485 1802
  485  517
  485  516
  485 1752
  486 1752
  486  518
  486 2404
  486 2356
  486  487
  487  519
  487  488
  487  518
  488  552
  488  519
  488  520
  489  490
  490  491
  490  521
  491  524
  491  523
  491  492
  491  522
  492  524
  492  493
  493  557
  493  526
  493  525
  493  494
  494  527
  494  495
  495  527
  496  560
  496  497
  496  529
  496 1613
  497  530
  497  529
  497  498
  498  531
  498  530
  499  532
  500 2411
  500  501
  501  502
  501 2411
  502 2403
  502  503
  502  533
  502 2366
  503 2405
  503  534
  503 2366
  503 1751
  504 2212
  504 1811
  504  535
  504 2199
  505 2209
  505 2199
  506 2100
  506 2016
  506  537
  506 2037
  507  538
  507 1812
  507 2016
  508  540
  508 1671
  508  541
  508  509
  508 1753
  510 1672
  510 1669
  511  543
  512 2025
  512 1965
  512  544
  513 2381
  513  545
  513 2025
  513 1612
  514 2381
  514 2267
  514 2386
  514 2231
  515 2267
  515  577
  515  516
  515  547
  516  517
  516  548
  517 1752
  517 2356
  517  549
  518  551
  518 2356
  518  519
  519  552
  519  551
  520  581
  520  521
  520  553
  520  552
  522  555
  522  523
  522  554
  523  524
  524  555
  524  556
  525  557
  526  558
  526  527
  526  557
  527  559
  527  558
  527 1613
  529  530
  529  560
  530 1614
  530  531
  530  562
  531  563
  531  532
  531  562
  532 2411
  532 2417
  532  563
  533 2411
  533  565
  533  534
  533  564
  533 2366
  534  565
  535 1811
  535  594
  535  565
  536 2209
  536  567
  537 2026
  538  569
  539 2050
  539 1812
  541 1671
  543  573
  543 1670
  543 1673
  543 1887
  544 1887
  544  575
  544 2025
  544 1616
  544  574
  545  576
  545 2124
  545 2025
  546 2112
  546  577
  546 2124
  547 2196
  547  578
  547  548
  548 2276
  548  549
  549  550
  550 2356
  550 2336
  550  579
  551 2357
  551  580
  551  552
  552  581
  553  554
  553  581
  554  555
  554  582
  555  556
  555  583
  555  585
  556  586
  556  557
  557  587
  557  558
  558  588
  558  559
  559  560
  559  588
  560  589
  560  588
  560 1614
  561  620
  561  590
  562  563
  562  590
  563  591
  563  590
  564 2396
  564  592
  565 1615
  565 2292
  565  593
  566 2232
  566 2212
  566  567
  566  595
  566  594
  567 2164
  567  595
  567 2102
  568 2164
  568  596
  568  597
  568 2026
  568 2102
  569  597
  569 2000
  569  598
  569 1931
  569 2026
  570 1931
  570 2050
  570 1671
  570 1879
  570  598
  572 1672
  573  602
  573  574
  573 1674
  574  602
  574  603
  574 1616
  574 1887
  575  604
  575  605
  576 1617
  577  607
  578 2286
  579  609
  579 2294
  580  610
  580 2336
  580 2373
  581  610
  581  582
  582  612
  582  583
  582  611
  583  613
  583  612
  583  584
  584  614
  584  585
  585  615
  585  614
  585  586
  586  648
  586  616
  586  615
  586  587
  587  588
  588  618
  588  617
  588  619
  588  589
  589  620
  589  619
  589 1614
  590  622
  590  591
  590  620
  591 2397
  591  622
  591 2417
  592  623
  592 2312
  592 1615
  593 2292
  593 2312
  594  625
  594 2292
  594 2232
  594 2212
  595 2164
  595 2142
  595 2232
  596  627
  596 2164
  596 2142
  596  597
  597 2026
  597 2038
  598 1879
  598  629
  598 2000
  598 1931
  599 1675
  599 1671
  599  631
  599  600
  599  630
  601 1673
  601 1676
  602 1674
  602 1676
  602  603
  603 1899
  603  634
  603 1933
  604 1899
  604 1933
  604  635
  604  636
  604  605
  605  606
  605  636
  605 1617
  606 2061
  606 1617
  606 2112
  606  637
  606  636
  607  638
  607 2161
  607 1754
  607  637
  608 2276
  608  638
  608 2286
  608  669
  608 2294
  609 2337
  609  639
  609 2373
  610  640
  610  641
  610  642
  610  611
  611  643
  611  642
  611  612
  612  644
  612  613
  613  646
  613  645
  613  644
  613  614
  614  647
  614  646
  615  647
  616  678
  616  649
  616  617
  616  648
  617  618
  617  680
  618  680
  618  651
  618  619
  619  651
  619  620
  620  621
  620  653
  620  652
  621  622
  621  653
  622  654
  622  684
  622  655
  623  655
  623 2397
  623 2392
  624  657
  624 2292
  625  657
  626  658
  626 2142
  627  658
  627 2142
  627  659
  628 1814
  628  629
  629  630
  629 1879
  630 1861
  630  661
  630  660
  630 1879
  632  664
  633  664
  634 1853
  635  665
  636 1973
  637  667
  637 2062
  637 2112
  638 2286
  638 2204
  638 2161
  638  669
  638 1754
  639 2294
  639  700
  639 2367
  639  669
  640 2373
  640 2367
  640  670
  641  642
  641  671
  642  671
  642  672
  643  644
  643  672
  644  675
  644  645
  644  674
  645  675
  646  676
  646  647
  646  675
  647  677
  647  676
  648  678
  648  677
  649  679
  649  680
  649  678
  650  651
  651  682
  651  681
  652  653
  653  682
  654  683
  654  684
  655 2397
  655 2375
  655 2374
  655  684
  656 2304
  656 2312
  657  687
  657 1618
  657 2200
  657 2304
  658  688
  658 2200
  658 1755
  658 1813
  659  689
  659 1813
  659 1756
  659 2005
  660  690
  661  691
  661  692
  661 1675
  661  662
  661 1861
  662 1733
  663  664
  664 1677
  664 1676
  664  694
  664 1853
  665  695
  665 1973
  665  696
  665 1899
  666  697
  666  696
  666 2017
  666 2062
  666 1973
  667  697
  667 2125
  667 2161
  668  698
  668 2161
  669  699
  670  701
  670 1757
  670 1815
  670  700
  670 2367
  671  702
  671  672
  671  701
  672  734
  672  703
  672  702
  673  703
  674  704
  674  675
  674  703
  675  676
  675  704
  676 1846
  676  705
  677  707
  677  678
  677 1846
  678  709
  678  708
  678  707
  679 1620
  679  680
  680  710
  680 1620
  680  681
  681  682
  682  683
  682  710
  683  712
  683  684
  683  713
  683  711
  684 2406
  684  714
  684  713
  685 2392
  685 2412
  686  716
  686 2305
  686 2304
  686 2412
  687  717
  687 2304
  687 2200
  687 2305
  688 2177
  688 2200
  688 1755
  688 2227
  689 2001
  689 2042
  689 1813
  689  719
  689 1756
  690 1861
  690 1814
  690  721
  691  722
  694  725
  694  755
  694  726
  694 1853
  695 1905
  695  726
  695  696
  695 1853
  696  727
  696 1973
  696 2017
  696  726
  697  728
  697 2017
  697 2125
  697 1758
  698 2248
  698  729
  698 2204
  698  730
  698 2125
  699  731
  699 2249
  699  700
  699 2248
  700 1757
  700  731
  701  732
  701 1815
  701  702
  702  732
  702  734
  702  733
  703  704
  703  735
  705  706
  705  735
  706  737
  706  736
  707 1846
  707  738
  708 1759
  708  739
  710  740
  710  741
  710  711
  710 1620
  711  712
  711  742
  711  741
  712  743
  712  742
  713  714
  714  744
  714  743
  715  745
  715 2412
  715 2406
  715 2375
  716 1621
  716  746
  716 2305
  716  745
  717 2268
  717  747
  717 2227
  718  748
  718 1755
  719 1813
  719  748
  720  721
  720 1756
  721  752
  721 1943
  721 1862
  721  722
  721  751
  722 1854
  722  752
  722  723
  723  752
  724 1679
  724 1678
  724  725
  725 1677
  725 1678
  725  755
  726 1888
  726  756
  726 1990
  727 1955
  727 1990
  727  757
  728 2017
  728 1758
  728  757
  729 2170
  729 2125
  729  759
  730  760
  730 2170
  731 2363
  731 2249
  732 1619
  732 1815
  732  733
  733  763
  733 1619
  733 2414
  733  734
  734  764
  734  735
  734  763
  735  765
  735  764
  735  736
  736  737
  737  738
  737  767
  737  765
  737 1846
  738 1759
  738  767
  738 1846
  739 1818
  739  768
  739  740
  739 1620
  740 1620
  740  741
  740 1818
  741  770
  741  769
  742  772
  742  770
  742  743
  743  773
  743  744
  744 2406
  744 1816
  744  773
  745 1816
  745 1621
  745 1801
  745 1760
  746  775
  746 2303
  746 2268
  746 1621
  746 2305
  747  776
  747 2177
  747 1817
  748 1817
  748  777
  748  749
  748 1761
  749  778
  749  777
  749  750
  749 2042
  750 2001
  750  779
  750  751
  750  778
  751 1943
  751  779
  752 1943
  752  812
  752  753
  754 1680
  755 1900
  755  783
  757 1993
  757 2017
  758 2066
  759  787
  759 2097
  760 2249
  760  788
  760 2192
  761 2363
  761 2321
  761  789
  762 1619
  762  790
  763  764
  763  792
  763  793
  763  791
  764  765
  764  794
  765 1764
  765  795
  765  766
  765  794
  766  828
  766  767
  766  795
  766  796
  767  796
  767  797
  767 1759
  768 1759
  768  799
  768  798
  769 1762
  769  770
  769  800
  769 1818
  770  800
  770  801
  771  802
  771  833
  771  772
  772  803
  772 1622
  772  773
  772  802
  773 1763
  773  803
  773 1816
  774 2303
  774  836
  774 1621
  774  805
  775  806
  775 2303
  775  807
  775 2268
  776 2268
  776 1761
  776  807
  776 1817
  777  810
  777 1761
  777  778
  777  809
  778  810
  778  779
  779 1880
  779  811
  779 1943
  780  812
  780 1880
  783  815
  783 1679
  783 1681
  783 1900
  784  816
  784 1888
  784  817
  784 1993
  784 1955
  784 1900
  785 2066
  785  817
  785  849
  785 2057
  786 2097
  786  818
  786 2149
  786 2063
  786 2057
  787 2170
  787 2149
  787 2192
  788  820
  788 2224
  788 2192
  788 2262
  788  821
  789 2295
  789  822
  789 2262
  790 2295
  790 2382
  790 2414
  790 2321
  791  792
  791 2383
  791 2414
  792  825
  793  826
  793  794
  793  825
  794 1764
  795  827
  796  829
  796 1837
  796  828
  797  829
  798 1819
  798 1759
  799 1818
  799 1819
  800  801
  800  831
  800 1762
  801  864
  801  832
  801  833
  803 1622
  803  866
  803  835
  803  834
  804 1763
  804  835
  805 2330
  805  835
  805 1763
  806  837
  806  836
  807  808
  807 2213
  807 2268
  808  809
  808  839
  808  838
  808 1761
  809 2027
  809 2080
  809  840
  810 2027
  810  842
  810  811
  811 1881
  811  842
  812  813
  812 1682
  812  843
  814 1681
  815  816
  815  847
  815  846
  816 1900
  816 1889
  816  847
  816  848
  816  817
  817  849
  817 1993
  817 2002
  817 1970
  818 2103
  818 2057
  818  850
  818  849
  818 2149
  819 2193
  819  850
  819 2222
  819 2149
  820 2215
  821  853
  821 2262
  822  853
  823 1767
  823 2295
  823 2333
  824 1767
  824 2382
  825  856
  825  826
  826  857
  826  856
  826 1764
  827 1764
  827  828
  827  858
  829 1837
  829 1765
  829 1819
  830  861
  830 1818
  830  862
  830 1762
  830  831
  831  863
  831  862
  831 1762
  832  895
  832  894
  832  863
  833  865
  833 1622
  833  864
  834  896
  834  866
  834  865
  835  867
  835  866
  836 2313
  836  868
  836 2330
  837  869
  837 2313
  837 2213
  838  902
  838  870
  840  872
  840 2031
  841 2027
  841  872
  841 1969
  842 1941
  842 1969
  842 1881
  843  874
  843 1683
  843  875
  843  844
  843 1880
  844 1682
  845 1684
  845  846
  846  847
  846 1684
  846 1681
  847 1889
  847 1684
  848  878
  849 2103
  849 2047
  850 2153
  850 2149
  850  851
  850 2103
  851 2222
  851 2153
  851  881
  851 1766
  852  853
  852 2222
  852 2215
  853 2306
  853  854
  854 2296
  854 2333
  854  883
  855 2384
  855 2418
  855  885
  855 1767
  856  887
  856 2383
  856  888
  856 2418
  856  857
  857  890
  857  858
  857  888
  857 1764
  858  891
  858  890
  858 1764
  859  860
  859 1837
  860  892
  860  891
  860 1765
  860 1837
  861 1819
  861 1765
  861  862
  862  894
  862  893
  863  894
  864 1820
  864  865
  864  895
  865 1820
  865 1768
  865 1622
  866  897
  866  896
  867  899
  867  898
  867  897
  868 2281
  869 2214
  869  902
  869  901
  870 2154
  870  871
  870  902
  870 2080
  871 2080
  871 2043
  871 2154
  872 2043
  872 1941
  872 1976
  873  874
  873  905
  873 1881
  873 1938
  874 1881
  874 1683
  874  906
  875 1683
  877  911
  877 1851
  878 1945
  878  912
  878  879
  878 1995
  878  911
  878 1970
  879 2047
  879 2002
  880 2103
  880  913
  880 2048
  881 1766
  881 2259
  881  914
  881 2255
  882 2259
  882 1766
  882  883
  882  916
  882 2306
  882  915
  883 2388
  883  884
  883  916
  883  917
  883 2306
  884  918
  884 1767
  884 2388
  885 2418
  885  950
  885  920
  885  886
  885  919
  886  887
  887 2418
  887  951
  887  920
  887  921
  887  888
  889  953
  889  890
  889  921
  890  923
  890  891
  891  924
  891  923
  891  892
  892  956
  892  926
  892  893
  892 1765
  892  924
  893  894
  893  927
  893 1765
  894  928
  894  895
  895  929
  895  928
  896  897
  896 1769
  896 1768
  898  932
  898  931
  899 2330
  899  933
  899  900
  899  932
  900 2331
  900 2282
  900  933
  900 2281
  901  934
  901  935
  901 2313
  902 2155
  902  935
  903  937
  903 2043
  903  936
  904 2043
  904 1623
  904  938
  905 1976
  905 1901
  905  939
  905  938
  906  940
  907 1683
  907  940
  908 1686
  908 1683
  909  910
  909 1684
  910 1684
  910  971
  911 1891
  911  943
  911 1889
  912  944
  912  945
  912 2048
  912 1995
  913 2048
  913  914
  913 2113
  913 2153
  914 2153
  914 2255
  914 2113
  915  947
  915 1821
  915  916
  915 2255
  916  917
  916 2399
  916  948
  917 2399
  917 2388
  918  949
  918  919
  919  949
  919 1767
  920  979
  920  951
  920  950
  921  952
  921  953
  921  951
  922  923
  923  983
  923  955
  923  954
  924  955
  925  955
  925  956
  926  986
  926  956
  927 1771
  927  957
  927  928
  928  958
  928 1771
  929  958
  929  959
  929 1820
  930 1768
  930  960
  930 1769
  930  959
  930 1820
  931 1769
  931  991
  931  932
  931  961
  931  960
  932  962
  932  961
  933 2376
  933  963
  934 2282
  934  964
  935 2191
  935  964
  936 2075
  936 2154
  938  966
  938 1623
  938 1976
  939 1890
  939  967
  940 1901
  940  968
  940 1685
  942  971
  943 1851
  943  971
  944 1995
  944 1003
  944  972
  944 1966
  944  945
  945 2048
  945 1003
  945 1844
  946 2113
  946 2126
  946 2165
  946 2255
  947 2165
  947  975
  948  976
  948 2338
  949  977
  949  978
  949  950
  949 2346
  950  979
  950  978
  951  980
  951  979
  952  981
  953  954
  954  982
  954  983
  954  981
  955  956
  955  984
  955  983
  956  985
  957 1771
  957  987
  957  986
  958  959
  958  989
  959  990
  959  960
  959 1820
  960 1021
  960  991
  960 1769
  961  992
  961  962
  961  991
  962 2376
  962  992
  963 2368
  963 2282
  963 2301
  963  993
  964  994
  964 2217
  964  995
  964 2301
  965  996
  965 2166
  965 2155
  965 2075
  965 2191
  965  995
  966 1623
  966 2019
  966  997
  966  967
  966 2075
  966  996
  967  998
  967 1925
  967  997
  968 1890
  968  999
  968 1688
  968 1686
  968  969
  968  998
  969 1687
  970  971
  971 1031
  971 1001
  971 1891
  972 1966
  972 1945
  972 1001
  972 1002
  973 2018
  973 2053
  973 1003
  974 2113
  974 2083
  974 1005
  974 1844
  974 2127
  975 2256
  975 1006
  975 2216
  975 1821
  975 2127
  976 2256
  976 2338
  976 2288
  976 1770
  977 2346
  977 1008
  977 2289
  978 1009
  978 1008
  978 1010
  978  979
  979  980
  980 1040
  980 1011
  980  981
  980 1012
  980 1010
  981 1013
  981  982
  982 1013
  983 1014
  983 1013
  983  984
  984 1015
  986 1045
  986 1016
  986  987
  986 1015
  987 1771
  987 1016
  988 1771
  988  989
  989 1624
  989 1020
  990 1020
  990 1021
  991 1022
  991  992
  992 2407
  992 1022
  992 2376
  993 1023
  993 2325
  993  994
  993 2301
  994 2301
  994 1024
  995 2166
  995 2217
  995 2191
  996 2166
  996 1026
  996 2114
  996 2075
  997 1902
  997 1925
  997 2019
  998 1925
  998 1028
  998 1890
  999 1689
 1001 1891
 1001 1852
 1001 1032
 1002 1954
 1002 1032
 1003 1966
 1003 1004
 1003 1946
 1004 1948
 1005 2053
 1006 2239
 1006 2216
 1006 1036
 1006 2229
 1006 2256
 1007 2283
 1007 2256
 1007 1037
 1008 1009
 1008 2364
 1008 1038
 1009 1039
 1009 2359
 1010 1040
 1010 1039
 1010 1071
 1011 1041
 1011 1040
 1012 1041
 1012 1042
 1012 1013
 1013 1014
 1013 1042
 1014 1044
 1014 1015
 1014 1043
 1015 1045
 1015 1044
 1016 1626
 1016 1046
 1016 1045
 1017 1018
 1017 1771
 1018 1078
 1018 1047
 1018 1046
 1018 1624
 1018 1771
 1019 1049
 1019 1020
 1019 1047
 1020 1021
 1021 1050
 1021 1772
 1021 1022
 1022 1082
 1022 1051
 1022 1050
 1023 1052
 1023 2368
 1024 1054
 1025 1822
 1025 2166
 1026 1056
 1026 2028
 1026 1057
 1027 1058
 1028 1059
 1028 1690
 1028 1688
 1028 1925
 1029 1690
 1030 1691
 1030 1031
 1031 1062
 1031 1691
 1032 1954
 1032 1062
 1032 1063
 1034 2018
 1034 2208
 1034 2049
 1034 1948
 1034 1064
 1035 2236
 1035 2240
 1036 1067
 1037 2284
 1037 2239
 1037 1068
 1038 2289
 1038 1069
 1039 1070
 1039 1071
 1040 1072
 1040 1071
 1041 1042
 1042 1104
 1042 1073
 1042 1074
 1043 1075
 1043 1044
 1044 1076
 1044 1045
 1045 1076
 1046 1078
 1046 1626
 1047 1079
 1047 1078
 1047 1624
 1048 1049
 1048 1079
 1049 1112
 1049 1772
 1050 1772
 1050 1081
 1051 1083
 1051 1114
 1051 1082
 1051 2407
 1052 2407
 1052 1053
 1052 2377
 1053 1084
 1053 2297
 1053 2325
 1054 1084
 1054 1773
 1054 2205
 1054 2297
 1054 1822
 1055 2068
 1055 1086
 1055 1773
 1055 1056
 1055 1822
 1056 2114
 1056 2068
 1057 1087
 1057 1058
 1057 2028
 1058 1926
 1058 1088
 1058 1087
 1058 1923
 1058 2019
 1059 1089
 1059 1902
 1059 1090
 1059 1923
 1060 1090
 1062 1852
 1062 1093
 1062 1063
 1063 1959
 1063 1949
 1063 1775
 1063 1774
 1063 1093
 1064 1774
 1064 1948
 1065 2049
 1065 1096
 1065 2084
 1065 2240
 1066 2240
 1066 2236
 1066 2179
 1066 1096
 1067 1097
 1067 1098
 1067 2179
 1067 1068
 1069 2389
 1069 1100
 1069 2359
 1069 2284
 1069 1625
 1070 2385
 1070 2359
 1070 1071
 1070 1100
 1071 1102
 1071 1072
 1072 1103
 1072 1102
 1072 1073
 1073 1135
 1073 1104
 1074 1105
 1074 1075
 1074 1104
 1075 1106
 1075 1076
 1075 1105
 1076 1077
 1076 1107
 1076 1626
 1077 1078
 1077 1108
 1077 1109
 1077 1626
 1078 1109
 1078 1111
 1078 1079
 1079 1111
 1080 1776
 1080 1112
 1081 1082
 1081 1113
 1081 1112
 1081 1772
 1082 1113
 1082 1114
 1083 2377
 1083 1824
 1083 1115
 1083 1114
 1084 2377
 1084 2297
 1084 1116
 1084 1778
 1085 1147
 1085 1118
 1085 1773
 1086 2064
 1086 1118
 1087 1119
 1088 1120
 1088 1923
 1088 1926
 1089 1923
 1089 1121
 1090 1091
 1090 1693
 1090 1690
 1090 1121
 1091 1734
 1092 1691
 1093 1775
 1093 1124
 1093 1691
 1093 1694
 1094 1125
 1094 1774
 1094 1126
 1094 1775
 1095 2115
 1095 1774
 1095 2084
 1095 1127
 1095 2049
 1096 1128
 1096 2115
 1096 1097
 1097 2179
 1097 1098
 1097 1128
 1097 2269
 1098 1129
 1098 1130
 1098 2277
 1099 1625
 1099 2277
 1100 2326
 1100 1132
 1100 1101
 1100 2359
 1101 2354
 1101 1132
 1102 2385
 1102 1134
 1102 1103
 1103 2415
 1103 1135
 1104 1137
 1104 1105
 1104 1135
 1105 1137
 1106 1165
 1106 1138
 1106 1137
 1107 1627
 1107 1138
 1108 1109
 1109 1628
 1109 1139
 1110 1111
 1110 1141
 1110 1140
 1111 1141
 1111 1776
 1112 1143
 1112 1113
 1113 1144
 1113 1173
 1113 1114
 1114 1144
 1115 1824
 1115 1823
 1115 1144
 1116 1778
 1116 1117
 1116 1146
 1117 1147
 1117 2205
 1117 2332
 1117 1146
 1118 2081
 1118 1147
 1119 1148
 1119 1967
 1119 2068
 1119 2028
 1120 1967
 1120 1121
 1121 1150
 1121 1149
 1123 1694
 1124 1152
 1124 1183
 1125 2006
 1125 1775
 1125 1126
 1125 1910
 1126 1127
 1126 1774
 1127 2085
 1127 2115
 1127 1155
 1127 1774
 1128 2115
 1128 1157
 1128 1156
 1128 2269
 1129 1158
 1129 2269
 1129 2270
 1129 1130
 1130 2355
 1130 1158
 1130 2277
 1131 2326
 1131 2369
 1131 2355
 1132 2369
 1132 1159
 1132 2326
 1133 1779
 1133 1159
 1133 2354
 1134 2354
 1134 1825
 1134 1161
 1135 1162
 1135 1136
 1136 1196
 1136 1137
 1136 1163
 1136 1162
 1137 1163
 1137 1165
 1138 1166
 1138 1165
 1139 1627
 1139 1167
 1139 1166
 1139 1628
 1140 1167
 1140 1141
 1140 1168
 1140 1628
 1141 1170
 1141 2390
 1141 1776
 1142 1776
 1142 1171
 1142 1143
 1142 1170
 1143 1173
 1143 1172
 1143 1171
 1144 1145
 1144 2379
 1144 1173
 1145 2380
 1145 1823
 1145 1777
 1146 2258
 1146 2332
 1146 1175
 1146 1777
 1147 1176
 1147 2332
 1147 2081
 1147 1177
 1148 1178
 1148 2064
 1148 2081
 1149 1179
 1149 1180
 1149 1903
 1149 1150
 1150 1696
 1150 1151
 1150 1693
 1150 1180
 1151 1695
 1151 1693
 1152 1694
 1152 1183
 1153 1775
 1153 1183
 1155 1186
 1156 1188
 1157 2218
 1157 1188
 1158 1189
 1158 1190
 1158 1630
 1158 2355
 1159 1192
 1160 2272
 1160 2287
 1161 1803
 1161 1825
 1161 1194
 1161 1779
 1162 2415
 1162 1196
 1162 1825
 1163 1164
 1163 1196
 1164 2370
 1164 1198
 1164 1165
 1165 1166
 1166 1199
 1166 1167
 1166 1198
 1166 1627
 1167 1168
 1167 1628
 1167 1199
 1168 1200
 1168 2419
 1169 1200
 1169 1201
 1169 2390
 1170 2390
 1170 1202
 1170 1171
 1170 1776
 1171 1203
 1171 1172
 1172 1204
 1172 1203
 1173 2416
 1173 1204
 1174 1629
 1174 1205
 1174 1777
 1175 1206
 1176 1207
 1177 1208
 1177 2081
 1177 1178
 1177 2156
 1178 2081
 1178 1179
 1178 1209
 1178 1967
 1179 1996
 1179 1967
 1179 1903
 1180 1212
 1180 1211
 1182 1183
 1183 1245
 1183 1215
 1183 1858
 1184 1185
 1184 1911
 1184 1215
 1184 1910
 1184 1858
 1185 1911
 1185 1910
 1185 1186
 1185 2010
 1186 1216
 1186 2010
 1186 2086
 1186 2006
 1187 1217
 1187 1188
 1187 2219
 1187 2086
 1189 2270
 1189 1218
 1189 1630
 1189 2218
 1190 1630
 1190 1191
 1190 1220
 1190 1219
 1190 2355
 1191 1222
 1191 1192
 1191 2369
 1191 2355
 1192 2369
 1192 2272
 1192 1222
 1193 2271
 1193 2278
 1193 2287
 1194 1803
 1194 2278
 1194 2287
 1195 2360
 1195 1825
 1195 1225
 1195 1196
 1195 1780
 1196 2360
 1196 2370
 1197 1227
 1197 1198
 1197 2370
 1198 2408
 1198 1227
 1199 1229
 1199 2408
 1199 2419
 1200 1230
 1200 1231
 1200 2391
 1201 1781
 1201 1202
 1201 1804
 1201 2339
 1202 2361
 1202 1781
 1202 1203
 1203 1234
 1203 1204
 1204 1235
 1204 1234
 1205 1236
 1205 1827
 1205 2379
 1206 2258
 1206 2299
 1206 1629
 1206 1207
 1207 2340
 1207 1826
 1207 1237
 1208 1238
 1209 1996
 1209 1239
 1210 1903
 1211 1242
 1211 1212
 1211 1904
 1211 1903
 1212 1242
 1212 1213
 1212 1696
 1213 1735
 1214 1245
 1215 1858
 1215 1246
 1216 1248
 1216 1217
 1216 2086
 1217 1249
 1217 2116
 1217 2086
 1217 2219
 1218 2218
 1218 1250
 1218 1630
 1218 2308
 1218 2219
 1219 2327
 1219 1220
 1219 1630
 1220 2220
 1220 2327
 1221 2220
 1221 1252
 1221 1222
 1222 1828
 1222 1785
 1222 1254
 1222 2272
 1223 1254
 1223 1224
 1224 2278
 1224 1286
 1224 1256
 1225 2360
 1225 2378
 1225 1257
 1225 2263
 1226 2370
 1226 1257
 1226 2378
 1226 2302
 1227 2341
 1227 1259
 1227 2347
 1228 1260
 1228 1229
 1228 2347
 1229 2408
 1229 1230
 1229 1260
 1229 2391
 1230 1261
 1230 1231
 1231 2339
 1231 1262
 1232 1263
 1232 2339
 1232 2348
 1233 2372
 1233 2361
 1233 1781
 1234 2361
 1234 1235
 1234 1266
 1234 1265
 1235 2416
 1235 1266
 1235 1783
 1235 1827
 1236 1267
 1236 2299
 1236 1629
 1237 1268
 1237 1269
 1237 2299
 1238 1239
 1238 1826
 1238 2132
 1239 2132
 1239 1271
 1239 2035
 1240 1997
 1240 1273
 1240 1272
 1240 1897
 1240 1904
 1240 1271
 1241 1784
 1242 1784
 1242 1243
 1242 1274
 1244 1245
 1244 1736
 1245 1697
 1245 1246
 1246 1912
 1246 1786
 1246 1247
 1246 1697
 1247 1786
 1247 1911
 1248 2082
 1248 1279
 1249 2219
 1249 1281
 1249 1280
 1250 2308
 1250 1251
 1250 1281
 1251 1282
 1251 1281
 1252 1283
 1252 1253
 1252 2220
 1253 1828
 1254 2272
 1254 1285
 1254 1785
 1255 1286
 1255 1285
 1256 2263
 1256 1288
 1256 1257
 1256 1287
 1257 2298
 1257 1258
 1258 1632
 1258 1288
 1258 1259
 1259 2302
 1259 2341
 1259 1632
 1260 2341
 1260 1633
 1260 1261
 1260 1291
 1261 1262
 1261 2280
 1261 1633
 1262 2348
 1262 2300
 1263 2349
 1263 1294
 1263 1804
 1263 1782
 1264 1805
 1264 1294
 1265 2371
 1265 1829
 1265 1296
 1265 1266
 1265 1297
 1265 2362
 1266 1298
 1266 1783
 1266 2371
 1267 1300
 1267 1827
 1267 2290
 1267 2299
 1267 2358
 1268 2299
 1268 1300
 1269 1301
 1269 2241
 1269 1826
 1270 1302
 1271 1303
 1271 1997
 1272 1304
 1273 1784
 1273 1304
 1274 1698
 1274 1275
 1274 1784
 1275 1698
 1277 1308
 1277 1309
 1278 2089
 1278 1310
 1278 1279
 1278 1786
 1279 2082
 1279 2089
 1279 2010
 1280 1311
 1280 1343
 1280 1281
 1280 1312
 1280 2116
 1281 2201
 1281 1313
 1281 1312
 1282 2201
 1282 1314
 1282 1283
 1282 1315
 1282 2327
 1282 2220
 1283 1315
 1283 1284
 1284 1830
 1285 1317
 1285 2171
 1285 1785
 1286 2171
 1286 1319
 1287 1320
 1287 1288
 1287 1319
 1288 2187
 1288 1289
 1289 2207
 1289 1321
 1290 1632
 1290 1323
 1290 2207
 1291 1633
 1291 1323
 1292 1324
 1292 2194
 1292 2300
 1293 1326
 1293 1325
 1294 2251
 1294 1782
 1294 2206
 1295 2206
 1295 1805
 1296 1788
 1296 1297
 1296 1328
 1297 1329
 1297 1298
 1298 2371
 1298 2358
 1298 1329
 1299 2290
 1299 1845
 1299 1329
 1300 2290
 1300 1332
 1300 2241
 1300 1331
 1301 2128
 1301 1333
 1301 1334
 1302 2129
 1302 2076
 1302 1335
 1302 1334
 1302 2035
 1303 2035
 1303 1789
 1304 1336
 1304 1789
 1304 1784
 1305 1856
 1305 1784
 1305 1337
 1307 1699
 1307 1308
 1308 1700
 1308 1697
 1308 1340
 1308 1339
 1308 1309
 1309 1892
 1309 1786
 1310 1786
 1310 1342
 1310 1341
 1311 1790
 1311 1343
 1311 2082
 1312 1313
 1312 1344
 1312 1343
 1313 2180
 1313 1345
 1314 2172
 1314 1315
 1314 1346
 1315 1631
 1315 1347
 1315 1346
 1316 1348
 1316 1317
 1316 1347
 1317 1318
 1317 1830
 1317 1348
 1317 1631
 1318 2054
 1318 1350
 1319 1351
 1319 2137
 1319 1320
 1320 2187
 1320 1351
 1321 1352
 1321 2138
 1321 2187
 1322 2207
 1322 1353
 1322 1323
 1323 1355
 1323 1354
 1323 1324
 1324 2280
 1324 2195
 1324 1355
 1324 1633
 1325 2194
 1325 2167
 1325 2250
 1326 2206
 1326 1358
 1326 2202
 1326 1357
 1326 2251
 1327 2265
 1327 2273
 1327 2202
 1328 2328
 1328 2334
 1328 2273
 1328 1360
 1328 1787
 1328 1788
 1329 1845
 1329 1362
 1330 2223
 1330 2290
 1330 1331
 1330 2264
 1331 1332
 1331 1364
 1331 2290
 1332 1364
 1332 1333
 1332 2241
 1333 1365
 1333 1334
 1333 1364
 1334 2077
 1334 1365
 1334 2076
 1335 1394
 1335 1366
 1335 1789
 1336 1956
 1336 1789
 1336 1856
 1336 1366
 1337 1338
 1337 1698
 1338 1698
 1339 1700
 1340 1369
 1340 1701
 1341 1371
 1341 1634
 1341 1342
 1342 2082
 1342 1372
 1342 2089
 1343 1790
 1343 1372
 1343 1344
 1344 1373
 1344 1345
 1345 2221
 1345 1373
 1345 1791
 1346 1375
 1346 1376
 1346 1791
 1346 1347
 1347 1405
 1347 2072
 1347 1376
 1348 2036
 1348 2072
 1348 2054
 1349 2020
 1349 2029
 1349 2054
 1350 2105
 1350 2029
 1350 2137
 1350 1379
 1351 2137
 1351 1380
 1351 2187
 1352 2087
 1352 1380
 1353 2069
 1353 2138
 1353 1382
 1353 1354
 1354 2139
 1354 1382
 1355 2195
 1355 1384
 1355 2150
 1356 2092
 1356 2194
 1356 2195
 1356 2150
 1357 2104
 1357 1386
 1357 1358
 1357 2167
 1358 1359
 1358 2202
 1359 1387
 1360 1361
 1360 1388
 1360 1387
 1360 2273
 1361 2343
 1361 2334
 1362 1389
 1362 2223
 1362 2343
 1362 2334
 1362 1845
 1362 2328
 1363 1390
 1363 1391
 1363 1364
 1364 1391
 1365 2130
 1365 2077
 1365 1393
 1366 2003
 1366 1394
 1366 1789
 1367 1856
 1368 1701
 1369 1701
 1369 1370
 1369 1399
 1370 1863
 1370 1371
 1370 1892
 1370 1399
 1371 1974
 1371 1892
 1372 1974
 1372 1634
 1372 1402
 1372 1401
 1372 2055
 1372 1790
 1373 2007
 1373 2221
 1374 1375
 1374 2242
 1375 2243
 1375 2008
 1375 1376
 1376 1405
 1377 2036
 1377 1405
 1378 2040
 1378 1407
 1378 2020
 1379 1407
 1379 1408
 1379 1437
 1380 2105
 1380 1409
 1380 2088
 1380 1408
 1380 2187
 1381 1792
 1381 2044
 1382 1792
 1382 2069
 1382 1383
 1382 2065
 1382 2139
 1383 2197
 1384 2139
 1384 2150
 1384 2119
 1384 2197
 1384 1412
 1385 2093
 1385 2098
 1385 1413
 1386 2093
 1386 2058
 1386 2098
 1386 1387
 1387 1416
 1387 1388
 1387 1417
 1387 2265
 1388 2181
 1388 1418
 1389 2181
 1389 1419
 1389 2223
 1389 1390
 1390 2223
 1390 2120
 1390 1419
 1391 1420
 1391 1794
 1391 2130
 1392 1393
 1392 1794
 1393 2077
 1393 1422
 1393 2070
 1393 1394
 1394 2077
 1394 1424
 1394 1423
 1395 1918
 1395 1843
 1395 1396
 1395 1856
 1396 1397
 1396 1703
 1396 1425
 1396 1856
 1397 1703
 1398 1701
 1398 1702
 1399 1863
 1399 1428
 1399 1704
 1399 1701
 1400 1429
 1400 1863
 1401 1402
 1401 1430
 1401 1974
 1402 2007
 1403 1431
 1403 2242
 1403 1432
 1403 2007
 1403 2221
 1404 1433
 1404 2008
 1405 2008
 1405 1983
 1405 1434
 1405 1435
 1406 2039
 1406 1984
 1406 1927
 1406 1435
 1407 2029
 1407 1927
 1407 1437
 1407 1928
 1408 1438
 1408 1409
 1408 1437
 1408 2105
 1409 1438
 1409 1439
 1410 1440
 1410 1792
 1411 2197
 1411 1831
 1411 1792
 1411 1796
 1411 1442
 1412 1443
 1412 1413
 1412 2119
 1413 1414
 1413 1443
 1413 2092
 1414 1445
 1414 2012
 1414 1444
 1415 2012
 1415 2021
 1415 1416
 1415 1446
 1416 1417
 1416 1793
 1416 2021
 1417 1793
 1417 1418
 1418 2106
 1418 1447
 1419 2134
 1419 2106
 1419 1635
 1420 2120
 1420 1794
 1420 2133
 1421 2074
 1421 1794
 1422 2070
 1422 1423
 1422 1452
 1423 1453
 1423 1452
 1424 1929
 1424 1956
 1424 1453
 1424 2003
 1425 1454
 1425 1455
 1428 1458
 1429 1461
 1429 1430
 1429 1974
 1429 1460
 1430 1977
 1430 1461
 1430 1974
 1431 1494
 1431 1463
 1431 1432
 1431 1464
 1431 1939
 1431 1977
 1432 2242
 1432 1464
 1432 1950
 1433 1919
 1433 1950
 1433 1434
 1434 1435
 1434 1913
 1435 1913
 1435 1893
 1435 1466
 1435 1983
 1436 1928
 1436 1893
 1437 1469
 1437 1991
 1438 1991
 1438 1795
 1438 1439
 1439 1440
 1439 1795
 1439 1470
 1440 2044
 1440 1441
 1440 1470
 1440 1471
 1441 1831
 1442 1935
 1442 1443
 1442 2197
 1442 1796
 1443 2197
 1443 1444
 1444 1935
 1444 1474
 1444 1934
 1445 1936
 1445 1934
 1446 2021
 1446 1936
 1446 1477
 1447 1478
 1447 1479
 1447 2059
 1447 1793
 1448 1479
 1448 1449
 1448 1635
 1449 1951
 1449 1450
 1449 1481
 1450 1451
 1450 1481
 1450 1794
 1450 2133
 1451 1968
 1452 1957
 1452 1453
 1452 2074
 1452 1483
 1452 2070
 1453 1920
 1453 1484
 1454 1843
 1454 1799
 1454 1929
 1454 1485
 1455 1703
 1455 1456
 1455 1486
 1456 1486
 1456 1705
 1457 1706
 1457 1704
 1457 1458
 1458 1489
 1458 1704
 1458 1707
 1458 1459
 1459 1490
 1459 1460
 1459 1489
 1459 1863
 1460 1491
 1460 1461
 1460 1863
 1461 1939
 1461 1491
 1462 1493
 1462 1864
 1463 1494
 1463 1493
 1464 2173
 1464 1495
 1464 1494
 1465 1497
 1465 1913
 1465 1919
 1466 1497
 1466 1498
 1466 1913
 1467 1928
 1467 1500
 1468 1501
 1468 1500
 1469 1928
 1469 1795
 1469 1501
 1470 1503
 1470 1471
 1470 1795
 1471 1505
 1471 1504
 1472 1832
 1473 1935
 1473 1797
 1473 1894
 1473 1506
 1474 1508
 1474 1475
 1474 1894
 1474 1935
 1475 1476
 1475 1934
 1476 1859
 1477 2021
 1477 1511
 1477 1510
 1478 1834
 1478 1636
 1478 1479
 1478 1798
 1479 2059
 1479 1636
 1479 1951
 1480 1513
 1480 1514
 1480 1481
 1480 1951
 1481 1637
 1481 1514
 1482 1637
 1482 1516
 1483 1957
 1483 1968
 1483 1971
 1483 1516
 1483 2074
 1484 1517
 1484 1957
 1484 1920
 1484 1547
 1485 1920
 1485 1518
 1485 1799
 1485 1857
 1485 1929
 1486 1520
 1486 1487
 1486 1799
 1489 1717
 1489 1708
 1489 1490
 1489 1523
 1490 1524
 1490 1491
 1491 1525
 1491 1524
 1491 1864
 1492 1526
 1492 1525
 1493 1849
 1493 1526
 1493 1494
 1494 1495
 1495 1849
 1495 1496
 1495 2173
 1496 1528
 1496 1527
 1497 1865
 1497 1720
 1497 1498
 1497 1528
 1498 1530
 1498 1720
 1498 1893
 1499 1500
 1499 1530
 1499 1893
 1500 1531
 1501 1711
 1501 1532
 1501 1928
 1502 1871
 1502 1532
 1502 1533
 1502 1795
 1503 1795
 1503 1534
 1503 1504
 1503 1871
 1504 1505
 1505 1914
 1505 1534
 1506 1536
 1506 1507
 1506 1914
 1506 1797
 1507 1538
 1507 1508
 1508 1894
 1508 1538
 1508 1859
 1509 1539
 1509 1936
 1509 1538
 1510 1511
 1510 1539
 1510 1936
 1511 1800
 1511 1834
 1511 2021
 1512 1870
 1513 1636
 1513 1870
 1513 1855
 1514 1860
 1514 1855
 1514 1544
 1514 1637
 1515 1545
 1515 1516
 1515 1860
 1516 1971
 1516 1517
 1516 1968
 1517 1547
 1517 1545
 1518 1547
 1518 1548
 1519 1549
 1519 1548
 1519 1799
 1520 1799
 1520 1550
 1520 1521
 1520 1549
 1522 1717
 1523 1552
 1523 1554
 1523 1553
 1523 1708
 1524 1555
 1524 1708
 1524 1958
 1525 1718
 1525 1958
 1525 1709
 1525 1557
 1525 1864
 1526 1559
 1526 1709
 1526 1849
 1527 1719
 1527 1710
 1527 1561
 1527 1849
 1528 1563
 1528 1710
 1528 1529
 1528 1865
 1529 1564
 1530 1567
 1530 1566
 1530 1531
 1530 1720
 1531 1711
 1531 1567
 1532 1569
 1532 1570
 1532 1533
 1532 1711
 1533 1571
 1533 1570
 1534 1573
 1534 1712
 1534 1574
 1534 1535
 1535 1575
 1535 1574
 1536 1725
 1536 1914
 1536 1537
 1536 1576
 1537 1579
 1537 1577
 1537 1538
 1538 1713
 1538 1580
 1538 1579
 1539 1713
 1539 1540
 1539 1582
 1539 1936
 1540 1585
 1540 1584
 1540 1800
 1541 1585
 1541 1587
 1541 1870
 1541 1798
 1542 1543
 1542 1588
 1542 1727
 1542 1855
 1543 1589
 1543 1590
 1543 1544
 1544 1860
 1544 1714
 1544 1591
 1545 1714
 1545 1546
 1545 1593
 1546 1595
 1546 1547
 1546 1594
 1547 1857
 1547 1715
 1547 1596
 1548 1598
 1548 1729
 1548 1549
 1549 1599
 1549 1716
 1549 1598
 1549 1799
 1550 1716
 1552 1717
 1555 1708
 1555 1718
 1557 1709
 1559 1709
 1559 1719
 1561 1710
 1563 1710
 1564 1720
 1567 1721
 1569 1722
 1571 1723
 1573 1724
 1575 1725
 1580 1726
 1582 1713
 1585 1800
 1587 1870
 1589 1727
 1591 1714
 1593 1714
 1596 1728
 1598 1729
 1601 1716
 1602 1649
 1603 1866
 1606 1737
 1607 2099
 1607 2078
 1609 2315
 1610 2317
 1612 2231
 1612 2175
 1618 2293
 1619 2413
 1619 2345
 1621 1801
 1623 2075
 1625 2326
 1625 2284
 1632 2207
 1633 2280
 1634 2011
 1635 2134
 1635 2059
 1635 2106
 1636 1870
 1637 1860
 1639 1640
 1639 1847
 1641 1649
 1642 1884
 1642 1643
 1643 1884
 1647 1730
 1650 1651
 1654 1655
 1655 1656
 1656 1657
 1657 1658
 1658 1660
 1659 1661
 1660 1909
 1661 1662
 1662 1731
 1663 1664
 1664 1666
 1665 1667
 1666 1668
 1668 1732
 1669 1670
 1670 1672
 1671 1879
 1672 1673
 1673 1674
 1674 1676
 1675 1733
 1677 1678
 1679 1680
 1680 1681
 1684 1851
 1685 1686
 1686 1687
 1688 1689
 1689 1690
 1691 1692
 1692 1694
 1693 1734
 1695 1696
 1696 1735
 1697 1736
 1697 1699
 1698 1784
 1701 1702
 1702 1704
 1703 1705
 1706 1707
 1707 1717
 1711 1721
 1711 1722
 1712 1871
 1712 1724
 1712 1723
 1713 1726
 1715 1728
 1715 1729
 1723 1871
 1725 1914
 1737 1921
 1738 1872
 1740 1807
 1742 1808
 1745 2159
 1747 1810
 1748 2254
 1748 2329
 1748 2320
 1749 1802
 1749 1750
 1749 2317
 1749 2323
 1750 1802
 1751 1811
 1751 2320
 1752 2404
 1752 2356
 1753 1812
 1753 1878
 1754 2196
 1754 2286
 1755 1813
 1756 1814
 1756 2005
 1757 2345
 1757 2363
 1757 1815
 1758 2063
 1758 2125
 1760 1763
 1760 1801
 1760 1816
 1761 1817
 1763 1816
 1766 2259
 1766 2222
 1767 2333
 1770 2288
 1770 2346
 1770 2398
 1773 2205
 1773 1822
 1775 1910
 1777 1778
 1778 1823
 1778 1824
 1779 2287
 1780 2266
 1780 1803
 1780 1825
 1781 1782
 1781 1804
 1782 1804
 1783 1827
 1785 1828
 1785 1830
 1786 1892
 1787 1805
 1788 1829
 1788 1805
 1790 2082
 1792 2069
 1793 2021
 1794 2130
 1796 1797
 1796 1832
 1796 1831
 1797 1832
 1798 1800
 1798 1834
 1802 1833
 1803 2266
 1805 2372
 1805 2273
 1807 2176
 1809 2342
 1809 2228
 1809 2247
 1810 2393
 1811 2320
 1811 2329
 1812 1878
 1814 2005
 1822 2217
 1823 1824
 1824 2377
 1825 2415
 1826 2128
 1826 2132
 1826 2156
 1827 2358
 1828 1830
 1829 2372
 1829 2362
 1831 1832
 1832 1914
 1834 1978
 1834 2021
 1835 1836
 1838 1985
 1839 1882
 1839 1840
 1841 2314
 1842 1868
 1842 1917
 1844 2053
 1844 2048
 1845 2264
 1853 1905
 1854 1862
 1856 1956
 1861 1862
 1864 1939
 1865 2173
 1867 1873
 1867 1930
 1868 1915
 1869 1877
 1872 1875
 1874 1876
 1876 1998
 1880 1881
 1885 1896
 1886 1909
 1887 1965
 1890 1901
 1891 1945
 1892 1895
 1893 1984
 1896 1998
 1897 1904
 1899 1933
 1899 1905
 1903 1904
 1908 1972
 1911 1912
 1911 2010
 1915 1916
 1915 1962
 1918 1956
 1918 1929
 1919 2173
 1920 1929
 1926 1967
 1931 2050
 1932 1933
 1934 1937
 1936 1937
 1938 1941
 1946 1954
 1946 1966
 1946 1953
 1947 1948
 1948 1959
 1948 1953
 1950 2242
 1953 1959
 1953 1954
 1954 1960
 1954 1966
 1955 1992
 1957 1971
 1959 1960
 1963 1964
 1964 1965
 1964 1999
 1969 2027
 1972 2073
 1974 2011
 1976 2043
 1977 2007
 1980 1986
 1982 1987
 1983 2039
 1988 1989
 1990 1992
 1993 2066
 1994 2004
 1996 1997
 1999 2175
 2000 2005
 2005 2038
 2007 2055
 2007 2221
 2012 2058
 2012 2098
 2013 2014
 2016 2024
 2018 2208
 2020 2036
 2020 2039
 2022 2023
 2024 2026
 2025 2030
 2033 2045
 2035 2132
 2036 2072
 2036 2039
 2037 2110
 2039 2040
 2043 2080
 2044 2088
 2047 2048
 2049 2240
 2049 2208
 2051 2078
 2056 2091
 2057 2066
 2061 2062
 2064 2068
 2069 2144
 2070 2074
 2076 2077
 2082 2117
 2083 2208
 2083 2216
 2083 2127
 2084 2115
 2085 2086
 2087 2088
 2087 2138
 2087 2144
 2088 2145
 2090 2091
 2091 2148
 2092 2093
 2092 2104
 2092 2119
 2094 2096
 2095 2140
 2099 2146
 2100 2209
 2100 2101
 2101 2102
 2105 2137
 2106 2181
 2107 2122
 2108 2147
 2108 2123
 2111 2168
 2116 2117
 2118 2171
 2118 2137
 2119 2150
 2124 2386
 2124 2267
 2127 2216
 2128 2132
 2128 2129
 2131 2174
 2131 2160
 2133 2134
 2136 2234
 2136 2184
 2141 2182
 2141 2176
 2142 2164
 2144 2145
 2146 2188
 2150 2195
 2154 2155
 2157 2158
 2160 2237
 2162 2198
 2162 2190
 2163 2174
 2169 2235
 2169 2186
 2170 2192
 2172 2180
 2175 2231
 2178 2179
 2179 2236
 2180 2201
 2181 2343
 2183 2185
 2184 2188
 2185 2203
 2193 2215
 2199 2209
 2200 2227
 2200 2233
 2202 2206
 2204 2248
 2206 2251
 2208 2240
 2213 2214
 2215 2222
 2216 2229
 2218 2219
 2220 2327
 2226 2291
 2228 2342
 2230 2275
 2231 2235
 2232 2233
 2238 2285
 2239 2256
 2242 2243
 2244 2245
 2245 2322
 2247 2344
 2247 2279
 2247 2291
 2248 2249
 2249 2262
 2250 2300
 2250 2251
 2251 2348
 2252 2253
 2253 2254
 2255 2259
 2256 2338
 2257 2350
 2258 2340
 2263 2298
 2263 2266
 2266 2278
 2269 2270
 2271 2272
 2274 2285
 2274 2310
 2279 2318
 2280 2300
 2281 2282
 2281 2313
 2283 2284
 2283 2289
 2288 2346
 2288 2289
 2290 2358
 2292 2293
 2293 2312
 2295 2321
 2295 2296
 2297 2307
 2304 2305
 2307 2325
 2308 2327
 2310 2311
 2312 2392
 2319 2335
 2321 2345
 2326 2389
 2326 2369
 2330 2331
 2336 2337
 2336 2357
 2342 2344
 2345 2363
 2346 2388
 2347 2408
 2348 2349
 2351 2352
 2352 2353
 2353 2404
 2354 2385
 2355 2369
 2356 2357
 2359 2364
 2360 2378
 2361 2362
 2368 2376
 2368 2407
 2374 2375
 2374 2392
 2379 2380
 2379 2416
 2381 2386
 2382 2414
 2382 2383
 2383 2384
 2387 2410
 2391 2419
 2396 2417
 2396 2397
 2398 2399
 2400 2403
 2403 2405
 2411 2420
 2413 2414
 2417 2420
