    2   53
    4 1662
    4   54
    5   55
    6   55
    8   56
    8 1654
    9   57
    9   56
   10   57
   12 1663
   12   58
   13   59
   14 1747
   14   59
   16 1665
   16   60
   18 1665
   18   61
   19   62
   20 1655
   22 1866
   22   63
   22 1656
   23   64
   23 1866
   25 1657
   25   65
   25   64
   27 1666
   27   66
   28   67
   30 1667
   30 1668
   31 1658
   32 1669
   32   68
   34 1669
   34   69
   35   70
   36   70
   38   71
   39 1670
   39   72
   40   73
   41 1659
   41   73
   43   74
   43 1660
   44   74
   45   75
   45 1661
   46   76
   47   77
   47   76
   48 1862
   48   77
   49 1861
   49   78
   50   78
   51   78
   52   53
   53  112
   53   80
   53   54
   54   82
   54   81
   54 1662
   55 1898
   55 1874
   55   83
   55 1662
   55   84
   55 1654
   56   57
   56   86
   56 1874
   57   58
   58 1663
   58   86
   58   87
   59 1663
   59  117
   59   89
   59 1664
   59   88
   60   90
   60   89
   60 1664
   60 1665
   61   91
   61   62
   61   92
   61 1665
   62 1873
   62 1655
   62   92
   63 1873
   64 1866
   64   65
   64   94
   65 1666
   65  124
   65   95
   66   95
   66 1616
   66   96
   66   67
   66 1666
   67 1667
   68 1658
   68   99
   68 1668
   68   98
   69   70
   69   99
   69 1669
   70 1932
   70   71
   70  100
   71   72
   71 1932
   72  103
   72  102
   72 1670
   73  103
   73 1670
   73  104
   74 1876
   74 1661
   75  106
   75   76
   75  107
   75 1876
   76   77
   77 1933
   77  107
   78 1861
   78   79
   78  109
   80  112
   81  113
   81   82
   81  112
   82 1901
   82   83
   84 1755
   84  114
   84   85
   84 1898
   85 1874
   85   86
   86   87
   86  114
   87  116
   87 1892
   87 1663
   89 1956
   89 1864
   89 1893
   89  117
   90 1893
   90   91
   91  120
   91   92
   91  119
   92  121
   92 2090
   92  120
   93 1865
   93 1873
   94 1865
   94 1866
   95  125
   95 1616
   95  124
   96 1934
   96   97
   96 1667
   97 1966
   97   98
   97 1668
   97  126
   98 1909
   98   99
   98  127
   99  127
   99  100
  100  101
  100  128
  101 1932
  101  129
  101  130
  102  103
  103  132
  103  104
  103  131
  104  133
  104 1910
  105  133
  105 1910
  105 1876
  105 2153
  105  134
  105  106
  106  135
  106  107
  108  136
  108 1900
  108  109
  108 1861
  108 1933
  109 1900
  109  110
  109  137
  109 1861
  111  112
  111 1671
  112  140
  112 1672
  112  113
  113 1901
  113  171
  113  141
  113  140
  114 1968
  114  115
  114 1755
  114  143
  115 1617
  115 1892
  116 1892
  116  117
  116  146
  116 1617
  118  148
  118 1893
  118 1830
  118 1956
  119 1899
  119 1830
  120 2090
  120  149
  121 2090
  121 1873
  121  122
  122  123
  122  151
  122 1865
  123 1865
  123  151
  123  152
  124 1908
  124  154
  124  153
  124  152
  124 1924
  125 2001
  125  154
  125 1924
  125 1934
  126 1966
  126 1934
  126  156
  126  155
  127  128
  127 1966
  127 1988
  127  157
  128 2062
  128  129
  128 1996
  129  159
  129 2062
  129  130
  130 2154
  130  160
  130 2023
  130  159
  131 1932
  131  132
  132 1947
  132  161
  133 2153
  133 1947
  133 1754
  134 1978
  134  135
  135 1933
  136 1933
  136 1902
  136  166
  136 1619
  137  167
  140  170
  140 1673
  140  171
  141 1950
  141  172
  141  142
  141  171
  142 1901
  143 2010
  143 1755
  144 1968
  144 1617
  144  175
  144 2010
  145  146
  145 1617
  146 2014
  146 2008
  146 1618
  147  177
  147 1956
  147  148
  147 1864
  147 2008
  148 1830
  148  178
  148  177
  149 2090
  149  179
  149  150
  149 1756
  149  178
  150 2015
  150  180
  150  179
  150 2090
  151  181
  151 1970
  151 1621
  151  182
  151 2108
  151  152
  151 2009
  152  153
  153  182
  153  183
  155 2001
  155  156
  156 2155
  156  186
  156  185
  156  157
  157 1831
  157 1966
  158 1996
  159 2137
  159 2154
  159  188
  160  190
  160  161
  160 1932
  161  162
  162 2039
  162 1754
  162  191
  163 2075
  163 2153
  163 2063
  163  192
  163 1620
  163 1754
  164 2153
  164 1758
  164 1978
  164  194
  165 1758
  165 1978
  165  195
  165  196
  165 1619
  165 1933
  166 1902
  166 1619
  166  196
  167  198
  167 1900
  167  168
  169 1672
  170 1867
  170  201
  171 1948
  171 1867
  172 2043
  172  202
  172  203
  172  173
  172 1950
  172 1755
  173 2010
  173 1755
  173  204
  173  203
  174 2010
  174 1763
  174  205
  174  175
  174  204
  175 1618
  175 2071
  175 1617
  176 2071
  176 1759
  176 2008
  176  206
  176 1618
  177  207
  177 1832
  177  178
  178  210
  178  179
  178  208
  178 1756
  179  211
  179  210
  180 2009
  180  181
  181  211
  182  213
  182  183
  183 2001
  184 2103
  184 2097
  184  216
  184  215
  185 2103
  185 2097
  186 1831
  186  219
  186 1757
  186 2155
  187  188
  187  220
  187  219
  187 1757
  188 2062
  189 2137
  189  251
  189  222
  189 2033
  189 2154
  190  191
  190 2023
  191 2101
  191 2039
  191  223
  191 2033
  191 2076
  192 2039
  193  226
  193 2075
  193  225
  193  194
  193 2063
  194 1760
  194 1758
  194 1761
  194  226
  195  227
  195 1761
  195 1758
  195  259
  196 2027
  196  259
  196  228
  196 1619
  197 1911
  197  229
  197 1902
  198 1902
  198  229
  198  199
  200 1674
  200 1673
  201  232
  201 1673
  201 1675
  202 1950
  202  233
  203 2139
  203  234
  203  235
  203  204
  203 2043
  205  236
  205 1762
  205 1763
  205 2071
  206 1762
  206  238
  206  237
  206 2071
  207  239
  207 1759
  207  208
  207  238
  208  209
  209  210
  209  240
  209  239
  210 2124
  210  240
  211 1621
  212 1621
  212  242
  212  243
  212 2129
  213  244
  213 2081
  213  214
  214  215
  215 1622
  215  245
  215  216
  215 2001
  216 2189
  216  246
  216  245
  217 2189
  217 2155
  217 2097
  218  219
  218  247
  218 2173
  218  248
  218 2155
  219  220
  220  250
  220  249
  220  221
  220 2137
  221 2137
  221  251
  221  250
  222  252
  222 2076
  223  254
  223 2101
  223  255
  223  224
  224 2125
  224 2075
  224  255
  224 2039
  225 2183
  225  256
  225  226
  225 2172
  226 2183
  226 1760
  227 1761
  227  257
  227  259
  227 1760
  228 1911
  228  260
  228  259
  229 1911
  229  230
  229  261
  230  261
  232 1677
  232 1867
  232  265
  232  264
  232 1948
  233 2044
  233  265
  233 2082
  233  266
  234  267
  234 2082
  235  268
  235  269
  235 1763
  235 2139
  236 1763
  236  237
  236  269
  237  305
  237  271
  237  238
  237  270
  238 2184
  238  271
  239 2184
  239 1833
  239  274
  239  273
  239  240
  239  272
  240  274
  240  275
  241 1621
  241 2124
  242  277
  242 2178
  242  243
  243  277
  243  278
  243  244
  243 2108
  244 2081
  244 2167
  244 1622
  245  280
  245  246
  245 2167
  246 2179
  246  280
  246  281
  246 2189
  247 2155
  247 2179
  248  315
  248  283
  248  282
  248 2173
  249 2173
  249  285
  249  250
  249  284
  250  285
  251  286
  251  285
  251  252
  252  253
  252  286
  253 2101
  254 2101
  254  288
  254  255
  254  287
  255  288
  255 2172
  256  290
  256 2172
  256  322
  256  291
  257  291
  257 1760
  257  292
  257  258
  258  259
  258 2052
  259  260
  260  294
  260  293
  261  295
  261 1678
  261  262
  262 1676
  263 1675
  264 1935
  264  265
  265  266
  265 1948
  266 1935
  266  301
  266 2082
  267 2086
  267 2082
  267  302
  267 2139
  268  302
  268  303
  268  331
  269  304
  269  270
  269 1763
  270  305
  270  304
  271  272
  271 2184
  272  306
  272  305
  272  273
  274 1833
  274  307
  274 1764
  275 2168
  275 2124
  275  308
  276 2178
  276 2126
  276  338
  276  309
  276 2168
  276 2129
  276  277
  276  308
  277 1624
  277  310
  277  278
  277  309
  278 2167
  278  310
  278  311
  278  279
  279  280
  279  312
  279  311
  280 2167
  280  342
  280  312
  280  313
  281  282
  282 2179
  282  315
  282  314
  283  316
  283  315
  283  284
  284  346
  284  285
  284  317
  284 2173
  285  318
  285  286
  286  319
  286  287
  286  318
  288  349
  288  320
  288  319
  288  289
  289  321
  289  320
  289  290
  290 2172
  290  322
  290  321
  291 2183
  291  323
  291 1623
  291 2163
  292  323
  293 2004
  294  325
  294 1911
  295 1911
  295  325
  297  298
  298 1680
  298  327
  298 1677
  299 1677
  299 1912
  299 1680
  299  328
  300  301
  300 2016
  300  329
  300 1935
  301 2082
  301 2011
  301  330
  301 2086
  302 2139
  302  331
  302 2120
  303  332
  303  304
  303  331
  304  364
  304  305
  304  332
  305  334
  305  306
  306  336
  306 1833
  306  335
  306  334
  307  337
  307 1764
  307  308
  307  336
  308  338
  308  337
  309  338
  310  372
  310  341
  310 1624
  310  340
  311  341
  312  373
  312  341
  313  314
  313  343
  313  342
  314  344
  314  343
  314  315
  315  376
  315  345
  315  344
  316  346
  317  318
  318  319
  318  378
  318  346
  319  349
  319  348
  319  347
  320  321
  320  349
  321  351
  321  350
  322  352
  322 1623
  322  351
  323  353
  323 2052
  323  354
  324  354
  324  355
  324 1989
  324 2004
  324 2053
  325 2004
  325 1894
  325  356
  325  355
  325 1678
  326 1678
  328 1681
  328  359
  329  360
  330 2045
  331 2121
  331  362
  331  363
  331  332
  332  364
  333  395
  333  365
  333  334
  333  364
  334  367
  334  335
  334  365
  335  397
  336 1833
  336  368
  336  337
  336  397
  336 1764
  337  368
  337  338
  337  369
  338  369
  338  370
  339  371
  339  340
  339 1624
  341  373
  341  372
  342 1765
  342 1834
  342  343
  342  373
  343 1765
  343  344
  343  374
  344  375
  344  374
  345  406
  345  346
  345  377
  345  376
  347  348
  347  379
  347  378
  348  349
  348  379
  349  381
  349  350
  350  382
  350  351
  352 1623
  352  382
  353 2163
  353 1623
  353  384
  353  354
  353  383
  354 2053
  354  385
  354 2064
  355 1941
  355 2004
  356 1679
  356 1682
  356  357
  356 1894
  356  386
  357 1748
  357 1682
  358 1681
  359 1683
  359  389
  359  390
  359 1912
  360 2045
  360 1990
  360  391
  360 2011
  360 1912
  361 2180
  361  391
  361  392
  361 2121
  361 2045
  362  393
  362 2180
  362  363
  363 1625
  363  394
  363  393
  365  396
  365  395
  367  396
  367  397
  368  398
  368  369
  369  398
  369  399
  370  400
  370  399
  370  371
  371  402
  371  401
  371  372
  371  400
  372  402
  372  373
  373  402
  374  375
  374 1765
  375  405
  375  404
  376  405
  377  436
  377  407
  377  378
  377  406
  378  408
  378  379
  378  407
  379  409
  379  408
  380  409
  380  381
  381  410
  381  382
  382  412
  382  411
  382  383
  383 2141
  383 2109
  383  413
  383  384
  383  412
  383 1623
  384 2064
  385  415
  385 1989
  385 1942
  385 2064
  385 2017
  386  416
  388 1681
  388 1683
  389  390
  389 1683
  390 1990
  390 1903
  390  420
  390 1912
  391 2045
  391 2028
  391  392
  392 2180
  392  421
  393  424
  393  423
  393  394
  393  422
  394 1767
  395 1625
  395 1767
  395  396
  396  397
  396  426
  396  425
  397 1626
  397  426
  397  398
  398  428
  398  429
  398  399
  399  429
  399  400
  400  461
  400  431
  400  430
  402  431
  402  432
  402  403
  403 1834
  403  464
  403  433
  403 1765
  403  432
  404  465
  404  405
  404  433
  404 1765
  405  466
  405  406
  405  434
  406  436
  406  435
  407  438
  407  408
  407  436
  408  438
  408  409
  409  440
  409  439
  410  441
  410  411
  411  412
  412 1766
  412  442
  413  443
  413  442
  414  444
  414 2064
  415  446
  416  446
  416 1943
  416 1904
  416 1868
  416 1682
  416  447
  417 1682
  419  450
  419 1683
  420  451
  421  452
  421 1627
  422  453
  422 2180
  423  454
  423  424
  423  453
  424 1824
  424  454
  424  455
  425  457
  425 1768
  425  426
  425 1767
  426  427
  426  457
  427  459
  427  490
  428 1626
  428  459
  429  491
  429  430
  429  459
  430  461
  430  460
  431  462
  431  463
  431  432
  431  461
  432  463
  433  464
  433 1765
  434  466
  434  465
  435  467
  435  436
  435  466
  436  499
  436  468
  436  467
  438  501
  438  469
  438  439
  438  468
  439  469
  439  470
  439  440
  440  471
  440  441
  440  470
  441  471
  441 1766
  442  473
  442  443
  442 1766
  443 2141
  443  474
  443  473
  443 2140
  444 2067
  444 2109
  444 2018
  445  476
  445 2067
  445  446
  445  477
  445 2018
  446 1943
  446 1904
  446  477
  447  448
  447  478
  447 1904
  447 1684
  449 1749
  449 1686
  449  450
  450  481
  450 1685
  450 1686
  450 1895
  451 1991
  451 1903
  451  481
  451  482
  452 2028
  452  483
  452 1992
  453  516
  453  485
  453  484
  453  454
  453 1627
  454  517
  454  486
  454  485
  455  486
  456 1770
  456  457
  456  488
  456 1768
  457  488
  457  489
  458  490
  459  490
  460  492
  460  461
  460  491
  461  493
  461  492
  462  463
  463  494
  463  495
  464  496
  464  465
  465  497
  465  466
  465  496
  466 1628
  466  498
  466  497
  466  467
  467  498
  468  501
  468  500
  468  499
  469  534
  469  470
  469  501
  470  503
  470  504
  470  471
  471 1769
  471 1766
  471 1835
  471  504
  472 1766
  473  507
  473  474
  473  506
  474  507
  474  475
  474 2140
  475  508
  475 2140
  475 2130
  476 2067
  476 2046
  476  509
  476  508
  477 1836
  477  509
  478  510
  478 1771
  478  479
  481 1913
  481 1895
  481 1687
  481  513
  482  514
  482 1913
  482 1992
  483 1992
  483  515
  483 1627
  484  547
  484  516
  484 1627
  485  548
  485  517
  486 1857
  486  518
  486  517
  487 1768
  487 1824
  487  519
  487  518
  488  519
  488  552
  488  520
  488 1770
  489  521
  489  490
  489  520
  490  554
  490  521
  490  522
  491  492
  492  493
  492  523
  493  526
  493  525
  493  494
  493  524
  494  526
  494  495
  495  559
  495  528
  495  527
  495  496
  496  529
  496  497
  497  529
  498  562
  498  499
  498  531
  498 1628
  499  532
  499  531
  499  500
  500  533
  500  532
  501  534
  503  566
  503  535
  503  534
  504  535
  504  536
  504  505
  505  537
  505 1769
  506 1835
  506  537
  506  538
  506  507
  507 2131
  507  538
  508 2130
  508 2046
  508  539
  508 2067
  509  540
  509 1836
  509 2046
  510  542
  510 1688
  510  543
  510  511
  510 1771
  512 1689
  512 1686
  513  545
  514 2055
  514 1992
  514  546
  515  547
  515 2055
  515 1627
  516  548
  516  547
  517  579
  517  549
  517  548
  518  519
  518  550
  519 1770
  519  552
  519  550
  520  553
  520  552
  521  554
  522  583
  522  523
  522  555
  522  554
  524  557
  524  525
  524  556
  525  526
  526  557
  526  558
  527  559
  528  560
  528  529
  528  559
  529  561
  529  560
  529 1628
  531  532
  531  562
  532 1629
  532  533
  532  564
  533  565
  533  534
  533  564
  534  566
  534  565
  535  567
  535 1630
  535  536
  537 1835
  537  596
  537  568
  537  538
  537  567
  537 1769
  538  569
  538  568
  539 2056
  539  570
  540  571
  541 2080
  541 1836
  543 1688
  545  575
  545 1687
  545 1690
  545 1913
  546 1913
  546 1958
  546  577
  546 2055
  546 1631
  547  578
  547 2156
  547 2055
  548 2156
  548 2142
  548  579
  549  580
  549  550
  549  579
  551  581
  551  552
  551  580
  552  553
  553  582
  553  581
  553  554
  554  582
  555  556
  555  583
  556  557
  556  584
  557  558
  557  585
  557  587
  558  588
  558  559
  559  589
  559  560
  560  590
  560  561
  561  562
  561  590
  562  591
  562  590
  562 1629
  563  622
  563  592
  564  565
  564  592
  565  566
  565  592
  566  594
  566  593
  567 1630
  567  626
  567  596
  567  595
  568  597
  568  596
  569 2131
  569  597
  570  598
  570  599
  570 2132
  571  599
  571 2029
  571  600
  571 1957
  571 2056
  572 1957
  572 2080
  572 1688
  572 1905
  572  600
  574 1689
  575  604
  575  576
  575 1691
  576  604
  576  605
  576 1631
  576 1913
  577  606
  578  608
  578 1632
  579  609
  579  580
  579 1772
  580  581
  581  610
  581  582
  582  611
  583  612
  583  584
  584  614
  584  585
  584  613
  585  615
  585  614
  585  586
  586  616
  586  587
  587  617
  587  616
  587  588
  588  650
  588  618
  588  617
  588  589
  589  590
  590  620
  590  619
  590  621
  590  591
  591  622
  591  621
  591 1629
  592  624
  592  593
  592  622
  593  624
  593  594
  594  624
  594 1630
  595 1633
  595  626
  595  625
  596  628
  596  597
  596  626
  597 2132
  597  628
  598  629
  598 2132
  598 2068
  598 2174
  599 2056
  599 2068
  600  631
  600 2029
  600  630
  600 1957
  601 1692
  601 1688
  601  633
  601  602
  601  632
  603 1690
  603 1693
  604 1691
  604 1693
  604  605
  605 1925
  605  636
  605 1959
  606 1959
  606 1958
  606  637
  606  638
  606  607
  607  608
  607  638
  607 2060
  607 1632
  608 2091
  608 1632
  608 2142
  608  639
  609 2142
  609  640
  609 1772
  610 1772
  610  672
  610  641
  610  611
  610  640
  611  642
  611  612
  611  641
  612  643
  612  644
  612  642
  612  613
  613  645
  613  644
  613  614
  614  646
  614  615
  615  648
  615  647
  615  646
  615  616
  616  649
  616  648
  617  649
  618  681
  618  651
  618  619
  618  650
  619  620
  619  683
  620  683
  620  653
  620  621
  621  653
  621  622
  622  623
  622  655
  622  654
  623  624
  623  655
  624  625
  624  687
  625  688
  625 1633
  625  657
  625  658
  626  659
  627  628
  628  661
  628 2174
  628  660
  629  662
  629 1837
  630 1838
  630  631
  631  632
  631 1905
  632 1887
  632  664
  632  663
  632 1905
  634  667
  635  667
  636 1879
  637 2002
  637  668
  638 2002
  638  669
  639  670
  639 2092
  639  671
  639 2142
  640  672
  640  671
  640 1772
  641  673
  641  703
  641  642
  641  672
  642  704
  642  674
  643  644
  643  674
  644  674
  644  675
  645  646
  645  675
  646  678
  646  647
  646  677
  647  678
  648  679
  648  649
  648  678
  649  680
  649  679
  650  681
  650  680
  651  682
  651  683
  651  681
  652  653
  653  685
  653  684
  654  655
  655  685
  656  686
  657  688
  657  687
  659 1633
  659  690
  659  660
  659  689
  660  691
  660  661
  661 2175
  661 1773
  661 1837
  662  692
  662 1774
  662 2068
  663  693
  664  694
  664  695
  664 1692
  664  665
  664 1887
  665 1750
  666  667
  667 1694
  667 1693
  667  697
  667 1879
  668  698
  668  699
  668 1925
  669  700
  669  699
  669 2047
  669 2092
  670  700
  670 2157
  670  701
  671  702
  671  701
  671  672
  672  703
  673  704
  673 1775
  673 1839
  673  703
  674  705
  674  675
  675  737
  675  706
  675  705
  676  706
  677  707
  677  678
  677  706
  678  679
  678  707
  679 1872
  679  708
  680  710
  680  681
  680 1872
  681  712
  681  711
  681  710
  682 1635
  682  683
  683  713
  683 1635
  683  684
  684  685
  685  686
  685  713
  686  715
  686  687
  686  716
  686  714
  687  718
  687  717
  687  716
  687  688
  688  689
  688  719
  689  719
  689  690
  689 1633
  690  749
  690  720
  690  719
  690  691
  691 1773
  691  721
  691  720
  692 2030
  692 2072
  692 1837
  692  722
  692 1774
  693 1887
  693 1838
  693  724
  694  725
  697  728
  697  758
  697  729
  697 1879
  698 1931
  698  729
  698  699
  698 1879
  699  730
  699 2002
  699 2047
  699  729
  700  731
  700 2047
  700 2157
  700 1776
  701  732
  701  702
  701  733
  702  734
  702  733
  703 1775
  704  735
  704  705
  705  735
  705  737
  706  707
  706  738
  708  709
  708  738
  709  740
  709  739
  710 1872
  710  741
  711 1777
  711  742
  713  743
  713  744
  713  714
  713 1635
  714  715
  714  745
  714  744
  715  746
  715  745
  716  717
  717  718
  718  748
  718 1840
  718  719
  718  747
  719 1636
  719  749
  720  750
  720  721
  721  751
  721 1841
  721  750
  721 1773
  722 1837
  722  751
  723  724
  723  754
  723 1774
  724  755
  724 1969
  724 1888
  724  725
  724  754
  725 1880
  725  755
  725  726
  726  755
  727 1696
  727 1695
  727  728
  728 1694
  728 1695
  728  758
  729 1914
  729  759
  729 2019
  730 1982
  730 2019
  730  760
  731 2047
  731 1776
  731  761
  732 2157
  732  733
  732  762
  733  762
  733  734
  734  764
  734  763
  734 1775
  735 1839
  735 1775
  735  736
  735  764
  736  765
  736 1634
  736  766
  736  737
  737  767
  737  738
  737  766
  738  768
  738  767
  738  739
  739  740
  740  741
  740  770
  740  768
  740 1872
  741 1777
  741  770
  741 1872
  742 1842
  742  771
  742  743
  742 1635
  743 1635
  743  744
  743 1842
  744  773
  744  772
  745  775
  745  773
  745  746
  746  776
  746  747
  747  776
  748 1840
  748 1778
  749  779
  749  750
  749 1636
  751 1841
  751  781
  751  752
  751 1779
  751  780
  752  782
  752  781
  752  753
  752 2072
  753 2030
  753  783
  753  754
  753  782
  754  783
  755 1969
  755  816
  755  756
  757 1697
  758 1926
  758  787
  759  788
  760 2022
  760 2047
  761 2096
  762  791
  762 2127
  762  763
  763  792
  763  791
  763  764
  764  793
  764  792
  764 1634
  764 1775
  765  795
  765  766
  766  767
  766  797
  767  768
  767  798
  768 1782
  768  799
  768  769
  768  798
  769  832
  769  770
  769  799
  769  800
  770  800
  770  801
  770 1777
  771 1777
  771  803
  771  802
  772 1780
  772  773
  772  804
  772 1842
  773  804
  773  805
  774  806
  774  837
  774  775
  775  807
  775 1637
  775  776
  775  806
  776  807
  776 1840
  777  840
  777  810
  777 1636
  777 1781
  777  809
  777 1778
  778 1636
  778  811
  778  779
  778  810
  779 1841
  779  812
  779  811
  779 1779
  780  781
  780 1779
  781  814
  781  782
  781  813
  782  814
  782  783
  783 1906
  783  815
  783 1969
  784  816
  784 1906
  787  819
  787 1696
  787 1698
  788  820
  788 1914
  788  821
  788 2022
  788 1982
  789 2096
  789  821
  789  853
  789 2087
  790 2127
  790  822
  790 2093
  790 2087
  791 2181
  791  824
  791  792
  791  823
  792  793
  792  825
  793  794
  793  826
  793 1634
  794  828
  794  827
  794  826
  794  795
  794 1634
  795  829
  795  796
  795  828
  797  830
  797  798
  797  829
  798 1782
  799  831
  800  833
  800 1863
  800  832
  801  833
  802 1843
  802 1777
  803 1842
  803 1843
  804  805
  804  835
  804 1780
  805  868
  805  836
  805  837
  807 1637
  807  870
  807  839
  807  838
  808 1781
  809  840
  809  839
  809 1781
  810  842
  810  811
  810  840
  810 1636
  811  842
  812  813
  812  843
  812 1779
  812  842
  813 2057
  813 2110
  813  844
  814 2057
  814  846
  814  815
  815 1907
  815  846
  816  817
  816 1699
  816  847
  818 1698
  819  820
  819  851
  819  850
  820 1926
  820 1915
  820  851
  820  852
  820  821
  821  853
  821 2022
  821 2031
  821 1999
  822 2133
  822 2087
  822  854
  822  853
  822 2181
  823  854
  823 1784
  823  856
  823  824
  824  857
  825  857
  826  827
  826  857
  827 1785
  827  858
  828 1785
  828  860
  828  829
  829  860
  829  830
  830  861
  830  860
  830 1782
  831 1782
  831  832
  831  862
  833 1863
  833 1783
  833 1843
  834  865
  834 1842
  834  866
  834 1780
  834  835
  835  867
  835  866
  835 1780
  836  899
  836  898
  836  867
  837  869
  837 1637
  837  868
  838  900
  838  870
  838  869
  839  871
  839  840
  839  872
  839  870
  841  872
  841  842
  842  906
  842  874
  842  873
  843  874
  844 2073
  844  876
  844 2061
  845  876
  845 1998
  846 1967
  846 1998
  846 1907
  847  878
  847 1700
  847  879
  847  848
  847 1906
  848 1699
  849 1701
  849  850
  850 1701
  850 1698
  851 1915
  851 1701
  851  881
  852  882
  853 2077
  854 2185
  854 2181
  854  884
  854  855
  855 2185
  855  885
  855 1784
  856  886
  856  887
  856  857
  857  858
  858  887
  859  860
  859  890
  859  889
  859 1785
  860  892
  860  890
  860  861
  861  894
  861  862
  861  892
  861 1782
  862  895
  862  894
  862 1782
  863  864
  863 1863
  864  896
  864  895
  864 1783
  864 1863
  865 1843
  865 1783
  865  866
  866  898
  866  897
  867  898
  868 1844
  868  869
  868  899
  869 1844
  869 1786
  869 1637
  870  901
  870  900
  871  903
  871  872
  871  901
  872  905
  872  903
  872  904
  872  873
  873  906
  873  905
  874 2186
  874  875
  874  906
  875  907
  875 2110
  875 2186
  876 2073
  876 1967
  876 2005
  877  878
  877  909
  877 1907
  877 1964
  878 1907
  878 1700
  878  910
  879 1700
  881  915
  881 1877
  882 1971
  882  916
  882  883
  882 2024
  882  915
  882 1999
  883 2077
  883 2031
  884 2133
  884  917
  884 2078
  885  918
  885  919
  885 1784
  886 1784
  886  887
  886  919
  887  888
  888 1785
  888  923
  888  921
  889  954
  889  924
  889  890
  889 1785
  891  955
  891  924
  891  925
  891  892
  893  957
  893  894
  893  925
  894  927
  894  895
  895  928
  895  927
  895  896
  896  960
  896  930
  896  897
  896 1783
  896  928
  897  898
  897  931
  897 1783
  898  932
  898  899
  899  933
  899  932
  900  901
  900 1787
  900 1786
  902  936
  902  935
  904  937
  904  905
  905  938
  905  939
  905  937
  906 2187
  906  939
  907  941
  907 2073
  907  940
  908 2073
  908 1638
  908  942
  909 2005
  909 1927
  909  943
  909  942
  910  944
  911 1700
  911  944
  912 1703
  913  914
  913 1701
  914 1701
  914  975
  915 1917
  915  947
  915 1915
  916  948
  916  949
  916 2078
  916 2024
  917  918
  917 2143
  917 1870
  917 2185
  918 2185
  918  950
  918  919
  919 2158
  919 1845
  919  951
  919  950
  919 1784
  920  952
  920  921
  920 1845
  921 1789
  921  922
  921  952
  922 1789
  922  923
  922  953
  923  953
  923 1785
  924  984
  924  955
  924  954
  925  956
  925  957
  925  955
  926  927
  927  988
  927  959
  927  958
  928  959
  929  959
  929  960
  930  991
  930  960
  931 1790
  931  961
  931  932
  932  962
  932 1790
  933  962
  933  963
  933 1844
  934 1786
  934  964
  934 1787
  934  963
  934 1844
  935 1787
  935  996
  935  936
  935  965
  935  964
  936  966
  936  965
  936  937
  937  967
  937  966
  937  938
  938  968
  938  967
  939  968
  940  969
  940 2105
  940 2186
  941 1638
  941 2105
  942  970
  942 2005
  943 1916
  943  971
  944 1927
  944  972
  944 1702
  946  975
  947 1877
  947  975
  948 2024
  948 1993
  948  976
  948  977
  948  949
  949 2078
  949 1870
  949  977
  950 2143
  950 2144
  950 2158
  951  980
  952 1845
  952 1788
  953  982
  953  954
  953 1789
  954  984
  954  983
  955  985
  955  984
  956  986
  957  958
  958  987
  958  988
  958  986
  959  960
  959  989
  959  988
  960  990
  961 1790
  961  992
  961  991
  962  963
  962  994
  963  964
  963  995
  963 1844
  964 1026
  964  996
  964 1787
  965  996
  966  997
  966  967
  967  998
  967  968
  967  997
  968 1000
  968  999
  968  969
  968 2187
  969 2187
  969 2145
  969 1001
  969 1000
  970 1638
  970 2049
  970 1002
  970  971
  970 2105
  970 1001
  971 1003
  971 1951
  971 1002
  972 1916
  972 1004
  972 1705
  972 1703
  972  973
  972 1003
  973 1704
  974  975
  975 1036
  975 1006
  975 1917
  976 1971
  976 1006
  976 1007
  976 1993
  977 1008
  977 1993
  978 2048
  978 1008
  978 2083
  979 2144
  979 2113
  979 1010
  980 1040
  980 2158
  980 1845
  981  982
  981 1789
  981 1788
  982 1013
  982 1012
  982 1789
  983 1013
  983 1015
  983  984
  984  985
  985 1045
  985 1016
  985  986
  985 1017
  985 1015
  986 1018
  986  987
  987 1018
  988 1019
  988 1018
  988  989
  989 1020
  991 1050
  991 1021
  991  992
  991 1020
  992 1790
  992 1021
  993 1790
  993  994
  994 1639
  994 1025
  995 1025
  995 1026
  996 1027
  996  997
  997  998
  997 1027
  998 1058
  998 1029
  998 1028
  999 1000
 1000 2145
 1000 1029
 1001 1031
 1001 2145
 1001 2105
 1002 1032
 1002 1928
 1002 2049
 1003 1033
 1003 1916
 1004 1706
 1006 1917
 1006 1878
 1006 1037
 1007 1980
 1007 1037
 1008 1993
 1008 1009
 1008 1972
 1009 1974
 1010 2146
 1010 2083
 1010 1039
 1011 1845
 1011 1041
 1011 1012
 1011 1040
 1011 1788
 1012 1043
 1012 1013
 1012 1042
 1012 1041
 1012 1788
 1013 1043
 1014 1015
 1014 1043
 1015 1045
 1015 1044
 1015 1076
 1016 1046
 1016 1045
 1017 1046
 1017 1047
 1017 1018
 1018 1019
 1018 1047
 1019 1049
 1019 1020
 1019 1048
 1020 1050
 1020 1049
 1021 1641
 1021 1051
 1021 1050
 1022 1023
 1022 1790
 1023 1083
 1023 1052
 1023 1051
 1023 1639
 1023 1790
 1024 1054
 1024 1025
 1024 1052
 1025 1026
 1026 1055
 1026 1791
 1026 1027
 1027 1087
 1027 1056
 1027 1028
 1027 1055
 1028 1058
 1028 1056
 1028 1057
 1029 1030
 1029 1058
 1030 1846
 1030 1059
 1031 1061
 1031 2058
 1031 1062
 1032 1063
 1033 1064
 1033 1707
 1033 1705
 1033 1951
 1034 1707
 1035 1708
 1035 1036
 1036 1067
 1036 1708
 1037 1980
 1037 1067
 1037 1068
 1039 2079
 1039 2048
 1039 1974
 1039 1069
 1040 2159
 1040 1070
 1040 1041
 1040 1071
 1040 1072
 1042 1640
 1042 1073
 1042 1074
 1042 1043
 1043 1044
 1043 1075
 1043 1074
 1044 1075
 1044 1076
 1045 1077
 1046 1047
 1047 1109
 1047 1078
 1047 1079
 1048 1080
 1048 1049
 1049 1081
 1049 1050
 1050 1081
 1051 1083
 1051 1641
 1052 1084
 1052 1083
 1052 1639
 1053 1054
 1053 1084
 1054 1117
 1054 1791
 1055 1791
 1055 1086
 1056 1088
 1056 1119
 1056 1087
 1057 1088
 1058 1848
 1058 1089
 1058 1059
 1058 1088
 1059 1121
 1059 1090
 1059 1089
 1059 1792
 1059 1846
 1060 2098
 1060 1091
 1060 1792
 1060 2145
 1060 1846
 1061 2145
 1061 2098
 1062 1063
 1062 2049
 1062 2058
 1063 1952
 1063 1093
 1063 1092
 1063 1949
 1063 2049
 1064 1094
 1064 1928
 1064 1095
 1064 1949
 1065 1095
 1067 1878
 1067 1098
 1067 1068
 1068 1986
 1068 1975
 1068 1794
 1068 1099
 1068 1793
 1068 1098
 1069 1793
 1069 1974
 1070 1101
 1070 2113
 1070 1071
 1070 2114
 1070 2146
 1071 1072
 1071 1101
 1072 1103
 1072 1102
 1072 1073
 1073 1640
 1073 1135
 1073 1104
 1074 1105
 1074 1075
 1075 1076
 1075 1105
 1076 1106
 1076 1107
 1076 1077
 1077 1108
 1077 1107
 1077 1078
 1078 1140
 1078 1109
 1079 1110
 1079 1080
 1079 1109
 1080 1111
 1080 1081
 1080 1110
 1081 1082
 1081 1112
 1081 1641
 1082 1083
 1082 1113
 1082 1114
 1082 1641
 1083 1114
 1083 1116
 1083 1084
 1084 1116
 1085 1795
 1085 1117
 1086 1087
 1086 1118
 1086 1117
 1086 1791
 1087 1118
 1087 1119
 1088 1848
 1088 1119
 1089 1848
 1089 1797
 1090 1152
 1090 1123
 1090 1122
 1090 1792
 1090 1121
 1091 2094
 1091 1123
 1092 1124
 1093 1125
 1093 1949
 1093 1952
 1094 1126
 1095 1096
 1095 1710
 1095 1707
 1095 1126
 1096 1751
 1097 1708
 1098 1794
 1098 1129
 1098 1708
 1098 1711
 1099 1130
 1099 1793
 1099 1131
 1100 2147
 1100 1793
 1100 2114
 1100 1132
 1100 2079
 1101 1133
 1101 2147
 1101 1102
 1102 1103
 1102 1134
 1102 1133
 1102 1163
 1103 1134
 1104 1137
 1104 1135
 1105 1640
 1105 1106
 1106 1107
 1106 1137
 1107 1798
 1107 1139
 1107 1138
 1108 1140
 1109 1142
 1109 1110
 1109 1140
 1110 1142
 1111 1172
 1111 1143
 1111 1142
 1112 1642
 1112 1143
 1113 1114
 1114 1643
 1114 1144
 1115 1116
 1115 1146
 1116 1146
 1116 1795
 1117 1148
 1117 1118
 1118 1149
 1118 1180
 1118 1119
 1119 1149
 1120 1149
 1121 1797
 1121 1122
 1121 1151
 1122 1183
 1122 1151
 1123 2111
 1124 1154
 1124 1994
 1124 2098
 1124 2058
 1125 1994
 1125 1126
 1126 1156
 1126 1155
 1128 1711
 1129 1158
 1129 1190
 1130 1131
 1130 2038
 1130 1794
 1130 1160
 1131 2038
 1131 1132
 1131 1793
 1132 2115
 1132 1161
 1132 1793
 1133 2147
 1133 1163
 1133 1162
 1134 1163
 1134 1135
 1135 1165
 1135 1136
 1135 1164
 1136 1137
 1137 1166
 1137 1165
 1137 1138
 1137 1640
 1138 1166
 1139 1140
 1139 1849
 1139 1798
 1140 1849
 1140 1141
 1141 1203
 1141 1142
 1141 1170
 1141 1169
 1142 1170
 1142 1172
 1143 1173
 1143 1172
 1144 1642
 1144 1174
 1144 1173
 1144 1643
 1145 1174
 1145 1176
 1145 1146
 1145 1175
 1145 1643
 1146 1208
 1146 1177
 1146 1795
 1146 1176
 1147 1795
 1147 1178
 1147 1148
 1147 1177
 1148 1180
 1148 1179
 1148 1178
 1149 1181
 1149 1180
 1150 1847
 1150 1796
 1150 1181
 1151 1183
 1151 1796
 1151 1797
 1152 2188
 1152 1153
 1152 1183
 1153 2111
 1153 2188
 1153 1184
 1154 1185
 1154 2094
 1155 1186
 1155 1187
 1155 1929
 1155 1156
 1156 1713
 1156 1157
 1156 1187
 1156 1710
 1157 1712
 1157 1710
 1158 1711
 1158 1190
 1159 1794
 1159 1884
 1159 1190
 1160 1192
 1161 1193
 1162 1195
 1162 1163
 1163 1164
 1163 1195
 1164 1197
 1164 1645
 1164 1165
 1164 1196
 1165 1197
 1165 1198
 1165 1166
 1166 1199
 1166 1198
 1167 1231
 1167 1200
 1167 1798
 1167 1199
 1168 1799
 1168 1201
 1168 1849
 1168 1200
 1168 1798
 1170 1234
 1170 1204
 1170 1203
 1171 1205
 1171 1172
 1172 1205
 1173 1236
 1173 1174
 1173 1642
 1174 1643
 1174 1206
 1174 1207
 1176 1207
 1176 1208
 1177 1209
 1177 1208
 1177 1795
 1178 1210
 1178 1179
 1179 1211
 1179 1210
 1180 1212
 1180 1181
 1181 1212
 1181 1644
 1181 1796
 1182 1183
 1182 1796
 1183 1214
 1183 1213
 1184 1215
 1184 1185
 1184 2111
 1184 2188
 1185 2111
 1185 1186
 1185 1216
 1185 1994
 1186 2025
 1186 1994
 1186 1929
 1187 1219
 1187 1218
 1189 1190
 1190 1253
 1190 1222
 1191 1937
 1191 1222
 1191 1192
 1191 1936
 1191 1884
 1192 1937
 1192 1193
 1192 1223
 1193 2040
 1193 1224
 1193 2116
 1193 1223
 1193 2035
 1194 1225
 1194 1195
 1194 2116
 1195 1225
 1195 1257
 1195 1226
 1195 1196
 1196 1226
 1197 1645
 1197 1228
 1197 1229
 1197 1227
 1198 1230
 1198 1199
 1199 1231
 1200 1232
 1200 1231
 1200 1798
 1201 1799
 1202 1849
 1202 1233
 1202 1800
 1202 1203
 1203 1233
 1204 1266
 1204 1205
 1204 1235
 1204 1234
 1205 1236
 1205 1235
 1206 1237
 1206 1238
 1206 1207
 1206 1236
 1207 1240
 1207 1239
 1207 1208
 1207 1238
 1208 1802
 1208 1209
 1208 1826
 1209 1802
 1209 1210
 1209 1241
 1210 1241
 1210 1211
 1211 1242
 1211 1212
 1212 1244
 1212 1851
 1212 1243
 1213 1644
 1213 1245
 1213 1244
 1213 1214
 1214 1850
 1214 1245
 1214 2188
 1215 1246
 1216 2025
 1216 1247
 1217 1248
 1217 1929
 1218 1250
 1218 1219
 1218 1930
 1218 1929
 1219 1250
 1219 1220
 1219 1713
 1220 1752
 1221 1253
 1222 1884
 1222 1254
 1223 1255
 1223 2040
 1224 1256
 1224 1225
 1224 2116
 1225 1257
 1225 2148
 1225 2116
 1226 1645
 1226 1259
 1226 1257
 1227 1228
 1227 1259
 1228 1291
 1228 1260
 1228 1259
 1229 1261
 1229 1260
 1229 1230
 1230 1852
 1230 1806
 1230 1262
 1230 1231
 1230 1261
 1231 1232
 1231 1262
 1232 1825
 1232 1294
 1232 1264
 1232 1233
 1232 1800
 1233 1800
 1233 1264
 1233 1234
 1234 1266
 1234 1265
 1235 1236
 1235 1266
 1236 1268
 1236 1267
 1238 1270
 1238 1269
 1239 1240
 1240 1270
 1241 1853
 1241 1242
 1241 1802
 1242 1853
 1242 1243
 1242 1274
 1243 1274
 1243 1804
 1243 1851
 1244 1245
 1244 1276
 1244 1644
 1245 1850
 1245 1277
 1246 1247
 1246 2164
 1246 1801
 1247 2164
 1247 2026
 1247 2065
 1248 2026
 1248 1281
 1248 1280
 1248 1923
 1248 1279
 1249 1805
 1250 1251
 1250 1282
 1252 1253
 1252 1753
 1253 1714
 1253 1254
 1254 1938
 1254 1808
 1254 1255
 1254 1714
 1255 1937
 1255 1808
 1256 2112
 1256 1287
 1257 1289
 1257 1288
 1257 1258
 1258 1259
 1258 1289
 1259 1291
 1259 1289
 1259 1645
 1260 1292
 1260 1291
 1262 1293
 1262 1806
 1263 1294
 1263 2150
 1263 1293
 1264 1296
 1264 1265
 1264 1294
 1265 1266
 1266 1647
 1266 1297
 1266 1296
 1267 1298
 1267 1268
 1268 1648
 1268 1269
 1268 1299
 1268 1298
 1269 1300
 1269 1648
 1269 1270
 1270 1301
 1270 1271
 1270 1300
 1271 1826
 1271 1302
 1271 1803
 1271 1301
 1272 1803
 1272 1853
 1272 1302
 1272 1807
 1272 1827
 1273 1810
 1273 1274
 1273 1305
 1274 1804
 1274 1305
 1275 1851
 1275 1307
 1275 1338
 1275 1308
 1276 1277
 1277 1850
 1277 1309
 1277 1308
 1278 1310
 1278 2164
 1279 1311
 1279 2026
 1280 1312
 1281 1805
 1281 1312
 1282 1715
 1282 1283
 1282 1805
 1283 1715
 1285 1316
 1285 1317
 1286 2119
 1286 1318
 1286 1287
 1286 1808
 1287 2112
 1287 2119
 1287 2040
 1288 1319
 1288 1351
 1288 1289
 1288 1320
 1288 2148
 1289 1813
 1289 1290
 1289 1320
 1290 1813
 1290 1291
 1290 1322
 1290 1323
 1291 1323
 1291 1646
 1292 1854
 1292 1852
 1293 1325
 1293 2150
 1293 1806
 1294 1327
 1294 1295
 1295 1296
 1295 1327
 1296 1328
 1296 1329
 1296 1297
 1297 1330
 1297 1647
 1297 1329
 1298 1647
 1298 1331
 1298 1330
 1299 1331
 1300 1648
 1300 1364
 1300 1301
 1300 1333
 1301 2134
 1301 1302
 1301 1365
 1301 1333
 1302 1803
 1302 1335
 1302 1334
 1303 1807
 1304 1810
 1304 1336
 1304 1305
 1305 1336
 1305 1337
 1306 1804
 1307 1871
 1307 1851
 1307 1338
 1307 1337
 1307 1804
 1308 1339
 1308 1340
 1308 1309
 1308 1338
 1309 2160
 1309 1341
 1309 1342
 1309 1340
 1310 2161
 1310 2106
 1310 1343
 1310 1342
 1310 2065
 1311 2065
 1311 1811
 1312 1344
 1312 1811
 1312 1805
 1313 1805
 1313 1882
 1313 1345
 1315 1716
 1315 1316
 1316 1717
 1316 1714
 1316 1348
 1316 1347
 1316 1317
 1317 1918
 1317 1808
 1318 1808
 1318 1350
 1318 1349
 1319 2149
 1319 1812
 1319 1351
 1320 1352
 1320 1353
 1320 1351
 1321 1813
 1322 1323
 1322 1813
 1323 1646
 1323 1355
 1323 1354
 1324 1356
 1324 1325
 1324 1355
 1325 1326
 1325 1854
 1325 1356
 1325 1646
 1326 2169
 1326 2084
 1326 1358
 1327 1359
 1327 2150
 1327 1328
 1328 1360
 1328 1329
 1328 1359
 1329 2170
 1329 1360
 1330 1361
 1330 1362
 1330 1331
 1330 1647
 1331 1363
 1331 1362
 1331 1332
 1331 1648
 1332 1363
 1332 1364
 1333 1364
 1334 1366
 1334 1367
 1334 1335
 1334 1365
 1335 1860
 1335 1828
 1335 1368
 1335 1809
 1335 1367
 1336 1368
 1336 1810
 1336 1370
 1336 1337
 1336 1809
 1337 1370
 1338 1371
 1338 1871
 1339 1372
 1339 1371
 1340 1372
 1341 1373
 1341 2162
 1341 1342
 1341 1372
 1342 2107
 1342 1373
 1342 2161
 1343 1374
 1343 1375
 1343 1811
 1344 1983
 1344 1882
 1344 1811
 1344 1376
 1344 1375
 1345 1346
 1345 1715
 1346 1715
 1347 1717
 1348 1379
 1348 1718
 1349 1381
 1349 1649
 1349 1350
 1350 2112
 1350 1382
 1350 2119
 1351 1812
 1351 1382
 1351 1352
 1352 1383
 1352 1353
 1353 1383
 1353 1813
 1354 1384
 1354 1385
 1354 1813
 1354 1355
 1355 1417
 1355 2102
 1355 1386
 1356 2066
 1356 2102
 1356 2084
 1357 2050
 1357 2059
 1357 1358
 1357 2084
 1358 2135
 1358 1389
 1359 2169
 1359 1390
 1359 1391
 1359 1360
 1360 2117
 1360 1391
 1361 2099
 1361 2170
 1361 1393
 1361 1362
 1362 2171
 1363 1364
 1363 1395
 1363 2171
 1364 2182
 1364 2134
 1365 1366
 1365 2123
 1365 2134
 1366 1367
 1367 1398
 1367 1368
 1368 1809
 1368 1369
 1368 1399
 1369 1370
 1370 1431
 1370 1400
 1370 1371
 1370 1399
 1370 1871
 1371 1871
 1371 1402
 1371 1401
 1371 1400
 1371 1372
 1372 1402
 1373 2162
 1373 1404
 1373 2107
 1374 1405
 1374 2107
 1374 1375
 1375 2032
 1375 1811
 1376 1407
 1376 1406
 1376 1983
 1377 1882
 1378 1718
 1379 1718
 1379 1380
 1379 1410
 1380 1889
 1380 1381
 1380 1918
 1380 1410
 1381 2003
 1381 1918
 1382 2003
 1382 1649
 1382 1413
 1382 1412
 1382 2085
 1382 1812
 1383 2085
 1383 1414
 1383 1384
 1384 1415
 1384 1414
 1384 1385
 1385 2037
 1385 1386
 1386 1417
 1387 2066
 1387 1417
 1388 2070
 1388 1419
 1388 2050
 1389 1419
 1389 1421
 1389 1420
 1390 2135
 1390 1422
 1390 1391
 1391 2118
 1391 1422
 1392 1814
 1392 2099
 1392 2074
 1393 1814
 1393 2099
 1393 1394
 1393 2095
 1393 2171
 1394 1425
 1394 1395
 1395 2171
 1395 2182
 1395 1425
 1396 2123
 1396 2128
 1396 1426
 1397 2123
 1397 2088
 1397 2128
 1397 1398
 1398 1429
 1398 1399
 1398 1430
 1399 1431
 1400 1432
 1400 1431
 1400 1401
 1401 2152
 1401 1432
 1402 1816
 1402 2162
 1402 2152
 1403 1404
 1403 1816
 1404 1435
 1404 2100
 1404 1405
 1404 2107
 1405 2107
 1405 1437
 1405 1436
 1405 1435
 1406 1944
 1406 1869
 1406 1407
 1407 1408
 1407 1720
 1407 1438
 1407 1882
 1408 1720
 1409 1718
 1409 1719
 1410 1889
 1410 1441
 1410 1721
 1410 1718
 1411 1442
 1411 1889
 1412 1413
 1412 1443
 1412 2003
 1413 2036
 1414 2036
 1414 1445
 1414 1415
 1415 1445
 1416 1446
 1416 1445
 1416 2037
 1417 2037
 1417 2012
 1417 1448
 1417 1446
 1418 2069
 1418 2013
 1418 1953
 1418 1448
 1419 2059
 1419 1953
 1419 1450
 1419 1954
 1420 2020
 1420 1421
 1420 1450
 1421 1451
 1421 1422
 1421 2135
 1422 1451
 1422 1452
 1423 1453
 1423 1814
 1424 1855
 1424 1814
 1424 1818
 1424 1455
 1425 2095
 1425 1426
 1425 1455
 1425 2151
 1426 1427
 1426 1456
 1426 2122
 1427 1458
 1427 2042
 1427 1457
 1428 2042
 1428 2051
 1428 1429
 1428 1459
 1429 1430
 1429 1815
 1429 2051
 1430 1815
 1430 1431
 1430 1650
 1431 2136
 1431 1650
 1432 2136
 1432 2165
 1432 1651
 1433 2152
 1433 1816
 1433 2165
 1434 2104
 1434 2100
 1434 1816
 1435 2100
 1435 1436
 1436 1466
 1436 1465
 1437 1955
 1437 1983
 1437 1466
 1437 2032
 1438 1467
 1438 1468
 1441 1471
 1442 1474
 1442 1443
 1442 2003
 1442 1473
 1443 2006
 1443 1474
 1443 2003
 1444 1508
 1444 1476
 1444 1445
 1444 1477
 1444 1965
 1444 2006
 1445 1477
 1445 1976
 1446 1945
 1446 1976
 1446 1447
 1447 1448
 1447 1478
 1448 1939
 1448 1919
 1448 1479
 1448 2012
 1449 1954
 1449 1919
 1450 1482
 1450 2020
 1451 2020
 1451 1817
 1451 1452
 1452 1453
 1452 1817
 1452 2074
 1453 2074
 1453 1454
 1453 1483
 1453 1484
 1454 1855
 1455 1961
 1455 1456
 1455 1818
 1455 2095
 1456 1457
 1457 1961
 1457 1487
 1457 1960
 1458 1962
 1458 1960
 1459 1962
 1459 2051
 1459 1490
 1460 1492
 1460 1493
 1460 1815
 1461 1493
 1461 1462
 1461 1651
 1462 1977
 1462 1463
 1462 1495
 1463 1464
 1463 1495
 1463 1816
 1463 2165
 1464 1995
 1465 1984
 1465 1466
 1465 2104
 1465 1497
 1465 2100
 1466 1946
 1466 1498
 1467 1869
 1467 1821
 1467 1955
 1467 1499
 1468 1720
 1468 1469
 1468 1500
 1469 1500
 1469 1722
 1470 1723
 1470 1721
 1470 1471
 1471 1503
 1471 1721
 1471 1724
 1471 1472
 1472 1504
 1472 1473
 1472 1503
 1472 1889
 1473 1505
 1473 1474
 1473 1889
 1474 1965
 1474 1505
 1475 1507
 1475 1890
 1476 1508
 1476 1507
 1477 1945
 1477 1510
 1477 1508
 1478 1511
 1478 1939
 1478 1945
 1479 1511
 1479 1512
 1479 1939
 1480 1954
 1480 1514
 1481 1515
 1481 1514
 1482 1954
 1482 1817
 1482 1515
 1483 1517
 1483 1484
 1483 1817
 1484 1519
 1484 1518
 1485 1856
 1486 1961
 1486 1819
 1486 1920
 1486 1520
 1487 1522
 1487 1885
 1487 1488
 1487 1961
 1488 1489
 1488 1960
 1489 1885
 1490 2051
 1490 1525
 1490 1491
 1490 1524
 1491 1858
 1491 2051
 1492 1858
 1492 1820
 1492 1652
 1492 1493
 1493 2089
 1493 1652
 1493 1977
 1493 1650
 1494 1527
 1494 1528
 1494 1495
 1494 1977
 1495 1653
 1495 1528
 1496 1653
 1496 1530
 1497 1984
 1497 1995
 1497 2000
 1497 1530
 1497 2104
 1498 1531
 1498 1984
 1498 1946
 1498 1561
 1499 1946
 1499 1532
 1499 1821
 1499 1883
 1499 1955
 1500 1534
 1500 1501
 1500 1821
 1503 1734
 1503 1725
 1503 1504
 1503 1537
 1504 1538
 1504 1505
 1505 1539
 1505 1538
 1505 1890
 1506 1540
 1506 1539
 1507 1875
 1507 1540
 1507 1508
 1508 1509
 1509 1875
 1509 1510
 1510 1542
 1510 1541
 1510 1945
 1511 1891
 1511 1737
 1511 1512
 1511 1542
 1512 1544
 1512 1737
 1512 1919
 1513 1514
 1513 1544
 1513 1919
 1514 1545
 1515 1728
 1515 1546
 1515 1954
 1516 1897
 1516 1546
 1516 1547
 1516 1817
 1517 1817
 1517 1548
 1517 1518
 1517 1897
 1518 1519
 1519 1940
 1519 1548
 1520 1550
 1520 1521
 1520 1940
 1520 1819
 1521 1552
 1521 1522
 1522 1920
 1522 1552
 1522 1885
 1523 1553
 1523 1962
 1523 1552
 1524 1525
 1524 1962
 1524 1553
 1525 1822
 1525 1858
 1526 1820
 1526 1896
 1527 1652
 1527 1896
 1527 1881
 1528 1886
 1528 1881
 1528 1558
 1528 1653
 1529 1559
 1529 1530
 1529 1886
 1530 2000
 1530 1531
 1530 1995
 1531 1561
 1531 1559
 1532 1561
 1532 1562
 1533 1563
 1533 1562
 1533 1821
 1534 1821
 1534 1564
 1534 1535
 1534 1563
 1536 1734
 1537 1566
 1537 1568
 1537 1567
 1537 1725
 1538 1569
 1538 1725
 1538 1985
 1539 1735
 1539 1985
 1539 1726
 1539 1571
 1539 1890
 1540 1573
 1540 1726
 1540 1875
 1541 1736
 1541 1727
 1541 1575
 1541 1875
 1542 1577
 1542 1727
 1542 1543
 1542 1891
 1543 1578
 1544 1581
 1544 1580
 1544 1545
 1544 1737
 1545 1728
 1545 1581
 1546 1583
 1546 1584
 1546 1547
 1546 1728
 1547 1585
 1547 1584
 1548 1587
 1548 1729
 1548 1588
 1548 1549
 1549 1589
 1549 1588
 1550 1742
 1550 1940
 1550 1551
 1550 1590
 1551 1593
 1551 1591
 1551 1552
 1552 1730
 1552 1594
 1552 1593
 1553 1730
 1553 1554
 1553 1596
 1553 1962
 1554 1599
 1554 1598
 1554 1822
 1555 1599
 1555 1601
 1555 1896
 1556 1557
 1556 1602
 1556 1744
 1556 1881
 1557 1603
 1557 1604
 1557 1558
 1558 1731
 1558 1605
 1559 1731
 1559 1560
 1559 1607
 1560 1609
 1560 1561
 1560 1608
 1561 1883
 1561 1732
 1561 1610
 1562 1612
 1562 1746
 1562 1563
 1563 1613
 1563 1733
 1563 1612
 1563 1821
 1564 1733
 1566 1734
 1569 1725
 1569 1735
 1571 1726
 1573 1726
 1573 1736
 1575 1727
 1577 1727
 1578 1737
 1581 1738
 1583 1739
 1585 1740
 1587 1741
 1589 1742
 1594 1743
 1596 1730
 1599 1822
 1601 1896
 1603 1744
 1605 1731
 1607 1731
 1610 1745
 1612 1746
 1615 1733
 1620 1754
 1621 2129
 1621 2108
 1625 1767
 1636 1823
 1649 2041
 1650 2089
 1651 2166
 1651 2089
 1651 2136
 1652 1896
 1653 1886
 1655 1656
 1655 1873
 1657 1666
 1658 1668
 1659 1910
 1659 1660
 1660 1910
 1664 1747
 1667 1668
 1671 1672
 1672 1673
 1673 1674
 1674 1675
 1675 1677
 1676 1678
 1677 1935
 1678 1679
 1679 1748
 1680 1681
 1681 1683
 1682 1684
 1683 1685
 1685 1749
 1686 1687
 1687 1689
 1688 1905
 1689 1690
 1690 1691
 1691 1693
 1692 1750
 1694 1695
 1696 1697
 1697 1698
 1700 1702
 1701 1877
 1702 1703
 1703 1704
 1705 1706
 1706 1707
 1708 1709
 1709 1711
 1710 1751
 1712 1713
 1713 1752
 1714 1753
 1714 1716
 1715 1805
 1718 1719
 1719 1721
 1720 1722
 1723 1724
 1724 1734
 1728 1738
 1728 1739
 1729 1897
 1729 1741
 1729 1740
 1730 1743
 1731 1886
 1732 1745
 1732 1746
 1740 1897
 1742 1940
 1754 1947
 1755 1898
 1756 1830
 1757 1996
 1757 1831
 1759 1832
 1766 1835
 1767 1824
 1767 1768
 1768 1770
 1771 1836
 1771 1904
 1773 1837
 1774 1838
 1774 2034
 1776 2093
 1778 1781
 1778 1823
 1779 1841
 1781 1840
 1792 1846
 1794 1936
 1796 1797
 1797 1847
 1799 1825
 1800 1849
 1801 1850
 1801 2160
 1801 2164
 1802 1827
 1803 1826
 1805 1923
 1806 1852
 1806 1854
 1807 1829
 1807 1859
 1808 1918
 1809 1829
 1809 1810
 1810 1853
 1812 2112
 1815 2051
 1816 2162
 1818 1819
 1818 1856
 1818 1855
 1819 1856
 1820 1822
 1820 1858
 1824 1857
 1825 1849
 1826 1827
 1828 1859
 1828 1829
 1829 1853
 1831 1996
 1836 1904
 1838 2034
 1847 1848
 1850 2160
 1850 2188
 1852 1854
 1855 1856
 1856 1940
 1858 2007
 1858 2051
 1859 1860
 1861 1862
 1864 2014
 1865 1908
 1865 1866
 1868 1894
 1870 2144
 1870 2083
 1870 2078
 1879 1931
 1880 1888
 1887 1888
 1890 1965
 1893 1899
 1893 1956
 1894 1941
 1895 1903
 1898 1901
 1900 1902
 1902 2027
 1906 1907
 1911 1922
 1912 1935
 1914 1926
 1916 1927
 1917 1971
 1918 1921
 1919 2013
 1922 2027
 1923 1930
 1925 1959
 1925 1931
 1928 1949
 1928 1951
 1929 1930
 1934 2001
 1937 1938
 1941 1942
 1941 1989
 1942 1943
 1944 1983
 1944 1955
 1946 1955
 1948 1950
 1952 1994
 1957 2080
 1958 1959
 1960 1963
 1962 1963
 1964 1967
 1972 1980
 1972 1979
 1972 1993
 1973 1981
 1973 1974
 1974 1986
 1974 1975
 1979 1981
 1979 1997
 1979 1980
 1980 1987
 1980 1993
 1981 1986
 1982 2021
 1984 2000
 1986 1997
 1987 1997
 1990 1991
 1991 1992
 1991 2028
 1998 2057
 2001 2103
 2003 2041
 2006 2036
 2009 2015
 2011 2016
 2012 2069
 2017 2018
 2019 2021
 2022 2096
 2023 2033
 2025 2026
 2029 2034
 2034 2068
 2035 2038
 2036 2085
 2042 2088
 2042 2128
 2043 2044
 2046 2054
 2050 2066
 2050 2069
 2052 2053
 2054 2056
 2055 2060
 2057 2061
 2063 2075
 2066 2102
 2066 2069
 2067 2140
 2069 2070
 2073 2110
 2074 2118
 2077 2078
 2077 2133
 2079 2146
 2081 2108
 2086 2121
 2087 2096
 2091 2092
 2093 2157
 2094 2111
 2094 2098
 2099 2176
 2106 2107
 2109 2140
 2112 2149
 2113 2146
 2113 2159
 2114 2147
 2115 2116
 2115 2147
 2117 2118
 2117 2170
 2117 2176
 2118 2177
 2120 2121
 2121 2180
 2122 2123
 2122 2134
 2122 2151
 2124 2126
 2125 2172
 2127 2181
 2130 2131
 2131 2132
 2132 2174
 2135 2169
 2137 2154
 2138 2179
 2138 2155
 2138 2189
 2143 2144
 2148 2149
 2150 2169
 2151 2182
 2158 2159
 2160 2164
 2160 2161
 2165 2166
 2174 2175
 2176 2177
 2186 2187
