    2   53
    4 1641
    4   54
    5   55
    6   55
    8   56
    8 1634
    9   57
    9   56
   10   57
   11   58
   12 1642
   13   59
   14 1726
   14   59
   16 1644
   16   60
   18 1644
   18   61
   19   62
   20 1635
   22 1835
   22   63
   22 1636
   23   64
   23 1835
   25 1637
   25   65
   25   64
   27   66
   27 1645
   28   66
   30 1646
   30 1647
   32 1648
   32 1647
   32   67
   34 1648
   34   68
   35   69
   36   69
   38   70
   39 1649
   39   71
   40   72
   41 1638
   41   72
   43   73
   43 1639
   44   73
   45   74
   45 1640
   46   75
   47   76
   47   75
   48 1831
   48   76
   49 1830
   49   77
   50   77
   51   77
   52   53
   53  110
   53   80
   53   79
   53   54
   54   80
   54 1641
   55 1867
   55 1843
   55   81
   55 1641
   55   82
   55 1634
   56   57
   56   84
   56 1843
   57   58
   58 1642
   58   84
   58   85
   59 1642
   59  115
   59   87
   59 1643
   59   86
   60   88
   60 1862
   60   87
   60 1643
   60 1644
   61   89
   61   90
   61   62
   61 1644
   62 1842
   62 1635
   62   90
   63 1842
   64 1835
   64   65
   64   92
   65 1645
   65  122
   65   93
   66 1645
   66 1646
   66 1598
   67   96
   67   97
   67 1647
   68   69
   68   97
   68 1648
   69 1901
   69   70
   69   98
   70   71
   70 1901
   71  101
   71  100
   71 1649
   72  101
   72 1649
   72  102
   73  103
   73 1845
   73 1640
   74  104
   74   75
   74  105
   74 1845
   75   76
   76 1902
   76  105
   77 1830
   77   78
   77  107
   79  110
   80 1870
   80   81
   80  110
   82 1734
   82  112
   82   83
   82 1867
   83 1843
   83   84
   84   85
   84  112
   85  114
   85 1861
   85 1642
   87 1925
   87 1833
   87 1862
   87  115
   88   89
   89  118
   89   90
   89  117
   90  119
   90 2055
   90  118
   91  120
   91 1834
   91 1842
   92 1834
   92 1835
   93  123
   93 1598
   93  122
   94 1903
   94   95
   94 1646
   95 1935
   95   96
   95  124
   95 1647
   96 1878
   96   97
   96  125
   97  125
   97   98
   98   99
   98  126
   99 1901
   99  127
   99  128
  100  101
  101  130
  101  102
  101  129
  102  131
  102 1879
  103  131
  103 1879
  103 1845
  103 2116
  103  132
  104  133
  104  105
  106  134
  106 1869
  106  107
  106 1830
  106 1902
  107 1869
  107  108
  107  135
  107 1830
  109  110
  109 1650
  110  138
  110 1651
  110  111
  111 1870
  111  168
  111  139
  111  138
  112 1937
  112  113
  112 1734
  112  141
  113 1861
  114 1861
  114  115
  114  144
  114 1599
  116  145
  116 1862
  116 1801
  116 1925
  117 1868
  117 1735
  117  118
  117 1801
  118  146
  119 2055
  119 1842
  120  121
  120  148
  120 1834
  121 1834
  121  148
  121  149
  122 1877
  122  151
  122  150
  122  149
  122 1893
  123 1967
  123  151
  123 1893
  123 1903
  124 1935
  124 1903
  124  153
  124  152
  125  126
  125 1935
  125 1956
  125  154
  126 2027
  126  127
  127  156
  127 2027
  127  128
  128 2117
  128  157
  128 1989
  128  156
  129 1901
  129  130
  130 1916
  130  158
  131 2116
  131 1916
  131 1733
  132 1947
  132  133
  133 1902
  134 1902
  134 1871
  134  163
  134 1601
  135  164
  138  167
  138 1652
  138  168
  139 1919
  139  169
  139  140
  139  168
  140 1870
  141 1976
  141 1734
  142 1937
  142  172
  142 1599
  142 1976
  143  144
  143 1599
  144 1980
  144 1974
  144 1600
  144  173
  145  174
  145 1801
  145  175
  146 2055
  146  176
  146  147
  146  175
  146 1735
  147 1981
  147  177
  147  176
  147 2055
  148  178
  148 1939
  148 1603
  148  179
  148 2073
  148  149
  148 1975
  149  150
  150  179
  150  180
  152 1967
  152  153
  153 2118
  153  183
  153  182
  153  154
  154 1802
  154 1935
  155 1956
  155  184
  155 1802
  156 2102
  156 2117
  156  185
  157  187
  157  158
  157 1901
  158  159
  159 2004
  159 1733
  159  188
  160 2040
  160 2116
  160 2028
  160  189
  160 1602
  160 1733
  161 2116
  161 1737
  161 1947
  161  191
  162 1737
  162 1947
  162  192
  162  193
  162 1601
  162 1902
  163 1871
  163 1601
  163  193
  164  195
  164 1869
  164  165
  166 1651
  167 1836
  167  198
  168 1919
  168 1917
  168 1836
  169 2008
  169  199
  169  200
  169  170
  169 1919
  169 1734
  170 1976
  170 1734
  170  201
  170  200
  171 1976
  171 1742
  171  202
  171  172
  171  201
  172 1600
  172 2036
  172  202
  172 1599
  173 2036
  173 1738
  173  203
  173 1600
  174 1803
  174 1925
  174  204
  174  205
  174  175
  174 1980
  175  207
  175  176
  175  205
  175 1735
  176  208
  176  207
  177 1975
  178 1975
  178 1603
  178  208
  179  210
  179  180
  180  210
  180 1967
  181 1967
  181 2062
  181  213
  181  212
  182 2068
  182 2062
  183 1802
  183 2171
  183  215
  183 2118
  184  185
  184  217
  184  216
  185  217
  185 2027
  186 2102
  186  218
  186  248
  186  219
  186 1999
  186 2117
  187  188
  187 1989
  188 2066
  188 2004
  188  220
  188 1999
  188 2041
  189 2004
  190  223
  190 2040
  190  222
  190  191
  190 2028
  191 1739
  191 1737
  191 1740
  191  223
  192  224
  192 1740
  192 1737
  192  256
  193 1993
  193  256
  193  225
  193 1601
  194 1880
  194  226
  194 1871
  195 1871
  195  226
  195  196
  197 1653
  197 1652
  198  229
  198 1652
  198 1654
  199 1919
  199  230
  200 2104
  200  231
  200  232
  200  201
  200 2008
  202  233
  202 1741
  202 1742
  203 2154
  203  235
  203  234
  203 2036
  204 1738
  204  235
  205  236
  205  206
  206 2336
  206  207
  206  237
  206  236
  207 2089
  207  237
  209 1603
  209  239
  209  240
  209 2073
  210  241
  210 2046
  211  212
  212 1604
  212  242
  212  213
  212 1967
  213 2153
  213  243
  213  242
  214 2152
  214 2118
  214 2062
  214 2103
  215 2177
  215  244
  215  245
  215 2118
  216 2171
  217 2184
  217  246
  217 2102
  218 2102
  218  248
  218  247
  219  249
  219 2041
  220  251
  220 2066
  220  252
  220  221
  221 2090
  221 2040
  221  252
  221 2004
  222 2146
  222  253
  222  223
  222 2135
  223 2146
  223 1739
  224 1740
  224  254
  224  255
  224 1739
  225 1880
  225  257
  225  256
  226 1880
  226  227
  226  258
  227  258
  229 1836
  229 2308
  229 1656
  229  262
  229  261
  230 2009
  230  263
  230 2047
  230 2308
  231  264
  231 2047
  232  265
  232  266
  232 1742
  232 2104
  233 1742
  233  267
  233 2154
  233  266
  234  267
  234 2238
  234 2220
  234 2154
  235 2147
  236 2147
  236 2336
  236  270
  236  269
  237  271
  237  272
  237 2336
  238 1603
  238 2089
  239  274
  239 2141
  239  240
  240 2309
  240  274
  240  275
  240  241
  240 2073
  241 2046
  241 2130
  241 1604
  242  277
  242  243
  242 2130
  243 2142
  243  277
  243  278
  243 2152
  244  279
  244 2118
  244  245
  244 2103
  245 2279
  245  280
  245 2232
  245  279
  246 2136
  246  281
  247 2193
  247  248
  247  282
  247 2184
  248  249
  248 2193
  249 2193
  249  250
  249  283
  250 2066
  251 2066
  251  285
  251  252
  251  284
  252  285
  252 2135
  253 2231
  253  287
  253 2135
  253 2146
  254  288
  254 1739
  254  289
  254  255
  254 2146
  255  256
  255 2017
  256  257
  257 1880
  257  290
  258  292
  258 1657
  258  259
  259 1655
  260 1654
  261 1904
  261  262
  262  263
  262 1904
  263 1904
  263 2308
  263  298
  263 2047
  264  298
  264 2047
  264  299
  264 2104
  265  299
  265  300
  265  328
  265  266
  266  301
  266  300
  266  267
  267 2238
  268 2254
  268  302
  268  269
  268 2220
  268 2147
  270 2254
  270 1804
  270  303
  270 2336
  271  304
  272 2131
  272 2089
  273 2091
  273 2131
  273 2094
  274  306
  274 2141
  274 2309
  275 2130
  275  308
  275  276
  275 2309
  277  310
  277 2130
  277  278
  277 2255
  278  279
  279  311
  280  281
  280 2232
  280 2177
  281 2184
  282 2193
  282  314
  282 2184
  283  316
  283  284
  285  346
  285  316
  285  286
  286  318
  286  317
  286  287
  287 2135
  287 2231
  287  318
  288  320
  289  320
  290 1970
  291  322
  291 1880
  292 1880
  292  322
  294  295
  295 1659
  295  324
  295 1656
  296 1656
  296 1881
  296 1659
  296  325
  297  298
  297 1982
  297  326
  297 1904
  298 2047
  298 1977
  298  327
  298 2051
  299 2104
  299  328
  299 2085
  300 2178
  300  329
  300  301
  301 2238
  301  361
  301  330
  301  329
  302 2239
  302 2254
  303  333
  303 1804
  303  332
  303  331
  304 2338
  304 2228
  304 2285
  305  335
  305 2228
  305 2251
  305 2179
  305 2221
  306 2179
  307  337
  307  369
  307  308
  307  338
  307 2309
  308  338
  308  309
  309 2255
  310 2255
  310  311
  310  340
  310  339
  311 2279
  312 2268
  312  373
  312  342
  312 2232
  312  341
  312 2279
  313 2269
  313  342
  313 2232
  314 2240
  314  343
  314 2224
  314  315
  314 2184
  315 2185
  315 2193
  316 2185
  317 2246
  317  347
  317  318
  317  346
  318 2231
  318  348
  318 2246
  319  349
  319 2126
  319  348
  319 2231
  320  350
  320 2017
  320  351
  320 2126
  321  351
  321  352
  321 1957
  321 1970
  321 2018
  322 1970
  322 1863
  322  353
  322  352
  322 1657
  323 1657
  325 1660
  325  356
  327 2010
  328 2086
  329  360
  329  361
  330 2238
  330 2310
  330 2316
  330  361
  331 2310
  331 2316
  331  332
  331 2254
  332 2312
  332  364
  333 2273
  333 1804
  333 2312
  334  365
  334 2221
  334 2251
  334  366
  335  367
  335 2251
  335 2344
  335  336
  335 2179
  336  337
  336 1605
  337 2309
  337  369
  337  368
  338  370
  338 2303
  338  369
  339 1805
  339 2303
  339 1743
  339  340
  339 2255
  340 2304
  341  372
  341 2305
  341  373
  342  374
  343 2224
  343  375
  343 2240
  343  374
  344 2240
  344 2205
  344 2185
  344  376
  344  375
  345 2185
  345  346
  345 2205
  346 2394
  346  377
  347 2246
  347 2247
  347  378
  348  379
  348 2246
  348  349
  349 2126
  349 2169
  350 2126
  350  351
  350 2169
  350  381
  351 2018
  351  382
  351 2029
  352 1910
  352 1970
  353 1658
  353 1661
  353  354
  353 1863
  353  383
  354 1727
  354 1661
  355 1660
  356 1662
  356  386
  356  387
  356 1881
  357 2010
  357 1958
  357  388
  357 1977
  357  387
  357 1881
  358 2143
  358  388
  358  389
  358 2086
  358 2010
  359  390
  359 2143
  359 2086
  359 2180
  360 2198
  360 2178
  360 1606
  360  391
  360  361
  361  392
  361 2310
  361 1606
  362 2310
  362  393
  362 2345
  362  363
  362  392
  363 2402
  363  364
  363  393
  364 2402
  364  394
  364 2312
  365 2273
  365  366
  366 2380
  366 2251
  366  395
  366  396
  366 2344
  367  368
  368  397
  369 2318
  369  399
  369  370
  370 1805
  370  399
  371 2304
  371 2386
  371  372
  371 1743
  372 2304
  372 2305
  372  402
  372  401
  373  403
  373 2313
  374 2313
  374  375
  375  405
  375  376
  375  404
  376  406
  376  377
  377 2205
  378  408
  378 2248
  378 2247
  378 2437
  378 2394
  379  409
  380 2106
  380 2074
  380  381
  381 2029
  381 2169
  382  412
  382 1957
  382 1911
  382 2029
  382 1983
  383  413
  385 1660
  385 1662
  386  387
  386 1662
  387 1958
  387 1872
  387  417
  387 1881
  388 2010
  388 1994
  388  389
  389 2143
  389  418
  390 2180
  390 2198
  390 2181
  390 2143
  390  420
  391 2317
  391 1606
  391 2198
  392 2345
  392  422
  392 2310
  393  423
  393 2402
  393 2345
  394 2312
  394  395
  395  426
  395 2380
  395 1607
  396  427
  396  397
  397  398
  398 2358
  398  399
  398 2318
  398  428
  399  400
  399  428
  400 2395
  400 2386
  400 1805
  401  431
  401  430
  401  402
  401 2386
  402  432
  402  403
  403  433
  403 2329
  404  433
  404 2329
  404  435
  404  405
  405  436
  405  406
  406  437
  406  407
  407 2387
  407 2394
  408  438
  408 2437
  408 1744
  409  439
  409  410
  409 2248
  410 2163
  410 2158
  410 2106
  410  439
  411  441
  411 2029
  412  443
  413  443
  413 1912
  413 1873
  413 1837
  413 1661
  413  444
  414 1661
  416  447
  416 1662
  417  448
  419  450
  419 2143
  420  450
  421  452
  421 2198
  421 1745
  421 2206
  422 1746
  423 2346
  423  455
  423  424
  423 2402
  423  454
  424 1607
  424 2402
  425 2433
  425  456
  425 1607
  425 2431
  425  426
  426  457
  426 2403
  427  458
  427 2380
  427 2358
  428 2388
  428 2395
  428  459
  429  461
  429 2417
  429  460
  429 2395
  430  461
  430 2417
  430 2386
  430  462
  430 2445
  431  462
  431 2445
  431 2438
  431  463
  432 2438
  432  464
  432  433
  432  463
  433  434
  434  465
  434  435
  435  466
  435  436
  435  465
  436  467
  436  437
  437 2396
  437 2387
  438 2437
  438 2314
  438 2393
  438 1744
  438  468
  439 2323
  439  469
  439 1744
  440 2106
  440 2105
  441 2032
  441 2074
  441 1984
  441 2105
  442  473
  442 2032
  442  443
  442  474
  442 1984
  443 1912
  443 1873
  443  474
  444  445
  444  475
  444 1873
  444 1663
  446 1728
  446 1665
  446  447
  447  478
  447 1664
  447 1665
  447 1864
  448 1959
  448 1872
  448  478
  448 1882
  449 1994
  449  479
  449 2170
  449 1960
  450 2164
  450 2170
  451 2206
  451  481
  451  513
  451  482
  451  452
  451 2164
  452 1797
  453 2347
  453 1748
  453 2397
  453 1746
  454  484
  454  455
  454  485
  455  486
  455  485
  455 2425
  456  486
  456  487
  456 2433
  456 2425
  457 2433
  457 2426
  457  488
  458 2403
  458 2388
  458  459
  459  460
  459  489
  459 2395
  460  490
  460  491
  460  461
  461  492
  461  462
  462  493
  462  463
  462  492
  463 1609
  463  494
  463  493
  463  464
  464  495
  464  494
  464 2421
  465 2421
  465 2434
  465 2456
  466 2459
  466  497
  466 2434
  466  498
  466  467
  467 2396
  467  499
  467  500
  468  501
  468 1747
  468 2314
  468 2398
  469 2194
  469  502
  469  470
  470 2163
  470  503
  470  471
  470 2194
  471 2095
  471  503
  471  472
  471 2105
  472  504
  472 2105
  472 2032
  473 2032
  473 2011
  473  505
  473  504
  474 1807
  474  505
  475  506
  475 1749
  475  476
  478 1882
  478 1864
  478 1666
  478  509
  479 1960
  479  511
  479 1608
  480  512
  480 2374
  480 1608
  480 2225
  481  513
  481 2261
  481 2225
  481 2164
  481  512
  482 1828
  482  483
  482  514
  482  513
  483 1746
  483 1797
  483  515
  483  514
  483 1748
  484 1748
  484  516
  484 2397
  484 2350
  485  517
  485  486
  485  516
  486 2452
  486  517
  486  518
  486  487
  487  519
  487  518
  487  488
  488 2458
  488  520
  488  519
  488 2433
  489 2426
  489  522
  489 2458
  489  490
  489  521
  490  523
  490  522
  490  491
  491  555
  491  524
  491  523
  491  492
  492  525
  492  493
  493  525
  494  558
  494  495
  494  527
  494 1609
  495  528
  495  527
  495 2456
  496  528
  496 2456
  496  529
  496  497
  496 2434
  497 2459
  497  529
  498 2404
  498  499
  498  530
  498 2459
  499  500
  499 2404
  500  501
  500  531
  500 2359
  500 2398
  501 2398
  501  532
  501 2359
  501 1747
  502 2207
  502 1806
  502  533
  502 2194
  503 2204
  503 2194
  504 2095
  504 2011
  504  535
  504 2032
  505  536
  505 1807
  505 2011
  506  538
  506 1667
  506  539
  506  507
  506 1749
  508 1668
  508 1665
  509  541
  510 2020
  510 1960
  510  542
  511 2374
  511  543
  511 2020
  511 1608
  512 2374
  512 2261
  512 2379
  512 2225
  513 2261
  513  575
  513  514
  513  545
  514  515
  514  546
  515 1748
  515 2350
  515  547
  516  549
  516  517
  516 2351
  517 2452
  517  550
  518  551
  518 2453
  518  519
  519  551
  519  520
  520  553
  520  521
  520  552
  521  522
  521 2458
  522  553
  522  554
  523  555
  524  556
  524  525
  524  555
  525  557
  525  556
  525 1609
  527  528
  527  558
  528 2456
  528 1610
  528  529
  528  560
  529  561
  529  560
  530 2404
  530 2410
  530 2459
  531 2404
  531  563
  531  532
  531  562
  531 2359
  532  563
  533 1806
  533  592
  533  563
  534 2204
  534  565
  535 2021
  536  567
  537 2045
  537 1807
  539 1667
  541  571
  541 1666
  541 1669
  541 1882
  542 1882
  542  573
  542 2020
  542 1612
  542  572
  543  574
  543 2119
  543 2020
  544 2107
  544  575
  544 2119
  545 2191
  545  576
  545  546
  546 2270
  546  547
  547  548
  548 2350
  548 2330
  548  577
  549 2351
  549  578
  549  550
  550  579
  551  552
  551  580
  552  553
  552  580
  553  554
  553  581
  553  583
  554  584
  554  555
  555  585
  555  556
  556  586
  556  557
  557  558
  557  586
  558  587
  558  586
  558 1610
  559  618
  559  588
  560  561
  560  588
  561 2459
  561  589
  561  588
  562 2389
  562  590
  563  592
  563 1611
  563 2286
  564 2226
  564 2207
  564  565
  564  593
  564  592
  565 2159
  565  593
  565 2097
  566 2159
  566  594
  566  595
  566 2021
  566 2097
  567  595
  567 1995
  567  596
  567 1926
  567 2021
  568 1926
  568 2045
  568 1667
  568 1874
  568  596
  570 1668
  571  600
  571  572
  571 1670
  572  600
  572  601
  572 1612
  572 1882
  573  602
  573  603
  574 1613
  575  605
  576 2280
  577  607
  577 2288
  578  608
  578 2330
  578 2366
  579 2452
  579 2418
  579  608
  580  609
  580  610
  580  581
  580 2453
  581  611
  581  610
  581  582
  582  612
  582  583
  583  613
  583  612
  583  584
  584  646
  584  614
  584  613
  584  585
  585  586
  586  616
  586  615
  586  617
  586  587
  587  618
  587  617
  587 1610
  588 2460
  588  619
  588  618
  589 2460
  589 2390
  589  620
  589 2410
  590  621
  590 2306
  590 1611
  591 2286
  591 2306
  592  623
  592 2286
  592 2226
  592 2207
  593 2159
  593 2137
  593 2226
  594  625
  594 2159
  594 2137
  594  595
  595 2021
  595 2033
  596 1874
  596  627
  596 1995
  596 1926
  597 1671
  597 1667
  597  629
  597  598
  597  628
  599 1669
  599 1672
  600 1670
  600 1672
  600  601
  601 1894
  601  632
  601 1928
  602 1894
  602 1928
  602  633
  602  634
  602  603
  603  604
  603  634
  603 1613
  604 2056
  604 1613
  604 2107
  604  635
  604  634
  605  636
  605 2156
  605 1750
  605  635
  606 2270
  606  636
  606 2280
  606  667
  606 2288
  607 2331
  607  637
  607 2366
  608  638
  608  639
  609 2454
  609  641
  609  640
  609 2418
  609  610
  610  642
  610  611
  611  644
  611  643
  611  642
  611  612
  612  645
  612  644
  613  645
  614  676
  614  647
  614  615
  614  646
  615  616
  615  678
  616  678
  616  649
  616  617
  617  649
  617  618
  618  619
  618  651
  618  650
  619 2460
  619  651
  619  652
  620  652
  620  682
  620  653
  621  653
  621 2390
  621 2385
  622  655
  623 2286
  623  655
  624  656
  624 2137
  625  656
  625 2137
  625  657
  626 1809
  626  627
  627  628
  627 1874
  628 1856
  628  659
  628  658
  628 1874
  630  662
  631  662
  632 1848
  633  663
  634 1968
  635  665
  635 2057
  635 2107
  636 2280
  636 2199
  636 2156
  636  667
  636 1750
  637 2288
  637  698
  637 2360
  637  667
  638 2366
  638 2360
  639  669
  639 2416
  639 2418
  640  670
  640  641
  640  669
  641  642
  641  670
  642  673
  642  643
  642  672
  643  673
  644  674
  644  645
  644  673
  645  675
  645  674
  646  676
  646  675
  647  677
  647  678
  647  676
  648  649
  649  680
  649  679
  650  651
  651 2439
  651  681
  651  680
  652 2461
  652 2439
  653 2390
  653 2385
  653 2367
  653  682
  654 2298
  654 2306
  655  685
  655 1614
  655 2195
  655 2298
  656  686
  656 2195
  656 1751
  656 1808
  657  687
  657 1808
  657 1752
  657 2000
  658  688
  659  689
  659  690
  659 1671
  659  660
  659 1856
  660 1729
  661  662
  662 1673
  662 1672
  662  692
  662 1848
  663  693
  663 1968
  663  694
  663 1894
  664  695
  664  694
  664 2012
  664 2057
  664 1968
  665  695
  665 2120
  665 2156
  666  696
  666 2156
  667  697
  668 1753
  668 2360
  668 1810
  668  698
  668 2414
  669 2419
  669 2414
  669  699
  669  700
  669  670
  669 2418
  670  732
  670  701
  670  700
  671  701
  672  702
  672  673
  672  701
  673  674
  673  702
  674 1841
  674  703
  675  705
  675  676
  675 1841
  676  707
  676  706
  676  705
  677 1616
  677  678
  678  708
  678 1616
  678  679
  679  680
  680  681
  680  708
  681  710
  681  711
  681  709
  682 2399
  683 2385
  683 2405
  684 2299
  684 2298
  684 2405
  685  715
  685 2298
  685 2195
  685 2299
  686 2172
  686 2195
  686 1751
  686 2222
  687 1996
  687 2037
  687 1808
  687  717
  687 1752
  688 1856
  688 1809
  688  719
  689  720
  692  723
  692  753
  692  724
  692 1848
  693 1900
  693  724
  693  694
  693 1848
  694  725
  694 1968
  694 2012
  694  724
  695  726
  695 2012
  695 2120
  695 1754
  696 2242
  696  727
  696 2199
  696  728
  696 2120
  697  729
  697 2243
  697  698
  697 2242
  698 1753
  698  729
  699 2414
  699  730
  699 1810
  699 2419
  700  731
  700  732
  701  702
  701  733
  703  704
  703  733
  704  735
  704  734
  705 1841
  705  736
  706 1755
  706  737
  708  738
  708  739
  708  709
  708 1616
  709  710
  709  740
  709  739
  710  741
  710  740
  711  741
  711  712
  711 2439
  712 2440
  712  742
  712  741
  713  743
  713 2405
  713 2399
  713 2368
  714 2405
  714 1617
  714  744
  714 2299
  714  743
  715  745
  715 2222
  716  746
  716 1751
  717 1808
  717  746
  718  719
  718 1752
  719  750
  719 1938
  719 1857
  719  720
  719  749
  720 1849
  720  750
  720  721
  721  750
  722 1675
  722 1674
  722  723
  723 1673
  723 1674
  723  753
  724 1883
  724  754
  724 1985
  725 1950
  725 1985
  725  755
  726 2012
  726 1754
  726  755
  727 2165
  727 2120
  727  757
  728  758
  728 2165
  729 2356
  729 2243
  729 1753
  730 1615
  730 1810
  731 2419
  731  761
  731  732
  731 2406
  732  762
  732  733
  733  763
  733  762
  733  734
  734  735
  735  736
  735  765
  735  763
  735 1841
  736 1755
  736  765
  736 1841
  737 1813
  737  766
  737  738
  737 1616
  738 1616
  738  739
  738 1813
  739  768
  739  767
  740  770
  740  768
  740  741
  741  771
  741  742
  742 2399
  742 1811
  742  771
  743 1811
  743 1617
  743 1756
  744  773
  744 2297
  744 2262
  744 1617
  744 2299
  745  774
  745 2172
  745 1812
  745 2262
  746 1812
  746  775
  746  747
  746 1757
  747  775
  747  748
  747 2037
  748 1996
  748  807
  748  776
  748  749
  748  775
  749 1938
  749  776
  750 1938
  750  809
  750  751
  752 1676
  753 1895
  753  780
  755 1988
  755 2012
  756 2061
  757  784
  757 2092
  758 2243
  758  785
  758 2187
  759 2356
  759 2315
  759  786
  760 1615
  760 2407
  760  787
  761 2407
  761  762
  761  789
  761  790
  762  763
  762  791
  763 1760
  763  792
  763  764
  763  791
  764  825
  764  765
  764  792
  764  793
  765  793
  765  794
  765 1755
  766 1755
  766  796
  766  795
  767 1758
  767  768
  767  797
  767 1813
  768  797
  768  798
  769  799
  769  830
  769  770
  770  800
  770 1618
  770  771
  770  799
  771 1759
  771  800
  771 1811
  772 2297
  772  833
  772 1617
  772  802
  773 2262
  773 2422
  773  803
  773 2297
  773  804
  774 2262
  774 1757
  774 2422
  774 1812
  775  807
  775 1757
  775  806
  776 1875
  776  808
  776  807
  776 1938
  777  809
  777 1875
  780  812
  780 1675
  780 1677
  780 1895
  781  813
  781 1883
  781  814
  781 1988
  781 1950
  781 1895
  782 2061
  782  814
  782  846
  782 2052
  783 2092
  783  815
  783 2144
  783 2058
  783 2052
  784 2165
  784 2144
  784 2187
  785  817
  785 2219
  785 2187
  785 2256
  785  818
  786 2289
  786  819
  786 2256
  787 2289
  787 2375
  787 2407
  787 2315
  788  789
  788 2376
  788 2407
  789  822
  790 2446
  790  823
  790  791
  790  822
  791 1760
  791  823
  792  824
  793  826
  793 1832
  793  825
  794  826
  795 1814
  795 1755
  796 1813
  796 1814
  797  798
  797  828
  797 1758
  798  861
  798  829
  798  830
  800  801
  800 1618
  800 2457
  801 2427
  801 1759
  802 2427
  802  833
  802  832
  802 1759
  803  834
  803  833
  804  805
  804 2208
  805  806
  805  836
  805  835
  805 1757
  805 2422
  806 2022
  806 2075
  806  837
  807 2022
  807  839
  807  808
  808 1876
  808  839
  809  810
  809 1678
  809  840
  811 1677
  812  813
  812  844
  812  843
  813 1895
  813 1884
  813  844
  813  845
  813  814
  814  846
  814 1988
  814 1997
  814 1965
  815 2098
  815 2052
  815  847
  815  846
  815 2144
  816 2188
  816  847
  816 2217
  816 2144
  817 2210
  818  850
  818 2256
  819 2289
  819  850
  820 2289
  820 2327
  821 1763
  821 2375
  822  853
  822 2446
  823  854
  823 2447
  823 1760
  824 1760
  824  825
  824  855
  826 1832
  826 1761
  826 1814
  827  858
  827 1813
  827  859
  827 1758
  827  828
  828  860
  828  859
  828 1758
  829  892
  829  891
  829  860
  830  862
  830 1618
  830  861
  831 2457
  831 2462
  831  862
  832  863
  832  864
  833 2307
  833  865
  833 2324
  834  866
  834 2307
  834 2208
  835  899
  835  867
  837  869
  837 2026
  838 2022
  838  869
  838 1964
  839 1936
  839 1964
  839 1876
  840  871
  840 1679
  840  872
  840  841
  840 1875
  841 1678
  842 1680
  842  843
  843  844
  843 1680
  843 1677
  844 1884
  844 1680
  845  875
  846 2098
  846 2042
  847 2148
  847 2144
  847  848
  847 2098
  848 2217
  848 2148
  848  878
  848 1762
  849  850
  849 2217
  849 2210
  850 2300
  850  851
  851 2327
  851 2290
  851  880
  852 2377
  852 2420
  852 2411
  852  882
  852 1763
  853 2376
  853 2411
  854  885
  854  887
  854  886
  854  855
  854 1760
  855  888
  855  887
  855 1760
  856  857
  856 1832
  857  889
  857  888
  857 1761
  857 1832
  858 1814
  858 1761
  858  859
  859  891
  859  890
  860  891
  861 1815
  861  862
  861  892
  862 2462
  862 1815
  862  893
  862 1764
  862 1618
  863  894
  863 2457
  864 2463
  864  895
  865 2275
  866 2209
  866  899
  866  898
  867 2149
  867  868
  867  899
  867 2075
  868 2075
  868 2038
  868 2149
  869 2038
  869 1936
  869 1971
  870  871
  870  902
  870 1876
  870 1933
  871 1876
  871 1679
  871  903
  872 1679
  874  908
  874 1846
  875 1940
  875  909
  875  876
  875 1990
  875  908
  875 1965
  876 2042
  876 1997
  877 2098
  877  910
  877 2043
  878 1762
  878 2253
  878  911
  878 2148
  879 2253
  879 1762
  879  880
  879  913
  879 2300
  879  912
  880 2392
  880 2381
  880  881
  880 2391
  880  913
  880 2300
  881 2423
  881 2420
  881 2381
  881  915
  882 2411
  882 2435
  882  915
  883  916
  883 2435
  883  884
  883 2411
  884 2448
  884 2411
  884  947
  884  916
  884  917
  884  885
  885 2447
  885  886
  886  949
  886  887
  886  917
  887  919
  887  888
  888  920
  888  919
  888  889
  889  952
  889  922
  889  890
  889 1761
  889  920
  890  891
  890  923
  890 1761
  891  924
  891  892
  892  925
  892  924
  893 1765
  893 1764
  894 2464
  894 2462
  894  927
  894  895
  895  928
  895 2464
  895  896
  896  929
  896  897
  896  928
  896 2325
  897 2325
  897 2276
  897  929
  897 2275
  898  930
  898  931
  898 2275
  898 2307
  899 2150
  899  931
  900  933
  900 2038
  900  932
  901 2038
  901 1619
  901  934
  902 1971
  902 1896
  902  935
  902  934
  903  936
  904 1679
  904  936
  905 1682
  905 1679
  906  907
  906 1680
  907 1680
  907  967
  908 1886
  908  939
  908 1884
  909  940
  909  941
  909 2043
  909 1990
  910 2043
  910  911
  910 2108
  910 2148
  911 2148
  911 2249
  911 2108
  912  943
  912 1816
  912  913
  912 2249
  913 2392
  913  944
  914  945
  914  915
  914 2381
  915  945
  916  975
  916  947
  916  946
  917  948
  917  949
  917  947
  918  919
  919  979
  919  951
  919  950
  920  951
  921  951
  921  952
  922  982
  922  952
  923 1767
  923  953
  923  924
  924  954
  924 1767
  925  954
  925  955
  925 1815
  926 1764
  926  956
  926 1765
  926  955
  926 1815
  927 1765
  927  987
  927  957
  927  956
  928  958
  929  959
  930 2276
  930  960
  931 2186
  931  960
  932 2070
  932 2149
  934  962
  934 1619
  934 1971
  935 1885
  935  963
  936 1896
  936  964
  936 1681
  938  967
  939 1846
  939  967
  940 1990
  940  999
  940  968
  940 1961
  940  941
  941 2043
  941  999
  941 1839
  942 2108
  942 2121
  942 2160
  942 2249
  943 2160
  943  971
  944  972
  944 2332
  945 2381
  945  974
  945  946
  945 2340
  946 2428
  946  975
  946  974
  946 2435
  947  976
  947  975
  948  977
  949  950
  950  978
  950  979
  950  977
  951  952
  951  980
  951  979
  952  981
  953 1767
  953  983
  953  982
  954  955
  954  985
  955  986
  955  956
  955 1815
  956 1017
  956  987
  956 1765
  957 2455
  957  988
  957  958
  957  987
  957 2464
  958 2369
  958  988
  959 2361
  959 2276
  959 2295
  959  989
  959 2369
  960  990
  960 2212
  960  991
  960 2295
  961  992
  961 2161
  961 2150
  961 2070
  961 2186
  961  991
  962 1619
  962 2014
  962  993
  962  963
  962 2070
  962  992
  963  994
  963 1920
  963  993
  964 1885
  964  995
  964 1684
  964 1682
  964  965
  964  994
  965 1683
  966  967
  967 1027
  967  997
  967 1886
  968 1961
  968 1940
  968  997
  968  998
  969 2013
  969 2048
  969  999
  970 2108
  970 2078
  970 1001
  970 1839
  970 2122
  971 2250
  971 1002
  971 2211
  971 1816
  971 2122
  972 2250
  972 2332
  972 2282
  972 1766
  973 2340
  973 1004
  973 2283
  974 2444
  974 2428
  974 1005
  974 1004
  975 1006
  975  976
  976 1036
  976 1007
  976  977
  976 1008
  976 1006
  977 1009
  977  978
  978 1009
  979 1010
  979 1009
  979  980
  980 1011
  982 1041
  982 1012
  982  983
  982 1011
  983 1767
  983 1012
  984 1767
  984  985
  985 1620
  985 1016
  986 1016
  986 1017
  988 1018
  988 2400
  988 2369
  989 1019
  989 2319
  989  990
  989 2295
  990 2295
  990 1020
  991 2161
  991 2212
  991 2186
  992 2161
  992 1022
  992 2109
  992 2070
  993 1897
  993 1920
  993 2014
  994 1920
  994 1024
  994 1885
  995 1685
  997 1886
  997 1847
  997 1028
  998 1949
  998 1028
  999 1961
  999 1000
  999 1941
 1000 1943
 1001 2048
 1002 2233
 1002 2211
 1002 1032
 1002 2223
 1002 2250
 1003 2277
 1003 2250
 1003 1033
 1004 1005
 1004 2357
 1004 2283
 1005 2353
 1006 2428
 1006 1035
 1006 1036
 1006 1067
 1007 1037
 1007 1036
 1008 1037
 1008 1038
 1008 1009
 1009 1010
 1009 1038
 1010 1040
 1010 1011
 1010 1039
 1011 1041
 1011 1040
 1012 1622
 1012 1042
 1012 1041
 1013 1014
 1013 1767
 1014 1074
 1014 1043
 1014 1042
 1014 1620
 1014 1767
 1015 1045
 1015 1016
 1015 1043
 1016 1017
 1017 1046
 1017 1768
 1017 1018
 1017 2455
 1018 2455
 1018 2441
 1018 2400
 1018 1046
 1019 1048
 1019 2361
 1020 1050
 1021 2161
 1022 2023
 1022 1053
 1023 1054
 1024 1686
 1024 1684
 1024 1920
 1025 1686
 1026 1687
 1026 1027
 1027 1058
 1027 1687
 1028 1949
 1028 1058
 1028 1059
 1030 2013
 1030 2203
 1030 2044
 1030 1943
 1030 1060
 1031 2230
 1031 2234
 1032 1063
 1033 2278
 1033 2233
 1033 1064
 1034 2283
 1034 1065
 1035 2415
 1035 1066
 1035 1067
 1035 2353
 1036 2429
 1036 1068
 1036 1037
 1037 1038
 1037 1068
 1038 1100
 1038 1069
 1038 1070
 1039 1071
 1039 1040
 1040 1072
 1040 1041
 1041 1072
 1042 1074
 1042 1622
 1043 1075
 1043 1074
 1043 1620
 1044 1045
 1044 1075
 1045 1108
 1045 1768
 1046 1768
 1046 1078
 1046 1077
 1047 2442
 1047 2400
 1048 2400
 1048 1049
 1048 2370
 1049 1080
 1049 2291
 1049 2319
 1050 1080
 1050 1769
 1050 2200
 1050 2291
 1050 1817
 1051 2063
 1051 1082
 1051 1769
 1051 1052
 1051 1817
 1052 2109
 1052 2023
 1052 2063
 1053 1083
 1053 1054
 1053 2023
 1054 1921
 1054 1084
 1054 1083
 1054 1918
 1054 2014
 1055 1085
 1055 1897
 1055 1086
 1055 1686
 1055 1918
 1056 1086
 1058 1847
 1058 1089
 1058 1059
 1059 1954
 1059 1944
 1059 1771
 1059 1770
 1059 1089
 1060 1770
 1060 1943
 1061 2044
 1061 1092
 1061 2079
 1061 2234
 1062 2234
 1062 2230
 1062 2174
 1063 1093
 1063 1094
 1063 2174
 1063 1064
 1064 2278
 1065 2382
 1065 1096
 1065 2353
 1065 2278
 1065 1621
 1066 2378
 1066 2353
 1066 1067
 1066 1096
 1067 1098
 1067 2429
 1068 1069
 1069 2429
 1069 1131
 1069 1100
 1070 1101
 1070 1071
 1070 1100
 1071 1102
 1071 1072
 1071 1101
 1072 1073
 1072 1103
 1072 1622
 1073 1074
 1073 1104
 1073 1105
 1073 1622
 1074 1105
 1074 1107
 1074 1075
 1075 1107
 1076 1772
 1076 1107
 1076 1108
 1077 1078
 1077 1109
 1077 1108
 1077 1768
 1078 2449
 1078 2442
 1078 1109
 1078 1110
 1079 1110
 1079 2370
 1079 1819
 1079 1111
 1079 2442
 1080 2370
 1080 2291
 1080 1112
 1080 1774
 1081 1143
 1081 1114
 1081 1769
 1082 2059
 1082 1114
 1083 1115
 1084 1116
 1084 1918
 1084 1921
 1085 1918
 1085 1117
 1086 1087
 1086 1689
 1086 1686
 1086 1117
 1087 1730
 1088 1687
 1089 1771
 1089 1120
 1089 1687
 1089 1690
 1090 1121
 1090 1770
 1090 1122
 1090 1771
 1091 2110
 1091 1770
 1091 2079
 1091 1123
 1091 2044
 1092 1124
 1092 2110
 1092 2079
 1092 1093
 1093 2174
 1093 1094
 1093 1124
 1093 2263
 1094 1125
 1094 1126
 1094 2271
 1095 1621
 1095 2271
 1096 2320
 1096 1128
 1096 1097
 1096 2353
 1097 2348
 1097 1128
 1098 2378
 1098 1099
 1098 2348
 1099 2408
 1099 1131
 1099 2429
 1100 1133
 1100 1101
 1100 1131
 1101 1133
 1102 1103
 1102 1133
 1103 1623
 1103 1134
 1103 1104
 1104 1135
 1104 1105
 1104 1623
 1105 1624
 1105 1135
 1106 1107
 1106 1136
 1107 1772
 1108 1138
 1108 1139
 1108 1109
 1108 1772
 1109 1139
 1110 2442
 1110 1111
 1110 2449
 1111 1819
 1111 1818
 1111 1140
 1112 1774
 1112 1113
 1112 1142
 1113 1143
 1113 2200
 1113 2326
 1113 1142
 1114 2076
 1114 1143
 1115 1962
 1115 2063
 1115 2023
 1116 1962
 1116 1117
 1117 1146
 1117 1145
 1119 1690
 1120 1148
 1120 1179
 1121 2001
 1121 1771
 1121 1122
 1121 1905
 1122 1123
 1122 1770
 1123 2080
 1123 2110
 1123 1151
 1123 1770
 1124 2110
 1124 1153
 1124 1152
 1124 2263
 1125 1154
 1125 2263
 1125 2264
 1125 1126
 1126 2349
 1126 1154
 1126 2271
 1127 2320
 1127 2362
 1127 2349
 1128 2362
 1128 1155
 1128 2320
 1129 1775
 1129 1155
 1129 2348
 1130 2348
 1130 1820
 1130 1157
 1131 1158
 1131 1132
 1132 1159
 1132 1133
 1132 1158
 1133 1159
 1133 2465
 1134 1623
 1134 2467
 1134 2465
 1135 1163
 1135 1623
 1135 1624
 1136 1163
 1136 1137
 1136 1164
 1136 1624
 1137 2450
 1137 1166
 1137 2383
 1137 1772
 1138 1167
 1138 1772
 1138 1139
 1138 2450
 1139 2449
 1139 1168
 1139 1167
 1140 1141
 1140 2373
 1140 1169
 1141 2373
 1141 1818
 1141 1773
 1142 2252
 1142 2326
 1142 1171
 1142 1773
 1143 1172
 1143 2326
 1143 2076
 1143 1173
 1144 1174
 1144 2059
 1144 1962
 1144 2076
 1145 1175
 1145 1176
 1145 1898
 1145 1146
 1146 1692
 1146 1147
 1146 1689
 1146 1176
 1147 1691
 1147 1689
 1148 1690
 1148 1179
 1149 1771
 1149 1179
 1151 1182
 1152 1184
 1153 2213
 1153 1184
 1154 1185
 1154 1186
 1154 1626
 1154 2349
 1155 1188
 1156 2266
 1156 2281
 1157 2281
 1157 1798
 1157 1820
 1157 1190
 1158 2408
 1158 1191
 1158 1192
 1158 2436
 1159 2436
 1159 1160
 1160 2363
 1160 1194
 1160 1161
 1161 2467
 1161 2465
 1161 1162
 1162 1195
 1162 2401
 1163 2466
 1163 1164
 1163 1624
 1163 1195
 1164 2412
 1164 1165
 1165 1196
 1165 1197
 1165 2383
 1166 2383
 1166 1198
 1166 1167
 1167 2451
 1167 1199
 1167 1168
 1168 1200
 1168 1199
 1168 2443
 1169 2409
 1169 1200
 1169 2449
 1170 1625
 1170 1201
 1170 1773
 1171 1202
 1172 1203
 1173 1204
 1173 2076
 1173 1174
 1173 2151
 1174 2076
 1174 1175
 1174 1205
 1174 1962
 1175 1991
 1175 1962
 1175 1898
 1176 1898
 1176 1208
 1176 1207
 1178 1179
 1179 1241
 1179 1211
 1179 1853
 1180 1181
 1180 1906
 1180 1211
 1180 1905
 1180 1853
 1181 1906
 1181 1905
 1181 1182
 1181 2005
 1182 1212
 1182 2005
 1182 2081
 1182 2001
 1183 1213
 1183 1184
 1183 2214
 1183 2081
 1185 2264
 1185 1214
 1185 1626
 1185 2213
 1186 1626
 1186 1187
 1186 1216
 1186 1215
 1186 2349
 1187 1218
 1187 1188
 1187 2362
 1187 2349
 1188 2362
 1188 2266
 1188 1218
 1189 2265
 1189 1190
 1189 2272
 1189 2281
 1190 1798
 1190 2281
 1191 1820
 1191 1221
 1191 1192
 1191 1776
 1192 2371
 1192 2436
 1192 1221
 1192 2363
 1193 1223
 1193 1194
 1193 2363
 1194 2401
 1194 1223
 1195 1225
 1195 2384
 1195 2412
 1195 2466
 1196 1226
 1196 1227
 1196 2384
 1197 1777
 1197 1198
 1197 1799
 1197 2333
 1198 2354
 1198 1777
 1198 1199
 1199 1230
 1199 1200
 1200 1231
 1200 2409
 1201 1232
 1201 1822
 1201 2409
 1201 2372
 1202 2252
 1202 1625
 1202 1203
 1203 2334
 1203 1821
 1203 2293
 1203 1233
 1204 1234
 1205 1991
 1206 1898
 1207 1238
 1207 1208
 1207 1899
 1207 1898
 1208 1238
 1208 1209
 1208 1692
 1209 1731
 1210 1241
 1211 1853
 1211 1242
 1212 1244
 1212 1213
 1212 2081
 1213 1245
 1213 2111
 1213 2081
 1213 2214
 1214 2213
 1214 1246
 1214 1626
 1214 2302
 1214 2214
 1215 2321
 1215 1216
 1215 1626
 1216 2215
 1216 2321
 1217 2215
 1217 1248
 1217 1218
 1218 1823
 1218 1781
 1218 1250
 1218 2266
 1219 1250
 1219 1220
 1220 2272
 1220 1282
 1220 1252
 1221 1253
 1221 2292
 1221 2371
 1222 1253
 1222 2363
 1222 2296
 1223 2335
 1223 1255
 1223 2341
 1224 1256
 1224 2401
 1224 1225
 1224 2341
 1225 2401
 1225 1226
 1225 1257
 1225 2384
 1226 1227
 1226 2430
 1226 1257
 1227 1258
 1227 2432
 1227 2333
 1228 1259
 1228 2333
 1228 2342
 1229 2365
 1229 2354
 1229 1777
 1230 2354
 1230 1231
 1230 1262
 1230 1261
 1231 2409
 1231 1262
 1231 1779
 1231 1822
 1232 1263
 1232 2293
 1232 1625
 1233 1264
 1233 1265
 1233 2293
 1234 1235
 1234 1821
 1234 2127
 1235 2127
 1235 1267
 1235 1992
 1235 2030
 1236 1992
 1236 1269
 1236 1268
 1236 1892
 1236 1899
 1236 1267
 1237 1780
 1238 1780
 1238 1239
 1238 1270
 1240 1241
 1240 1732
 1241 1693
 1241 1242
 1242 1907
 1242 1782
 1242 1243
 1242 1693
 1243 1782
 1243 1906
 1244 2077
 1244 1275
 1245 2214
 1245 1277
 1245 1276
 1246 2302
 1246 1247
 1246 1277
 1247 1278
 1247 1277
 1248 1279
 1248 1249
 1248 2215
 1249 1823
 1250 2266
 1250 1281
 1251 1282
 1251 1281
 1252 2257
 1252 1284
 1252 1253
 1252 1283
 1253 2371
 1253 2292
 1253 1254
 1254 1628
 1254 1284
 1254 1255
 1255 2296
 1255 2335
 1255 1628
 1256 2335
 1256 1629
 1256 1257
 1256 1287
 1257 2274
 1257 1629
 1258 2294
 1258 2342
 1259 2245
 1259 1290
 1259 1799
 1259 1778
 1260 1800
 1260 1290
 1261 2364
 1261 1824
 1261 1292
 1261 1262
 1261 1293
 1261 2355
 1262 1294
 1262 1779
 1262 2364
 1263 1296
 1263 1822
 1263 2284
 1263 2293
 1263 2352
 1264 2293
 1264 1296
 1265 1297
 1265 2235
 1265 1821
 1266 1298
 1267 1299
 1267 1992
 1268 1300
 1269 1780
 1269 1300
 1270 1694
 1270 1271
 1270 1780
 1271 1694
 1273 1304
 1273 1305
 1274 2084
 1274 1306
 1274 1275
 1274 1782
 1275 2077
 1275 2084
 1275 2005
 1276 1307
 1276 1339
 1276 1277
 1276 1308
 1276 2111
 1277 2196
 1277 1309
 1277 1308
 1278 2196
 1278 1310
 1278 1279
 1278 1311
 1278 2321
 1278 2215
 1279 1311
 1279 1280
 1280 1825
 1281 1313
 1281 2166
 1281 1781
 1282 2166
 1282 1315
 1283 1316
 1283 1284
 1283 1315
 1284 2182
 1284 1285
 1285 2202
 1285 1317
 1286 1628
 1286 1319
 1286 2202
 1287 1629
 1287 1319
 1288 1320
 1288 2189
 1288 2294
 1289 1322
 1289 1321
 1290 2245
 1290 1778
 1290 2201
 1291 2201
 1291 1800
 1292 1784
 1292 1293
 1292 1324
 1293 1325
 1293 1294
 1294 2364
 1294 2352
 1294 1325
 1295 2284
 1295 1840
 1295 1325
 1296 2284
 1296 1328
 1296 2235
 1296 1327
 1297 2123
 1297 1329
 1297 1330
 1298 2124
 1298 2071
 1298 1331
 1298 1330
 1298 2030
 1299 2030
 1299 1785
 1300 1332
 1300 1785
 1300 1780
 1301 1851
 1301 1780
 1301 1333
 1303 1695
 1303 1304
 1304 1696
 1304 1693
 1304 1336
 1304 1335
 1304 1305
 1305 1887
 1305 1782
 1306 1782
 1306 1338
 1306 1337
 1307 1786
 1307 1339
 1307 2077
 1308 1309
 1308 1340
 1308 1339
 1309 2175
 1309 1341
 1310 2167
 1310 1311
 1310 1342
 1311 1627
 1311 1343
 1311 1342
 1312 1344
 1312 1313
 1312 1343
 1313 1314
 1313 1825
 1313 1344
 1313 1781
 1313 1627
 1314 2049
 1314 1346
 1315 1347
 1315 2132
 1315 1316
 1316 2182
 1316 1347
 1317 1348
 1317 2133
 1317 2182
 1318 1349
 1318 1319
 1319 1351
 1319 1350
 1319 1320
 1320 2274
 1320 2190
 1320 1351
 1320 1629
 1321 2294
 1321 2189
 1321 2162
 1321 2244
 1322 2201
 1322 1354
 1322 2197
 1322 1353
 1322 2245
 1323 2259
 1323 2267
 1323 2197
 1324 2322
 1324 2328
 1324 2267
 1324 1356
 1324 1783
 1324 1784
 1325 1840
 1325 1358
 1326 2218
 1326 2284
 1326 1327
 1326 2258
 1327 1328
 1327 1360
 1327 2284
 1328 1360
 1328 1329
 1328 2235
 1329 1361
 1329 1330
 1329 1360
 1330 2072
 1330 1361
 1330 2071
 1331 1390
 1331 1362
 1331 1785
 1332 1951
 1332 1785
 1332 1851
 1332 1362
 1333 1334
 1333 1694
 1334 1694
 1335 1696
 1336 1365
 1336 1697
 1337 1367
 1337 1630
 1337 1338
 1338 2077
 1338 1368
 1338 2084
 1339 1786
 1339 1368
 1339 1340
 1340 1369
 1340 1341
 1341 2216
 1341 1369
 1341 1787
 1342 1371
 1342 1372
 1342 1787
 1342 1343
 1343 1401
 1343 2067
 1343 1372
 1344 2031
 1344 2067
 1344 2049
 1345 2015
 1345 2024
 1345 2049
 1346 2100
 1346 2024
 1346 2132
 1346 1375
 1347 2132
 1347 1376
 1347 2182
 1348 2082
 1348 1376
 1349 2064
 1349 2133
 1349 1378
 1349 1350
 1350 2134
 1350 1378
 1351 2190
 1351 1380
 1351 2145
 1352 2087
 1352 2189
 1352 2190
 1352 2145
 1353 2099
 1353 1382
 1353 1354
 1353 2162
 1354 1355
 1354 2197
 1355 1383
 1356 1357
 1356 1384
 1356 1383
 1356 2267
 1357 2337
 1357 2328
 1358 1385
 1358 2218
 1358 2337
 1358 2328
 1358 1840
 1358 2322
 1359 1386
 1359 1387
 1359 1360
 1360 1387
 1361 2125
 1361 2072
 1361 1389
 1362 1998
 1362 1390
 1362 1785
 1363 1851
 1364 1697
 1365 1697
 1365 1366
 1365 1395
 1366 1858
 1366 1367
 1366 1887
 1366 1395
 1367 1969
 1367 1887
 1368 1969
 1368 1630
 1368 1398
 1368 1397
 1368 2050
 1368 1786
 1369 2002
 1369 2216
 1370 1371
 1370 2236
 1371 2237
 1371 2003
 1371 1372
 1372 1401
 1373 2031
 1373 1401
 1374 2035
 1374 1403
 1374 2015
 1375 1403
 1375 1404
 1375 1433
 1376 2100
 1376 1405
 1376 2083
 1376 1404
 1376 2182
 1377 1788
 1377 2064
 1377 2039
 1378 1788
 1378 2064
 1378 1379
 1378 2060
 1378 2134
 1379 2192
 1380 2134
 1380 2145
 1380 2114
 1380 2192
 1380 1408
 1381 2088
 1381 2093
 1381 1409
 1382 2088
 1382 2053
 1382 2093
 1382 1383
 1383 1412
 1383 1384
 1383 1413
 1383 2259
 1384 2176
 1384 1414
 1385 2176
 1385 1415
 1385 2218
 1385 1386
 1386 2218
 1386 2115
 1386 1415
 1387 1416
 1387 1790
 1387 2125
 1388 1389
 1388 1790
 1389 2072
 1389 1418
 1389 2065
 1389 1390
 1390 2072
 1390 1420
 1390 1419
 1391 1913
 1391 1838
 1391 1392
 1391 1851
 1392 1393
 1392 1699
 1392 1421
 1392 1851
 1393 1699
 1394 1697
 1394 1698
 1395 1858
 1395 1424
 1395 1698
 1395 1697
 1396 1425
 1396 1858
 1397 1398
 1397 1426
 1397 1969
 1398 2002
 1399 1427
 1399 2236
 1399 1428
 1399 2002
 1399 2216
 1400 1429
 1400 2003
 1401 2003
 1401 1978
 1401 1430
 1401 1431
 1402 2034
 1402 1979
 1402 1922
 1402 1431
 1403 2024
 1403 1922
 1403 1433
 1403 1923
 1404 1434
 1404 1405
 1404 1433
 1404 2100
 1405 1434
 1405 1435
 1406 1436
 1406 1788
 1407 2192
 1407 1826
 1407 1788
 1407 1792
 1407 1438
 1408 1439
 1408 1409
 1408 2114
 1409 1410
 1409 1439
 1409 2087
 1410 1441
 1410 2007
 1410 1440
 1411 2007
 1411 2016
 1411 1412
 1411 1442
 1412 1413
 1412 1789
 1412 2016
 1413 1789
 1413 1414
 1414 2101
 1414 1443
 1415 2129
 1415 2101
 1415 1631
 1416 1790
 1416 2128
 1416 1446
 1417 2069
 1417 1790
 1418 2065
 1418 1419
 1418 1448
 1419 1420
 1419 1448
 1420 1924
 1420 1951
 1420 1449
 1420 1998
 1421 1450
 1421 1451
 1424 1454
 1425 1457
 1425 1426
 1425 1969
 1425 1456
 1426 1972
 1426 1457
 1426 1969
 1427 1490
 1427 1459
 1427 1428
 1427 1460
 1427 1934
 1427 1972
 1428 2236
 1428 1460
 1428 1945
 1429 1914
 1429 1945
 1429 1430
 1430 1431
 1430 1908
 1431 1908
 1431 1888
 1431 1462
 1431 1978
 1432 1923
 1432 1888
 1433 1465
 1433 1986
 1434 1986
 1434 1791
 1434 1435
 1435 1436
 1435 1791
 1435 1466
 1436 2039
 1436 1437
 1436 1466
 1436 1467
 1437 1826
 1438 1930
 1438 1439
 1438 2192
 1438 1792
 1439 2192
 1439 1440
 1440 1930
 1440 1470
 1440 1929
 1441 1931
 1441 1929
 1442 2016
 1442 1931
 1442 1473
 1443 1474
 1443 1475
 1443 2054
 1443 1789
 1444 1475
 1444 1445
 1444 1631
 1445 1946
 1445 1446
 1445 1477
 1446 1447
 1446 1477
 1446 1790
 1446 2128
 1447 1963
 1448 1952
 1448 1449
 1448 2069
 1448 1479
 1448 2065
 1449 1915
 1449 1480
 1450 1838
 1450 1795
 1450 1924
 1450 1481
 1451 1699
 1451 1452
 1451 1482
 1452 1482
 1452 1701
 1453 1702
 1453 1700
 1453 1454
 1454 1485
 1454 1700
 1454 1703
 1454 1455
 1455 1486
 1455 1456
 1455 1485
 1455 1858
 1456 1487
 1456 1457
 1456 1858
 1457 1934
 1457 1487
 1458 1489
 1458 1859
 1459 1490
 1459 1489
 1460 2168
 1460 1491
 1460 1490
 1461 1493
 1461 1908
 1461 1914
 1462 1493
 1462 1494
 1462 1908
 1463 1923
 1463 1496
 1464 1497
 1464 1496
 1465 1923
 1465 1791
 1465 1497
 1466 1499
 1466 1467
 1466 1791
 1467 1501
 1467 1500
 1468 1827
 1469 1930
 1469 1793
 1469 1889
 1469 1502
 1470 1504
 1470 1471
 1470 1889
 1470 1930
 1471 1472
 1471 1929
 1472 1854
 1473 2016
 1473 1507
 1473 1506
 1474 1829
 1474 1632
 1474 1475
 1474 1794
 1475 2054
 1475 1632
 1475 1946
 1476 1509
 1476 1510
 1476 1477
 1476 1946
 1477 1633
 1477 1510
 1478 1633
 1478 1512
 1479 1952
 1479 1963
 1479 1966
 1479 1512
 1479 2069
 1480 1513
 1480 1952
 1480 1915
 1480 1543
 1481 1915
 1481 1514
 1481 1795
 1481 1852
 1481 1924
 1482 1516
 1482 1483
 1482 1795
 1485 1713
 1485 1704
 1485 1486
 1485 1519
 1486 1520
 1486 1487
 1487 1521
 1487 1520
 1487 1859
 1488 1522
 1488 1521
 1489 1844
 1489 1522
 1489 1490
 1490 1491
 1491 1844
 1491 1492
 1491 2168
 1492 1524
 1492 1523
 1493 1860
 1493 1716
 1493 1494
 1493 1524
 1494 1526
 1494 1716
 1494 1888
 1495 1496
 1495 1526
 1495 1888
 1496 1527
 1497 1707
 1497 1528
 1497 1923
 1498 1866
 1498 1528
 1498 1529
 1498 1791
 1499 1791
 1499 1530
 1499 1500
 1499 1866
 1500 1501
 1501 1909
 1501 1530
 1502 1532
 1502 1503
 1502 1909
 1502 1793
 1503 1534
 1503 1504
 1504 1889
 1504 1534
 1504 1854
 1505 1535
 1505 1931
 1505 1534
 1506 1507
 1506 1535
 1506 1931
 1507 1796
 1507 1829
 1507 2016
 1508 1865
 1509 1632
 1509 1865
 1509 1850
 1510 1855
 1510 1850
 1510 1540
 1510 1633
 1511 1541
 1511 1512
 1511 1855
 1512 1966
 1512 1513
 1512 1963
 1513 1543
 1513 1541
 1514 1543
 1514 1544
 1515 1545
 1515 1544
 1515 1795
 1516 1795
 1516 1546
 1516 1517
 1516 1545
 1518 1713
 1519 1548
 1519 1550
 1519 1549
 1519 1704
 1520 1551
 1520 1704
 1520 1953
 1521 1714
 1521 1953
 1521 1705
 1521 1553
 1521 1859
 1522 1555
 1522 1705
 1522 1844
 1523 1715
 1523 1706
 1523 1557
 1523 1844
 1524 1559
 1524 1706
 1524 1525
 1524 1860
 1525 1560
 1526 1563
 1526 1562
 1526 1527
 1526 1716
 1527 1707
 1527 1563
 1528 1565
 1528 1566
 1528 1529
 1528 1707
 1529 1567
 1529 1566
 1530 1569
 1530 1708
 1530 1570
 1530 1531
 1531 1571
 1531 1570
 1532 1721
 1532 1909
 1532 1533
 1532 1572
 1533 1575
 1533 1573
 1533 1534
 1534 1709
 1534 1576
 1534 1575
 1535 1709
 1535 1536
 1535 1578
 1535 1931
 1536 1581
 1536 1580
 1536 1796
 1537 1581
 1537 1583
 1537 1865
 1537 1794
 1538 1539
 1538 1584
 1538 1723
 1538 1850
 1539 1585
 1539 1586
 1539 1540
 1540 1855
 1540 1710
 1540 1587
 1541 1710
 1541 1542
 1541 1589
 1542 1591
 1542 1543
 1542 1590
 1543 1852
 1543 1711
 1543 1592
 1544 1594
 1544 1725
 1544 1545
 1545 1595
 1545 1712
 1545 1594
 1545 1795
 1546 1712
 1548 1713
 1551 1704
 1551 1714
 1553 1705
 1555 1705
 1555 1715
 1557 1706
 1559 1706
 1560 1716
 1563 1717
 1565 1718
 1567 1719
 1569 1720
 1571 1721
 1576 1722
 1578 1709
 1581 1796
 1583 1865
 1585 1723
 1587 1710
 1589 1710
 1592 1724
 1593 1725
 1594 1725
 1597 1712
 1598 1645
 1599 1861
 1602 1733
 1603 2094
 1603 2073
 1605 2309
 1606 2311
 1607 2431
 1608 2225
 1608 2170
 1614 2287
 1615 2406
 1615 2339
 1615 2419
 1617 1756
 1618 2457
 1619 2070
 1621 2320
 1621 2278
 1623 2466
 1628 2202
 1629 2274
 1630 2006
 1631 2129
 1631 2054
 1631 2101
 1632 1865
 1633 1855
 1635 1636
 1635 1842
 1637 1645
 1638 1879
 1638 1639
 1639 1879
 1643 1726
 1646 1647
 1650 1651
 1651 1652
 1652 1653
 1653 1654
 1654 1656
 1655 1657
 1656 1904
 1657 1658
 1658 1727
 1659 1660
 1660 1662
 1661 1663
 1662 1664
 1664 1728
 1665 1666
 1666 1668
 1667 1874
 1668 1669
 1669 1670
 1670 1672
 1671 1729
 1673 1674
 1675 1676
 1676 1677
 1680 1846
 1681 1682
 1682 1683
 1684 1685
 1685 1686
 1687 1688
 1688 1690
 1689 1730
 1691 1692
 1692 1731
 1693 1732
 1693 1695
 1694 1780
 1697 1698
 1698 1700
 1699 1701
 1702 1703
 1703 1713
 1707 1717
 1707 1718
 1708 1866
 1708 1720
 1708 1719
 1709 1722
 1711 1724
 1719 1866
 1721 1909
 1733 1916
 1734 1867
 1736 1802
 1738 1803
 1741 2154
 1743 1805
 1743 2386
 1744 2248
 1744 2323
 1744 2314
 1745 1797
 1745 1746
 1745 2311
 1746 1797
 1747 1806
 1747 2314
 1748 2397
 1748 2350
 1749 1807
 1749 1873
 1750 2191
 1750 2280
 1751 1808
 1752 1809
 1752 2000
 1753 2339
 1753 1810
 1754 2058
 1754 2120
 1756 1759
 1756 1811
 1757 1812
 1759 1811
 1762 2253
 1762 2217
 1763 2424
 1763 2423
 1763 2327
 1763 2420
 1765 2462
 1766 2282
 1766 2340
 1766 2391
 1769 2200
 1769 1817
 1771 1905
 1773 1774
 1774 1818
 1774 1819
 1775 2281
 1776 2260
 1776 1798
 1776 1820
 1777 1778
 1777 1799
 1778 1799
 1779 1822
 1781 1823
 1781 1825
 1782 1887
 1783 1800
 1784 1824
 1784 1800
 1786 2077
 1788 2064
 1789 2016
 1790 2125
 1792 1793
 1792 1827
 1792 1826
 1793 1827
 1794 1796
 1794 1829
 1797 1828
 1798 2260
 1800 2365
 1800 2267
 1800 1824
 1802 2171
 1804 2336
 1804 2241
 1806 2314
 1806 2323
 1807 1873
 1809 2000
 1817 2212
 1817 2109
 1818 1819
 1819 2370
 1820 2408
 1821 2123
 1821 2127
 1821 2151
 1822 2352
 1823 1825
 1824 2355
 1826 1827
 1827 1909
 1829 1973
 1829 2016
 1830 1831
 1833 1980
 1834 1877
 1834 1835
 1836 2308
 1837 1863
 1837 1912
 1839 2048
 1839 2043
 1840 2258
 1848 1900
 1849 1857
 1851 1951
 1856 1857
 1859 1934
 1860 2168
 1862 1868
 1862 1925
 1863 1910
 1864 1872
 1867 1870
 1869 1871
 1871 1993
 1875 1876
 1880 1891
 1881 1904
 1882 1960
 1885 1896
 1886 1940
 1887 1890
 1888 1979
 1891 1993
 1892 1899
 1894 1928
 1894 1900
 1903 1967
 1906 1907
 1906 2005
 1910 1911
 1910 1957
 1913 1951
 1913 1924
 1914 2168
 1915 1924
 1921 1962
 1925 1980
 1926 2045
 1927 1928
 1929 1932
 1931 1932
 1933 1936
 1941 1949
 1941 1961
 1941 1948
 1942 1943
 1943 1954
 1943 1948
 1945 2236
 1948 1954
 1948 1949
 1949 1955
 1949 1961
 1950 1987
 1952 1966
 1954 1955
 1958 1959
 1959 1960
 1959 1994
 1964 2022
 1967 2068
 1969 2006
 1971 2038
 1972 2002
 1975 1981
 1977 1982
 1978 2034
 1983 1984
 1985 1987
 1988 2061
 1989 1999
 1991 1992
 1994 2170
 1995 2000
 2000 2033
 2002 2050
 2002 2216
 2007 2053
 2007 2093
 2008 2009
 2011 2019
 2013 2203
 2015 2031
 2015 2034
 2017 2018
 2019 2021
 2020 2025
 2028 2040
 2030 2127
 2031 2067
 2031 2034
 2032 2105
 2034 2035
 2038 2075
 2039 2083
 2042 2043
 2044 2234
 2044 2203
 2046 2073
 2051 2086
 2052 2061
 2056 2057
 2059 2063
 2065 2069
 2071 2072
 2077 2112
 2078 2203
 2078 2211
 2078 2122
 2079 2110
 2080 2081
 2082 2083
 2082 2133
 2082 2139
 2083 2140
 2085 2086
 2086 2143
 2087 2088
 2087 2099
 2087 2114
 2089 2091
 2090 2135
 2094 2141
 2095 2204
 2095 2096
 2096 2097
 2100 2132
 2101 2176
 2102 2117
 2103 2142
 2103 2118
 2106 2163
 2111 2112
 2113 2166
 2113 2132
 2114 2145
 2119 2379
 2119 2261
 2122 2211
 2123 2127
 2123 2124
 2126 2169
 2126 2155
 2128 2129
 2131 2228
 2131 2179
 2133 2202
 2136 2177
 2136 2171
 2137 2159
 2139 2140
 2141 2183
 2145 2190
 2149 2150
 2152 2153
 2155 2231
 2157 2193
 2157 2185
 2158 2169
 2164 2229
 2164 2181
 2165 2187
 2167 2175
 2170 2225
 2173 2174
 2174 2230
 2175 2196
 2176 2337
 2178 2180
 2179 2183
 2180 2198
 2188 2210
 2194 2204
 2195 2222
 2195 2227
 2197 2201
 2199 2242
 2201 2245
 2203 2234
 2208 2209
 2210 2217
 2211 2223
 2213 2214
 2215 2321
 2221 2285
 2224 2269
 2225 2229
 2226 2227
 2232 2279
 2233 2250
 2236 2237
 2238 2239
 2239 2316
 2241 2338
 2241 2273
 2241 2285
 2242 2243
 2243 2256
 2244 2245
 2245 2342
 2246 2247
 2247 2248
 2249 2253
 2250 2332
 2251 2344
 2252 2334
 2257 2292
 2257 2260
 2260 2272
 2262 2422
 2263 2264
 2265 2266
 2268 2279
 2268 2304
 2273 2312
 2274 2294
 2274 2430
 2275 2276
 2277 2283
 2282 2283
 2284 2352
 2286 2287
 2287 2306
 2289 2315
 2291 2301
 2294 2430
 2298 2299
 2301 2319
 2302 2321
 2304 2305
 2306 2385
 2313 2329
 2315 2339
 2320 2382
 2320 2362
 2324 2463
 2325 2463
 2327 2424
 2330 2331
 2330 2351
 2336 2338
 2339 2356
 2340 2391
 2340 2381
 2342 2343
 2345 2346
 2346 2347
 2348 2378
 2349 2362
 2350 2351
 2353 2357
 2354 2355
 2360 2414
 2361 2369
 2361 2400
 2367 2368
 2367 2385
 2372 2373
 2374 2379
 2375 2376
 2376 2377
 2380 2403
 2384 2412
 2387 2437
 2389 2410
 2389 2390
 2391 2392
 2393 2396
 2396 2398
 2399 2440
 2403 2426
 2404 2413
 2406 2407
 2406 2419
 2410 2413
 2414 2416
 2415 2444
 2415 2428
 2423 2424
 2425 2431
 2427 2457
 2430 2432
 2439 2440
 2441 2442
 2443 2449
 2446 2447
 2447 2448
 2450 2451
 2452 2453
 2453 2454
 2460 2461
 2466 2467
