    2   53
    4 1637
    4   54
    5   55
    6   55
    8   56
    8 1630
    9   57
    9   56
   10   57
   11   58
   12 1638
   13   59
   14 1722
   14   59
   16 1640
   16   60
   18 1640
   18   61
   19   62
   20 1631
   22 1831
   22   63
   22 1632
   23   64
   23 1831
   25 1633
   25   65
   25   64
   27   66
   27 1641
   28   66
   30 1642
   30 1643
   32 1644
   32 1643
   32   67
   34 1644
   34   68
   35   69
   36   69
   38   70
   39 1645
   39   71
   40   72
   41 1634
   41   72
   43   73
   43 1635
   44   73
   45   74
   45 1636
   46   75
   47   76
   47   75
   48 1827
   48   76
   49 1826
   49   77
   50   77
   51   77
   52   53
   53  110
   53   80
   53   79
   53   54
   54   80
   54 1637
   55 1863
   55 1839
   55   81
   55 1637
   55   82
   55 1630
   56   57
   56   84
   56 1839
   57   58
   58 1638
   58   84
   58   85
   59 1638
   59  115
   59   87
   59 1639
   59   86
   60   88
   60 1858
   60   87
   60 1639
   60 1640
   61   89
   61   90
   61   62
   61 1640
   62 1838
   62 1631
   62   90
   63 1838
   64 1831
   64   65
   64   92
   65 1641
   65  122
   65   93
   66 1641
   66 1642
   66 1594
   67   96
   67   97
   67 1643
   68   69
   68   97
   68 1644
   69 1897
   69   70
   69   98
   70   71
   70 1897
   71  101
   71  100
   71 1645
   72  101
   72 1645
   72  102
   73  103
   73 1841
   73 1636
   74  104
   74   75
   74  105
   74 1841
   75   76
   76 1898
   76  105
   77 1826
   77   78
   77  107
   79  110
   80 1866
   80   81
   80  110
   82 1730
   82  112
   82   83
   82 1863
   83 1839
   83   84
   84   85
   84  112
   85  114
   85 1857
   85 1638
   87 1921
   87 1829
   87 1858
   87  115
   88   89
   89  118
   89   90
   89  117
   90  119
   90 2051
   90  118
   91  120
   91 1830
   91 1838
   92  122
   92 1830
   92 1831
   93  123
   93 1594
   93  122
   94 1899
   94   95
   94 1642
   95 1931
   95   96
   95  124
   95 1643
   96 1874
   96   97
   96  125
   97  125
   97   98
   98   99
   98  126
   99 1897
   99  127
   99  128
  100  101
  101  130
  101  102
  101  129
  102  131
  102 1875
  103  131
  103 1875
  103 1841
  103 2112
  103  132
  104  133
  104  105
  106  134
  106 1865
  106  107
  106 1826
  106 1898
  107 1865
  107  108
  107  135
  107 1826
  109  110
  109 1646
  110  138
  110 1647
  110  111
  111 1866
  111  168
  111  139
  111  138
  112 1933
  112  113
  112 1730
  112  141
  113 1857
  114 1857
  114  115
  114  144
  114 1595
  116  145
  116 1858
  116 1797
  116 1921
  117 1864
  117 1731
  117  118
  117 1797
  118  146
  119 2051
  119 1838
  120  121
  120  148
  120 1830
  121 1830
  121  148
  121  149
  122 1873
  122  151
  122  150
  122  149
  123 1963
  123  151
  123 1889
  123 1899
  124 1931
  124 1899
  124  153
  124  152
  125  126
  125 1931
  125 1952
  125  154
  126 2023
  126  127
  127  156
  127 2023
  127  128
  128 2113
  128  157
  128 1985
  128  156
  129 1897
  129  130
  130 1912
  130  158
  131 2112
  131 1912
  131 1729
  132 1943
  132  133
  133 1898
  134 1898
  134 1867
  134  163
  134 1597
  135  164
  138  167
  138 1648
  138  168
  139 1915
  139  169
  139  140
  139  168
  140 1866
  141 1972
  141 1730
  142 1933
  142  172
  142 1595
  142 1972
  143  144
  143 1595
  144 1976
  144 1970
  144 1596
  144  173
  145  174
  145 1797
  145  175
  146 2051
  146  176
  146  147
  146  175
  146 1731
  147 1977
  147  177
  147  176
  147 2051
  148  178
  148 1935
  148 1599
  148  179
  148 2069
  148  149
  148 1971
  149  150
  150  179
  150  180
  152 1963
  152  153
  153 2114
  153  183
  153  182
  153  154
  154 1798
  154 1931
  155 1952
  155  184
  155 1798
  156 2098
  156 2113
  156  185
  157  187
  157  158
  157 1897
  158  159
  159 2000
  159 1729
  159  188
  160 2036
  160 2112
  160 2024
  160  189
  160 1598
  160 1729
  161 2112
  161 1733
  161 1943
  161  191
  162 1733
  162 1943
  162  192
  162  193
  162 1597
  162 1898
  163 1867
  163 1597
  163  193
  164  195
  164 1865
  164  165
  166 1647
  167 1832
  167  198
  168 1915
  168 1913
  168 1832
  169 2004
  169  199
  169  200
  169  170
  169 1915
  169 1730
  170 1972
  170 1730
  170  201
  170  200
  171 1972
  171 1738
  171  202
  171  172
  171  201
  172 1596
  172 2032
  172  202
  172 1595
  173 2032
  173 1734
  173  203
  173 1596
  174 1799
  174 1921
  174  204
  174  205
  174  175
  174 1976
  175  207
  175  176
  175  205
  175 1731
  176  208
  176  207
  177 1971
  178 1971
  178 1599
  178  208
  179  210
  179  180
  180  210
  180 1963
  181 1963
  181 2058
  181  213
  181  212
  182 2064
  182 2058
  183 1798
  183 2167
  183  215
  183 2114
  184  185
  184  217
  184  216
  185  217
  185 2023
  186 2098
  186  218
  186  248
  186  219
  186 1995
  186 2113
  187  188
  187 1985
  188 2062
  188 2000
  188  220
  188 1995
  188 2037
  189 2000
  190  223
  190 2036
  190  222
  190  191
  190 2024
  191 1735
  191 1733
  191 1736
  191  223
  192  224
  192 1736
  192 1733
  192  256
  193 1989
  193  256
  193  225
  193 1597
  194 1876
  194  226
  194 1867
  195 1867
  195  226
  195  196
  197 1649
  197 1648
  198  229
  198 1648
  198 1650
  199 1915
  199  230
  200 2100
  200  231
  200  232
  200  201
  200 2004
  202  233
  202 1737
  202 1738
  203 2150
  203  235
  203  234
  203 2032
  204 1734
  204  235
  205  236
  205  206
  206 2332
  206  207
  206  237
  206  236
  207 2085
  207  237
  209 1599
  209  239
  209  240
  209 2069
  210  241
  210 2042
  211  212
  212 1600
  212  242
  212  213
  212 1963
  213 2149
  213  243
  213  242
  214 2148
  214 2114
  214 2058
  214 2099
  215 2173
  215  244
  215  245
  215 2114
  216 2167
  217 2180
  217  246
  217 2098
  218 2098
  218  248
  218  247
  219  249
  219 2037
  220  251
  220 2062
  220  252
  220  221
  221 2086
  221 2036
  221  252
  221 2000
  222 2142
  222  253
  222  223
  222 2131
  223 2142
  223 1735
  224 1736
  224  254
  224  255
  224 1735
  225 1876
  225  257
  225  256
  226 1876
  226  227
  226  258
  227  258
  229 1832
  229 2304
  229 1652
  229  262
  229  261
  230 2005
  230  263
  230 2043
  230 2304
  231  264
  231 2043
  232  265
  232  266
  232 1738
  232 2100
  233 1738
  233  267
  233 2150
  233  266
  234  267
  234 2234
  234 2216
  234 2150
  235 2143
  236 2143
  236 2332
  236  270
  236  269
  237  271
  237  272
  237 2332
  238 1599
  238 2085
  239  274
  239 2137
  239  240
  240 2305
  240  274
  240  275
  240 2042
  240 2069
  241 2042
  241 2126
  241 1600
  242  277
  242  243
  242 2126
  243 2138
  243  277
  243  278
  243 2148
  244  279
  244 2114
  244  245
  244 2099
  245 2275
  245  280
  245 2228
  245  279
  246 2132
  246  281
  247 2189
  247  248
  247  282
  247 2180
  248  249
  248 2189
  249 2189
  249  250
  249  283
  250 2062
  251 2062
  251  285
  251  252
  251  284
  252  285
  252 2131
  253 2227
  253  287
  253 2131
  253 2142
  254  288
  254 1735
  254  289
  254  255
  254 2142
  255  256
  255 2013
  256  257
  257 1876
  257  290
  258  292
  258 1653
  258  259
  259 1651
  260 1650
  261 1900
  261  262
  262  263
  262 1900
  263 1900
  263 2304
  263  298
  263 2043
  264  298
  264 2043
  264  299
  264 2100
  265  300
  265 2489
  265  266
  265 2100
  266  301
  266  300
  266  267
  267 2234
  268 2250
  268  302
  268  269
  268 2216
  268 2143
  270 2250
  270 1800
  270  303
  270 2332
  271  304
  272 2127
  272 2085
  273 2087
  273 2127
  273 2090
  274  306
  274 2137
  274 2305
  275 2126
  275  307
  275  308
  275  276
  275 2305
  277  310
  277 2126
  277  278
  277 2251
  278  279
  279  311
  280  281
  280 2228
  280 2173
  281 2180
  282 2189
  282  314
  282 2180
  283  316
  283  284
  285  346
  285  316
  285  286
  286  318
  286  317
  286  287
  287 2131
  287 2227
  287  318
  288  320
  289  320
  290 1966
  291  322
  291 1876
  292 1876
  292  322
  294  295
  295 1655
  295  324
  295 1652
  296 1652
  296 1877
  296 1655
  296  325
  297  298
  297 1978
  297  326
  297 1900
  298 2043
  298 1973
  298  327
  298 2047
  299 2100
  299 2489
  299 2081
  300 2489
  300 2174
  300  329
  300  301
  301 2234
  301  361
  301  330
  301  329
  302 2235
  302 2250
  303  333
  303 1800
  303  332
  303  331
  304 2334
  304 2224
  304 2281
  305  335
  305 2224
  305 2247
  305 2175
  305 2217
  306 2175
  307  337
  307  369
  307  308
  307  338
  308  338
  308  309
  309 2251
  310 2251
  310  311
  310  340
  310  339
  311 2275
  312 2264
  312  373
  312  313
  312 2228
  312  341
  312 2275
  313 2265
  313  342
  313 2228
  314 2236
  314  343
  314 2220
  314  315
  314 2180
  315 2181
  315 2189
  316 2181
  317 2242
  317  347
  317  318
  317  346
  318 2227
  318  348
  318 2242
  319  349
  319 2122
  319  348
  319 2227
  320  350
  320 2013
  320  351
  320 2122
  321  351
  321  352
  321 1953
  321 1966
  321 2014
  322 1966
  322 1859
  322  353
  322  352
  322 1653
  323 1653
  325 1656
  325  356
  327 2006
  328 2082
  329  360
  329  361
  330 2234
  330 2306
  330 2312
  330  361
  331 2306
  331 2312
  331  364
  331  332
  331 2250
  332 2308
  332  364
  333 2269
  333 1800
  333 2308
  334  365
  334 2217
  334 2247
  334  366
  335  367
  335 2247
  335 2340
  335  336
  335 2175
  336  337
  336 1601
  337 2305
  337  369
  337  368
  338  370
  338 2299
  338  369
  339 1801
  339 2299
  339 1739
  339  340
  339 2251
  340 2300
  341  372
  341 2301
  341  373
  342  374
  343 2220
  343  375
  343 2236
  343  374
  344 2236
  344 2201
  344 2181
  344  376
  344  375
  345 2181
  345  346
  345 2201
  346 2390
  346  377
  347 2242
  347 2243
  347  378
  348  379
  348 2242
  348  349
  349 2122
  349 2165
  350 2122
  350  351
  350 2165
  350  381
  351 2014
  351  382
  351 2025
  352 1906
  352 1966
  353 1654
  353 1657
  353  354
  353 1859
  353  383
  354 1723
  354 1657
  355 1656
  356 1658
  356  386
  356  387
  356 1877
  357 2006
  357 1954
  357  388
  357 1973
  357  387
  357 1877
  358 2139
  358  388
  358  389
  358 2082
  358 2006
  359 2490
  359  390
  359 2139
  359 2082
  359 2176
  360 1602
  360 2174
  360  361
  360 2176
  361  392
  361 2306
  361 1602
  362 2306
  362  393
  362 2341
  362  363
  362  392
  363 2398
  363  364
  363  393
  364 2398
  364 2308
  365 2269
  365  366
  366 2376
  366 2247
  366  395
  366  396
  366 2340
  367  368
  368  398
  368  397
  369 2314
  369  399
  369  370
  370 1801
  370  399
  371 2300
  371 2382
  371  372
  371 1739
  372 2300
  372 2301
  372  402
  372  401
  373  403
  373 2309
  374 2309
  374  375
  375  405
  375  376
  375  404
  376  406
  376  377
  377 2201
  378  408
  378 2244
  378 2243
  378 2432
  378 2390
  379  409
  380 2102
  380 2070
  380  381
  381 2025
  381 2165
  382  412
  382 1953
  382 1907
  382 2025
  382 1979
  383  413
  385 1656
  385 1658
  386  387
  386 1658
  387 1954
  387 1868
  387  417
  387 1877
  388 2006
  388 1990
  388  389
  389 2139
  389  418
  390 2194
  390 2177
  390 2490
  390 2139
  390  420
  391 2313
  391 1602
  391 2490
  391 2194
  392 2341
  392  422
  392 2306
  393  423
  393 2398
  393 2341
  394 2308
  394  395
  395  426
  395 2376
  395 1603
  396  427
  396  397
  398 2354
  398  399
  398 2314
  398  428
  399  400
  399  428
  400 2391
  400 1801
  401  431
  401  430
  401  402
  401 2382
  402  432
  402  403
  403  433
  403 2325
  404  433
  404 2325
  404  435
  404  434
  404  405
  405  436
  405  406
  406  437
  406  407
  407 2383
  407 2390
  408  438
  408 2432
  408 1740
  409  439
  409  410
  409 2244
  410 2159
  410 2154
  410 2102
  410  439
  411  441
  411 2025
  412  443
  413  443
  413 1908
  413 1869
  413 1833
  413 1657
  413  444
  414 1657
  416  447
  416 1658
  417  448
  419  450
  419 2139
  420  450
  421  452
  421 2194
  421 1741
  421 2202
  422 1742
  423 2342
  423  455
  423  424
  423 2398
  423  454
  424 1603
  424 2398
  425 2428
  425 1603
  425 2426
  425  426
  426 2399
  427  458
  427 2376
  427 2354
  428 2384
  428 2391
  428  459
  429  461
  429 2413
  429  460
  429 2391
  430 2473
  430  461
  430 2413
  430 2382
  430 2440
  431  462
  431 2440
  431 2433
  431  463
  432 2433
  432  464
  432  433
  434  465
  434  435
  435  466
  435  436
  435  465
  436  467
  436  437
  437 2392
  437 2383
  438 2432
  438 2310
  438 2389
  438 1740
  438  468
  439 2319
  439  469
  439 1740
  440 2102
  440 2101
  441 2028
  441 2070
  441 1980
  441 2101
  442  473
  442 2028
  442  443
  442  474
  442 1980
  443 1908
  443 1869
  443  474
  444  445
  444  475
  444 1869
  444 1659
  446 1724
  446 1661
  446  447
  447  478
  447 1660
  447 1661
  447 1860
  448 1955
  448 1868
  448  478
  448 1878
  449 1990
  449 2166
  449 1956
  450 2160
  450 2166
  451 2202
  451  480
  451 1824
  451  511
  451  452
  451 2160
  452 1793
  453 2343
  453 1744
  453 2393
  453 1742
  454  482
  454  483
  454  455
  455 2495
  455  484
  455  483
  455 2420
  456 2426
  456  484
  456  485
  456 2428
  456 2420
  457 2428
  457 2421
  457 2399
  457  486
  458 2399
  458 2384
  458  459
  459  460
  459  487
  459 2391
  460  488
  460  489
  460  461
  462  490
  462 2440
  462  491
  462  463
  462 2473
  463  492
  463  464
  463 2433
  464  493
  464 2417
  465 2417
  465 2429
  465 2451
  466 2454
  466 2429
  466  496
  466  467
  467 2392
  467  497
  467  496
  467  498
  468  499
  468 1743
  468 2310
  468 2394
  469 2190
  469  500
  469  470
  470 2159
  470  501
  470  471
  470 2190
  471 2091
  471  501
  471  472
  471 2101
  472  502
  472 2101
  472 2028
  473 2028
  473 2007
  473  503
  473  502
  474 1803
  474  503
  475  504
  475 1745
  475  476
  478 1878
  478 1860
  478 1662
  478  507
  479  508
  479 1956
  479  509
  479 1604
  480  511
  480 2257
  480 2221
  480 2160
  480  510
  481  512
  481 1742
  481 1793
  481  513
  481 1744
  482 1744
  482  514
  482 2393
  482 2346
  483 2495
  483  515
  483  514
  484  485
  484 2502
  484 2420
  485 2502
  485  517
  485  516
  485  486
  486 2453
  486  518
  486  517
  486 2428
  487 2421
  487 2474
  487 2453
  488  520
  488  521
  488  489
  488 2474
  489  522
  489  490
  489 2473
  490  523
  490  491
  491 1605
  491  523
  491 2500
  492  525
  492 2500
  492  493
  493 2451
  494  526
  494 2451
  494  527
  494  495
  494 2429
  495 2454
  495 2429
  495  527
  496  497
  496  528
  496 2454
  497  498
  497 2400
  498 2392
  498  499
  498 2355
  498 2394
  499 2394
  499  530
  499 2355
  499 1743
  500 2203
  500 1802
  500  531
  500 2190
  501 2200
  501 2190
  502 2091
  502 2007
  502  533
  502 2028
  503  534
  503 1803
  503 2007
  504  536
  504 1663
  504  537
  504  505
  504 1745
  506 1664
  506 1661
  507  539
  508 2016
  508 1956
  508  540
  509 1604
  509 2370
  509  541
  509 2016
  510 2375
  510 1604
  510 2257
  510 2370
  510 2221
  511 2257
  511  573
  511  512
  511  543
  511 1824
  512 1824
  512  513
  512  544
  513 1744
  513 2346
  513  545
  514 2346
  514  515
  514 2347
  515 2495
  516  549
  516 2448
  516  517
  516 2502
  517  549
  517  518
  518  551
  518  519
  518  550
  519  520
  519  551
  519 2474
  519 2453
  520  521
  520  551
  520  552
  521  553
  522  554
  522  523
  522  553
  523  555
  523  554
  523 1605
  524 1605
  524 2506
  524  556
  525 2506
  525  526
  525 1606
  525  556
  526 2451
  526  557
  526 1606
  526  527
  526  558
  527 2468
  527 2454
  527  558
  528 2466
  528 2409
  528 2454
  529 2400
  529  561
  529  530
  529  560
  530 2355
  530  561
  531 1802
  531  590
  531  561
  532 2200
  532  563
  533 2017
  534  565
  535 2041
  535 1803
  537 1663
  539  569
  539 1662
  539 1665
  539 1878
  540 1878
  540  571
  540 2016
  540 1608
  540  570
  541  572
  541 2115
  541 2016
  542 2103
  542  573
  542 2115
  543 2187
  543  574
  543  544
  544 2266
  544  545
  545  546
  546 2346
  546 2347
  546 2326
  546  575
  547 2347
  547  576
  547  548
  548 2447
  548  577
  548 2495
  549  550
  549  578
  550  551
  550  578
  551  552
  551  579
  551  581
  552  582
  552  553
  553  582
  553  583
  553  554
  554  584
  554  555
  555  556
  555  584
  556  585
  556  584
  556 1606
  557  616
  557  586
  557  558
  558  586
  559 2463
  559 2454
  559 2466
  559  587
  560  588
  561  590
  561 1607
  561 2282
  562 2222
  562 2203
  562  563
  562  591
  562  590
  563 2155
  563  591
  563 2093
  564 2155
  564  592
  564  593
  564 2017
  564 2093
  565  593
  565 1991
  565  594
  565 1922
  565 2017
  566 1922
  566 2041
  566 1663
  566 1870
  566  594
  568 1664
  569  598
  569  570
  569 1666
  570  598
  570  599
  570 1608
  570 1878
  571  600
  571  601
  572 1609
  573  603
  574 2276
  575  605
  575 2284
  576  606
  576 2326
  576 2362
  577 2414
  577  606
  578 2497
  578  607
  578  608
  578  579
  578 2448
  579  609
  579  608
  579  580
  580  610
  580  581
  581  611
  581  610
  581  582
  582  644
  582  612
  582  611
  582  583
  583  584
  584  614
  584  613
  584  615
  584  585
  585  616
  585  615
  585 1606
  586 2455
  586  617
  586  616
  586 2468
  587 2386
  587  618
  587 2385
  588 2302
  588 1607
  588 2385
  589 2282
  589 2302
  590  621
  590 2282
  590 2222
  590 2203
  591 2155
  591 2133
  591 2222
  592  623
  592 2155
  592 2133
  592  593
  593 2017
  593 2029
  594 1870
  594  625
  594 1991
  594 1922
  595 1667
  595 1663
  595  627
  595  596
  595  626
  597 1665
  597 1668
  598 1666
  598 1668
  598  599
  599 1890
  599  630
  599 1924
  600 1890
  600 1924
  600  631
  600  632
  600  601
  601  602
  601  632
  601 1609
  602 2052
  602 1609
  602 2103
  602  633
  602  632
  603  634
  603 2152
  603 1746
  603  633
  604 2266
  604 2276
  604 2284
  605 2327
  605  635
  605 2362
  606  636
  606  637
  607 2449
  607  638
  607 2414
  608  640
  608  609
  608 2497
  609  642
  609  641
  609  640
  609  610
  610  643
  610  642
  611  643
  612  674
  612  645
  612  613
  612  644
  613  614
  613  676
  614  676
  614  647
  614  615
  615 2507
  615  647
  615  616
  616  617
  616 2507
  617 2456
  617 2455
  617  649
  618  651
  618 2496
  618  650
  618 2456
  618 2455
  619  651
  619 2386
  619 2302
  619 2381
  620  653
  620 2282
  621 2282
  621  653
  622  654
  622 2133
  623  654
  623 2133
  623  655
  624 1805
  624  625
  625  626
  625 1870
  626 1852
  626  657
  626  656
  626 1870
  628  660
  629  660
  630 1844
  631  661
  632 1964
  633  663
  633 2053
  633 2103
  634 2276
  634 2195
  634 2152
  634  665
  634 2475
  634 1746
  635 2356
  635 2475
  635 2284
  635  665
  636 2362
  636 2356
  637  667
  637 2412
  637 2414
  638  668
  638  639
  638 2476
  638 2497
  639  669
  639  640
  639  668
  640  671
  640  641
  640  670
  641  671
  642  672
  642  643
  642  671
  643  673
  643  672
  644  674
  644  673
  645  675
  645  676
  645  674
  646  647
  647  678
  647  677
  648 2508
  648  678
  649  679
  649 2434
  650 2434
  650 2496
  651 2496
  651 2386
  651 2381
  651 2363
  651  680
  652 2294
  652 2302
  653  683
  653 1610
  653 2191
  653 2294
  654  684
  654 2191
  654 1747
  654 1804
  655  685
  655 1804
  655 1748
  655 1996
  656  686
  657  687
  657  688
  657 1667
  657  658
  657 1852
  658 1725
  659  660
  660 1669
  660 1668
  660  690
  660 1844
  661  691
  661 1964
  661  692
  661 1890
  662  693
  662  692
  662 2008
  662 2053
  662 1964
  663  693
  663 2116
  663 2152
  664  694
  664 2152
  665  695
  665 2483
  665 2475
  666 2483
  666  697
  666 1749
  666 2356
  666 1806
  666  696
  666 2410
  667 2415
  667 2410
  667  697
  667  698
  667 2476
  668  698
  668  699
  668  669
  668 2476
  669  699
  670 2510
  670  700
  670  671
  670  699
  671  672
  671  700
  672 1837
  672  701
  673  703
  673  674
  673 1837
  674  705
  674  704
  674  703
  675 1612
  675  676
  676  706
  676 1612
  676  677
  677  678
  678  707
  678  706
  679 2508
  679  708
  679  709
  680 2395
  681 2381
  681 2401
  682  712
  682 2295
  682 2294
  682 2401
  683  713
  683 2294
  683 2191
  683 2295
  684 2168
  684 2191
  684 1747
  684 2218
  685 1992
  685 2033
  685 1804
  685  715
  685 1748
  686 1852
  686 1805
  686  717
  687  718
  690  721
  690  751
  690  722
  690 1844
  691 1896
  691  722
  691  692
  691 1844
  692  723
  692 1964
  692 2008
  692  722
  693  724
  693 2008
  693 2116
  693 1750
  694 2238
  694  725
  694 2195
  694  726
  694 2116
  695  727
  695 2239
  695  696
  695 2238
  695 2483
  696 1749
  696  727
  697 2410
  697 1806
  697 2415
  698 2476
  698  729
  698  730
  699 2510
  700  731
  700 2510
  701  702
  701  731
  702  733
  702  732
  703 1837
  703  734
  704 1751
  704  735
  706  736
  706  737
  706  707
  706 1612
  707 2508
  707  708
  707  738
  707  737
  708  739
  708  738
  709  739
  709  710
  709 2434
  710 2469
  710 2435
  710  740
  711  741
  711 2401
  711 2395
  711 2364
  712 1613
  712  742
  712 2295
  712  741
  713  743
  713 2218
  714  744
  714 1747
  715 1804
  715  744
  716  717
  716 1748
  717  748
  717 1934
  717 1853
  717  718
  717  747
  718 1845
  718  748
  718  719
  719  748
  720 1671
  720 1670
  720  721
  721 1669
  721 1670
  721  751
  722 1879
  722  752
  722 1981
  723 1946
  723 1981
  723  753
  724 2008
  724 1750
  724  753
  725 2161
  725 2116
  725  755
  726  756
  726 2161
  726 2239
  727 2352
  727 2239
  727 1749
  728 1611
  728 1806
  729  730
  729 2415
  729 2402
  730 2509
  730 2470
  731  761
  731  732
  731  760
  732  733
  733  734
  733  763
  733  761
  733 1837
  734 1751
  734  763
  734 1837
  735 1809
  735  764
  735  736
  735 1612
  736 1612
  736  737
  736 1809
  737  766
  737  765
  738  768
  738  766
  738  739
  739 2469
  739  768
  740 2395
  740 1807
  741 1807
  741 1613
  741 1752
  742  771
  742 2293
  742 2258
  742 1613
  742 2295
  743  772
  743 2168
  743 1808
  743 2258
  744 1808
  744  773
  744  745
  744 1753
  745  773
  745  746
  745 2033
  746 1992
  746  805
  746  774
  746  747
  746  773
  747 1934
  747  774
  748 1934
  748  807
  748  749
  750 1672
  751 1891
  751  778
  753 1984
  753 2008
  754 2057
  755  782
  755 2088
  756  783
  756 2183
  757 2352
  757 2311
  757  784
  758 2402
  758 1611
  758 2403
  758  785
  759 2403
  759  787
  760  788
  760  761
  760  789
  760 2510
  761 1756
  761  790
  761  762
  761  789
  762  823
  762  763
  762  790
  762  791
  763  791
  763  792
  763 1751
  764 1751
  764  794
  764  793
  765 1754
  765  766
  765  795
  765 1809
  766  795
  766  796
  767  797
  767  828
  767  768
  768 2469
  768 2503
  768  797
  769  798
  769 2469
  769 1755
  769 1807
  769  799
  769 2503
  770 2293
  770  831
  770 1613
  770  800
  771 2258
  771 2418
  771  801
  771 2293
  771  802
  772 2258
  772 1753
  772 2418
  772 1808
  773  805
  773 1753
  773  804
  774 1871
  774  806
  774  805
  774 1934
  775  807
  775 1871
  778  810
  778 1671
  778 1673
  778 1891
  779  811
  779 1879
  779  812
  779 1984
  779 1946
  779 1891
  780 2057
  780  812
  780  844
  780 2048
  781 2088
  781  813
  781 2140
  781 2054
  781 2048
  782 2161
  782 2140
  782 2183
  783  815
  783 2215
  783 2183
  783 2252
  783  816
  784 2285
  784  817
  784 2252
  785 2285
  785 2371
  785 2403
  785 2311
  786 2372
  786 2403
  787 2372
  787  820
  787 2470
  788 2470
  788 2441
  788  821
  788  820
  789 1756
  789  821
  790  822
  790 1756
  791  824
  791 1828
  791  823
  792  824
  793 1810
  793 1751
  794 1809
  794 1810
  795  796
  795  826
  795 1754
  796  859
  796  827
  796  828
  797  828
  798 2503
  798  799
  798 2452
  799 2422
  799 1755
  800 2422
  800  831
  800  830
  800 1755
  801  832
  801  831
  802  803
  802 2204
  803  804
  803  834
  803  833
  803 1753
  803 2418
  804 2018
  804 2071
  804  835
  805 2018
  805  837
  805  806
  806 1872
  806  837
  807  808
  807 1674
  807  838
  809 1673
  810  811
  810  842
  810  841
  811 1891
  811 1880
  811  842
  811  843
  811  812
  812  844
  812 1984
  812 1993
  812 1961
  813 2094
  813 2048
  813  845
  813  844
  813 2140
  814 2184
  814 2213
  814 2140
  815 2206
  816  848
  816 2252
  817 2484
  817 2285
  817  848
  818 2285
  818 2323
  819 1759
  819 2371
  820  851
  820 2441
  821  852
  821 2441
  821 1756
  822 1756
  822  823
  822  853
  824 1828
  824 1757
  824 1810
  825  856
  825 1809
  825  857
  825 1754
  825  826
  826  858
  826  857
  826 1754
  827  890
  827  889
  827  858
  828  860
  828  859
  829 1614
  829 2452
  829 2457
  830  861
  830  862
  831  863
  831  832
  831 2320
  832  864
  832 2303
  832 2204
  833  897
  833  865
  835  867
  835 2022
  836 2018
  836  867
  836 1960
  837 1932
  837 1960
  837 1872
  838  869
  838 1675
  838  870
  838  839
  838 1871
  839 1674
  840 1676
  840  841
  841  842
  841 1676
  841 1673
  842 1880
  842 1676
  843  873
  844 2094
  844 2038
  845 2144
  845 2140
  845  875
  845  846
  845 2094
  846 2213
  846 2144
  846  876
  846 1758
  847  848
  847 2213
  847 2206
  848 2484
  848 2296
  848  878
  849 2323
  849 2286
  850 2373
  850 2416
  850 2407
  850  880
  850 1759
  851 2372
  851 2407
  852  883
  852  884
  853  886
  853  854
  853  885
  853 1756
  854  855
  854 1828
  855  887
  855  886
  855 1757
  855 1828
  856 1810
  856 1757
  856  857
  857  889
  857  888
  858  889
  859 1811
  859  860
  859  890
  860 2457
  860 1811
  860  891
  860 1760
  860 1614
  861  892
  861 2452
  862 2458
  862  893
  863 2271
  864 2205
  864  897
  864  896
  865 2145
  865  866
  865  897
  865 2071
  866 2071
  866 2034
  866 2145
  867 2034
  867 1932
  867 1967
  868  869
  868  900
  868 1872
  868 1929
  869 1872
  869 1675
  869  901
  870 1675
  872  906
  872 1842
  873 1936
  873  907
  873  874
  873 1986
  873  906
  873 1961
  874 2038
  874 1993
  875 2094
  875  908
  875 2039
  876 1758
  876 2249
  876  909
  876 2144
  877 2249
  877 1758
  877  878
  877  911
  877 2296
  877  910
  878 2388
  878 2377
  878 2387
  878  911
  878 2296
  879 2484
  879 2419
  879 2416
  879  913
  879 2377
  880 2407
  880 2430
  880  913
  881  914
  881 2430
  881 2477
  881  882
  881 2407
  882  883
  882 2443
  882 2407
  883 2477
  883 2442
  884  947
  884  885
  884  915
  884  916
  885  917
  885  916
  885  886
  886  918
  886  917
  886  887
  887  950
  887  920
  887  888
  887 1757
  887  918
  888  889
  888  921
  888 1757
  889  922
  889  890
  890  923
  890  922
  891  924
  891 1761
  891 1760
  892 2459
  892 2457
  892  893
  893  926
  893 2459
  893  894
  894  927
  894  895
  894  926
  894 2321
  895 2321
  895 2272
  895  927
  895 2271
  896  928
  896  929
  896 2271
  896 2303
  897 2146
  897  929
  898  931
  898 2034
  898  930
  899 2034
  899 1615
  899  932
  900 1967
  900 1892
  900  933
  900  932
  901  934
  902 1675
  902  934
  903 1678
  903 1675
  904  905
  904 1676
  905 1676
  905  965
  906 1882
  906  937
  906 1880
  907  938
  907  939
  907 2039
  907 1986
  908 2039
  908  909
  908 2104
  908 2144
  909 2144
  909 2245
  909 2104
  910  941
  910 1812
  910  911
  910 2245
  911 2388
  911  942
  912  943
  912  913
  912 2377
  913  943
  914  945
  914 2491
  914 2430
  914 2477
  915  946
  915 2513
  915  947
  915 2477
  916  917
  917  977
  917  949
  917  948
  918  949
  919  949
  919  950
  920  980
  920  950
  921 1763
  921  951
  921  922
  922  952
  922 1763
  923  952
  923  953
  923 1811
  924 1760
  924 2514
  924  953
  924 1811
  925  955
  925 1761
  925 2459
  926  956
  926  955
  927 2365
  927  957
  928 2291
  928  957
  928 2272
  928  958
  929 2182
  929  958
  930 2066
  930 2145
  932  960
  932 1615
  932 1967
  933 1881
  933  961
  934 1892
  934  962
  934 1677
  936  965
  937 1842
  937  965
  938 1986
  938  997
  938  966
  938 1957
  938  939
  939 2039
  939  997
  939 1835
  940 2104
  940 2117
  940 2156
  940 2245
  941 2156
  941  969
  942  970
  942 2328
  943 2377
  943  972
  943  944
  943 2336
  944 2423
  944  972
  944 2430
  945 2477
  945 2513
  945  974
  945 2493
  945  946
  945  973
  946  974
  946  947
  946  975
  947  948
  948  976
  948  977
  948  975
  949  950
  949  978
  949  977
  950  979
  951 1763
  951  981
  951  980
  952  953
  952  983
  953 2514
  953  984
  953  954
  953 1811
  954 1015
  954  985
  954 2511
  954  984
  955 2511
  955 2450
  955  956
  955  985
  955 2459
  956 2365
  956  986
  957 2357
  957 2272
  957 2291
  957 2365
  958  988
  958 2208
  958  989
  958 2291
  959  990
  959 2157
  959 2146
  959 2066
  959 2182
  959  989
  960 1615
  960 2010
  960  991
  960  961
  960 2066
  960  990
  961  992
  961 1916
  961  991
  962 1881
  962  993
  962 1680
  962 1678
  962  963
  962  992
  963 1679
  964  965
  965 1025
  965  995
  965 1882
  966 1957
  966 1936
  966  995
  966  996
  967 2009
  967 2044
  967  997
  968 2104
  968 2074
  968  999
  968 1835
  968 2118
  969 2246
  969 1000
  969 2207
  969 1812
  969 2118
  970 2246
  970 2328
  970 2278
  970 1762
  971 2336
  971 1002
  971 2279
  972 2439
  972 2423
  972 1003
  972 1002
  973 2493
  973 1004
  973 2423
  974 1005
  974  975
  974 1006
  975 1007
  975 1006
  975  976
  976 1007
  977 1008
  977 1007
  977  978
  978 1009
  980 1039
  980 1010
  980  981
  980 1009
  981 1763
  981 1010
  982 1763
  982  983
  983 1616
  983 1014
  984 1014
  984 1015
  985 1015
  985 2511
  986 1016
  986 2396
  986 2365
  987 1017
  987 2315
  987  988
  988 2291
  988 2208
  989 2157
  989 2208
  989 2182
  990 2157
  990 1020
  990 2105
  990 2066
  991 1893
  991 1916
  991 2010
  992 1916
  992 1022
  992 1881
  993 1681
  995 1882
  995 1843
  995 1026
  996 1957
  996 1945
  996 1026
  997 1957
  997  998
  997 1937
  998 1939
  999 2044
 1000 2229
 1000 2207
 1000 1030
 1000 2219
 1000 2246
 1001 2279
 1001 2273
 1001 2246
 1001 1031
 1002 1003
 1002 2353
 1002 2279
 1003 2349
 1004 2423
 1004 1034
 1004 1064
 1004 2411
 1005 2493
 1005 2504
 1005 1006
 1005 1035
 1006 1036
 1006 1007
 1007 1008
 1007 1036
 1008 1038
 1008 1009
 1008 1037
 1009 1039
 1009 1038
 1010 1618
 1010 1040
 1010 1039
 1011 1012
 1011 1763
 1012 1071
 1012 1041
 1012 1040
 1012 1616
 1012 1763
 1013 1043
 1013 1014
 1013 1041
 1014 1015
 1015 2492
 1015 1044
 1015 1764
 1015 2450
 1016 2436
 1016 2450
 1016 2396
 1017 1046
 1017 2357
 1017 2396
 1018 1048
 1019 2157
 1020 1049
 1020 2019
 1020 1050
 1021 1051
 1022 1682
 1022 1680
 1022 1916
 1023 1682
 1024 1683
 1024 1025
 1025 1055
 1025 1683
 1026 1945
 1026 1055
 1026 1056
 1028 2009
 1028 2199
 1028 2040
 1028 1939
 1028 1057
 1029 2226
 1029 2230
 1030 1060
 1031 2274
 1031 2229
 1031 1061
 1032 2279
 1032 1062
 1033 2411
 1033 1063
 1033 1064
 1033 2349
 1034 2424
 1034 1065
 1034 1035
 1034 2493
 1035 2478
 1035 1065
 1035 2504
 1036 2504
 1036 1067
 1036 1037
 1037 1068
 1037 1038
 1037 1067
 1038 1069
 1038 1039
 1039 1069
 1040 1071
 1040 1618
 1041 1072
 1041 1071
 1041 1616
 1042 1043
 1042 1072
 1043 1105
 1043 1074
 1043 1764
 1044 2464
 1044 2498
 1044 1764
 1044 1074
 1045 2437
 1045 2396
 1046 1047
 1047 1077
 1047 2366
 1047 2297
 1047 2287
 1048 1077
 1048 1765
 1048 2196
 1048 2287
 1048 1813
 1049 2019
 1049 2059
 1049 1079
 1049 1765
 1049 1813
 1050 1080
 1050 1051
 1050 2019
 1051 1917
 1051 1081
 1051 1080
 1051 1914
 1051 2010
 1052 1082
 1052 1893
 1052 1083
 1052 1682
 1052 1914
 1053 1083
 1055 1843
 1055 1086
 1055 1056
 1056 1950
 1056 1940
 1056 1767
 1056 1766
 1056 1086
 1057 1766
 1057 1939
 1058 2040
 1058 1089
 1058 2075
 1058 2230
 1059 2230
 1059 2226
 1059 2170
 1060 1090
 1060 1091
 1060 2170
 1060 1061
 1061 2274
 1062 2378
 1062 1093
 1062 2349
 1062 2274
 1062 1617
 1063 2374
 1063 2349
 1063 1064
 1063 1093
 1064 1095
 1064 2424
 1065 2424
 1066 2501
 1066 2424
 1066 2494
 1067 1068
 1067 2478
 1067 1097
 1068 2479
 1068 1099
 1068 1069
 1068 1098
 1069 1101
 1069 1070
 1069 1618
 1070 1071
 1070 1101
 1070 1102
 1070 1618
 1071 1102
 1071 1104
 1071 1072
 1072 1073
 1072 1104
 1073 1105
 1074 1106
 1074 1105
 1074 1764
 1075 2444
 1075 1107
 1075 2436
 1075 1106
 1075 2464
 1076 1107
 1076 2366
 1076 1815
 1076 1108
 1076 2437
 1077 2366
 1077 2287
 1077 1109
 1077 1770
 1078 1140
 1078 1111
 1078 1765
 1079 2055
 1079 1111
 1080 1112
 1081 1113
 1081 1914
 1081 1917
 1082 1914
 1083 1084
 1083 1685
 1083 1682
 1083 1114
 1084 1726
 1085 1683
 1086 1767
 1086 1117
 1086 1683
 1086 1686
 1087 1118
 1087 1766
 1087 1119
 1087 1767
 1088 2106
 1088 1766
 1088 2075
 1088 1120
 1088 2040
 1089 1121
 1089 2106
 1089 2075
 1089 1090
 1090 2170
 1090 1091
 1090 1121
 1090 2259
 1091 1122
 1091 1123
 1091 2267
 1092 1617
 1092 2267
 1093 2316
 1093 2378
 1093 1125
 1093 2349
 1094 2344
 1094 1125
 1095 2374
 1095 2424
 1095 1096
 1095 2344
 1096 2404
 1097 1129
 1097 2494
 1097 2471
 1097 2479
 1097 2478
 1098 2471
 1098 1099
 1098 2479
 1099 1100
 1099 2460
 1099 1130
 1100 1619
 1100 1131
 1101 1132
 1101 1102
 1101 1619
 1102 1620
 1102 1132
 1103 1104
 1103 2465
 1103 1620
 1104 2512
 1104 2505
 1104 2465
 1105 1135
 1105 1136
 1105 1106
 1105 1768
 1106 1136
 1106 2498
 1107 2437
 1107 1108
 1107 2444
 1108 1815
 1108 1814
 1108 1137
 1109 1770
 1109 2196
 1109 1110
 1110 1140
 1110 2196
 1110 2322
 1110 1139
 1111 2072
 1111 1140
 1112 1958
 1112 2019
 1112 2059
 1113 1958
 1113 1114
 1114 1143
 1114 1685
 1114 1142
 1116 1686
 1117 1145
 1117 1176
 1118 1997
 1118 1767
 1118 1119
 1118 1901
 1119 1120
 1119 1766
 1120 2076
 1120 2106
 1120 1148
 1120 1766
 1121 2106
 1121 1150
 1121 1149
 1121 2259
 1122 1151
 1122 2259
 1122 2260
 1122 1123
 1123 2345
 1123 1151
 1123 2267
 1124 2316
 1124 2358
 1124 2345
 1125 2358
 1125 1152
 1125 2316
 1126 1771
 1126 1152
 1126 2344
 1127 2344
 1127 1154
 1128 1155
 1128 1129
 1128 2494
 1128 2501
 1129 2494
 1129 2482
 1129 2431
 1129 2471
 1129 1155
 1130 2467
 1130 2481
 1130 2471
 1131 1158
 1131 2462
 1132 1619
 1132 2461
 1132 1620
 1133 1160
 1133 2465
 1133 1161
 1134 1163
 1134 2379
 1134 2465
 1135 1136
 1135 1164
 1135 1768
 1135 2472
 1135 2445
 1136 1165
 1136 2472
 1136 2438
 1137 1138
 1137 2369
 1137 1166
 1138 2369
 1138 1814
 1138 1769
 1139 2248
 1139 2322
 1139 1168
 1139 1769
 1140 1169
 1140 2322
 1140 2072
 1140 1170
 1141 1171
 1141 2055
 1141 1958
 1141 2072
 1142 1172
 1142 1173
 1142 1894
 1142 1143
 1143 1688
 1143 1144
 1143 1685
 1143 1173
 1144 1687
 1144 1685
 1145 1686
 1145 1176
 1146 1767
 1146 1176
 1148 1179
 1149 1181
 1150 2209
 1150 1181
 1151 1182
 1151 1183
 1151 1622
 1151 2345
 1152 1185
 1153 2262
 1153 2277
 1154 2277
 1154 1794
 1154 2486
 1154 1187
 1155 2404
 1155 1188
 1155 1816
 1155 2431
 1156 2431
 1156 2359
 1156 2481
 1157 2359
 1157 1191
 1158 2460
 1158 1159
 1158 2467
 1159 2462
 1159 1192
 1159 2397
 1160 2461
 1160 2408
 1160 1620
 1160 1192
 1161 1193
 1161 2408
 1162 1193
 1162 1194
 1163 2379
 1163 1195
 1163 1164
 1163 2505
 1164 2472
 1164 2480
 1164 2446
 1164 2487
 1165 2487
 1165 1196
 1165 2472
 1165 1197
 1165 2485
 1165 2438
 1166 2405
 1166 1197
 1166 2444
 1167 1621
 1167 1198
 1167 1769
 1168 1199
 1169 1200
 1170 1201
 1170 2072
 1170 1171
 1170 2147
 1171 2072
 1171 1172
 1171 1202
 1171 1958
 1172 1987
 1172 1958
 1172 1894
 1173 1894
 1173 1205
 1173 1204
 1175 1176
 1176 1238
 1176 1208
 1176 1849
 1177 1178
 1177 1902
 1177 1208
 1177 1901
 1177 1849
 1178 1902
 1178 1901
 1178 1179
 1178 2001
 1179 1209
 1179 2001
 1179 2077
 1179 1997
 1180 1210
 1180 1181
 1180 2210
 1180 2077
 1182 2260
 1182 1211
 1182 1622
 1182 2209
 1183 1622
 1183 1184
 1183 1213
 1183 1212
 1183 2345
 1184 1215
 1184 1185
 1184 2358
 1184 2345
 1185 2358
 1185 2262
 1185 1215
 1186 2261
 1186 1187
 1186 2268
 1186 2277
 1187 1794
 1187 2277
 1188 1816
 1188 1218
 1188 1189
 1188 1772
 1189 2367
 1189 2431
 1189 1218
 1189 2359
 1190 1220
 1190 1191
 1190 2359
 1191 2397
 1191 1220
 1191 2467
 1192 1222
 1192 2380
 1192 2408
 1192 2461
 1193 1223
 1193 1224
 1194 1773
 1194 1195
 1194 1795
 1194 2329
 1194 2379
 1195 2350
 1195 1773
 1196 2480
 1196 2485
 1196 1227
 1196 1197
 1197 1228
 1197 2405
 1198 1229
 1198 2405
 1198 2368
 1199 2248
 1199 1621
 1199 1200
 1200 2330
 1200 1817
 1200 2289
 1200 1230
 1201 1231
 1202 1987
 1203 1894
 1204 1235
 1204 1205
 1204 1895
 1204 1894
 1205 1235
 1205 1206
 1205 1688
 1206 1727
 1207 1238
 1208 1849
 1208 1239
 1209 1241
 1209 1210
 1209 2077
 1210 1242
 1210 2107
 1210 2077
 1210 2210
 1211 2209
 1211 1243
 1211 1622
 1211 2298
 1211 2210
 1212 2317
 1212 1213
 1212 1622
 1213 2211
 1213 2317
 1214 2211
 1214 1245
 1214 1215
 1215 1819
 1215 1777
 1215 1247
 1215 2262
 1216 1247
 1216 1217
 1217 2268
 1217 1279
 1217 1249
 1218 1250
 1218 2288
 1218 2367
 1219 2515
 1219 2359
 1219 2367
 1219 2292
 1220 2331
 1220 1252
 1220 2337
 1221 1253
 1221 2397
 1221 1222
 1221 2337
 1222 2397
 1222 1223
 1222 1254
 1222 2380
 1223 1224
 1223 2425
 1223 2380
 1223 1254
 1224 1255
 1224 2427
 1224 2329
 1225 1256
 1225 2329
 1225 2338
 1226 2361
 1226 2350
 1226 1773
 1227 2350
 1227 1228
 1227 1259
 1227 1258
 1228 2405
 1228 1259
 1228 1775
 1228 1818
 1229 1260
 1229 1818
 1229 2289
 1229 1621
 1230 1261
 1230 1262
 1230 2289
 1231 1232
 1231 1817
 1231 2123
 1232 2123
 1232 1264
 1232 1988
 1232 2026
 1233 1988
 1233 1266
 1233 1265
 1233 1888
 1233 1895
 1233 1264
 1234 1776
 1235 1776
 1235 1236
 1235 1267
 1237 1238
 1237 1728
 1238 1689
 1238 1239
 1239 1903
 1239 1778
 1239 1240
 1239 1689
 1240 1778
 1240 1902
 1241 2073
 1241 1272
 1242 2210
 1242 1274
 1242 1273
 1243 2298
 1243 1244
 1243 1274
 1244 1275
 1244 1274
 1245 1276
 1245 1246
 1245 2211
 1246 1819
 1247 2262
 1247 1278
 1248 1279
 1248 1278
 1249 2253
 1249 1281
 1249 1250
 1249 1280
 1250 2367
 1250 2288
 1250 1281
 1251 1624
 1252 2292
 1252 1283
 1252 2331
 1252 1624
 1253 2331
 1253 1254
 1253 1625
 1254 1625
 1254 2270
 1255 2290
 1255 2338
 1256 2241
 1256 1286
 1256 1795
 1256 1774
 1257 1796
 1257 1286
 1258 2360
 1258 1820
 1258 1780
 1258 1288
 1258 1259
 1258 1289
 1259 1290
 1259 1775
 1259 2360
 1260 1292
 1260 1818
 1260 2280
 1260 2289
 1260 2348
 1261 2289
 1261 1292
 1262 1293
 1262 1817
 1263 1294
 1264 1295
 1264 1988
 1265 1296
 1266 1776
 1266 1296
 1267 1690
 1267 1268
 1267 1776
 1268 1690
 1270 1300
 1270 1301
 1271 2080
 1271 1302
 1271 1272
 1271 1778
 1272 2073
 1272 2080
 1272 2001
 1273 1303
 1273 1335
 1273 1274
 1273 1304
 1273 2107
 1274 2192
 1274 1305
 1274 1304
 1275 2192
 1275 1306
 1275 1276
 1275 1307
 1275 2317
 1275 2211
 1276 1307
 1276 1277
 1277 1821
 1278 1309
 1278 2162
 1278 1777
 1279 2162
 1279 1311
 1280 1312
 1280 1281
 1280 1311
 1281 2178
 1281 1282
 1281 2515
 1282 1313
 1282 2515
 1283 1625
 1283 1624
 1283 1315
 1283 2198
 1284 1316
 1284 2185
 1284 2290
 1285 1318
 1285 1317
 1286 2241
 1286 1774
 1286 2197
 1287 2197
 1287 1796
 1288 1780
 1288 1289
 1288 1320
 1289 1321
 1289 1290
 1290 2360
 1290 2348
 1290 1321
 1291 2280
 1291 1836
 1291 1321
 1292 2280
 1292 1324
 1292 2231
 1292 1323
 1293 2231
 1293 2119
 1293 1325
 1293 1326
 1294 2120
 1294 2067
 1294 1327
 1294 1326
 1294 2026
 1295 2026
 1295 1781
 1296 1328
 1296 1781
 1296 1776
 1297 1847
 1297 1776
 1297 1329
 1299 1691
 1299 1300
 1300 1692
 1300 1689
 1300 1332
 1300 1331
 1300 1301
 1301 1883
 1301 1778
 1302 1778
 1302 1334
 1302 1333
 1303 1782
 1303 1335
 1303 2073
 1304 1305
 1304 1336
 1304 1335
 1305 2171
 1305 1337
 1306 2163
 1306 1307
 1306 1338
 1307 1623
 1307 1339
 1307 1338
 1308 1340
 1308 1309
 1308 1339
 1309 1310
 1309 1821
 1309 1340
 1309 1777
 1309 1623
 1310 2045
 1310 1342
 1311 1343
 1311 2128
 1311 1312
 1312 2178
 1312 1343
 1313 1344
 1313 2129
 1313 2178
 1314 2198
 1314 1345
 1314 1315
 1315 1347
 1315 1346
 1315 1316
 1316 2270
 1316 2186
 1316 1347
 1316 1625
 1317 2290
 1317 2185
 1317 2158
 1317 2240
 1318 2197
 1318 1350
 1318 2193
 1318 1349
 1318 2241
 1319 2255
 1319 2263
 1319 2193
 1320 2318
 1320 2263
 1320 1353
 1320 1352
 1320 1779
 1320 1780
 1321 1836
 1321 1354
 1322 2214
 1322 2280
 1322 1323
 1322 2254
 1323 1324
 1323 1356
 1323 2280
 1324 1356
 1324 1325
 1324 2231
 1325 1357
 1325 1326
 1325 1356
 1326 2068
 1326 1357
 1326 2067
 1327 1386
 1327 1358
 1327 1781
 1328 1947
 1328 1781
 1328 1847
 1328 1358
 1329 1330
 1329 1690
 1330 1690
 1331 1692
 1332 1361
 1332 1693
 1333 1363
 1333 1626
 1333 1334
 1334 2073
 1334 1364
 1334 2080
 1335 1782
 1335 1364
 1335 1336
 1336 1365
 1336 1337
 1337 2212
 1337 1365
 1337 1783
 1338 1367
 1338 1368
 1338 1783
 1338 1339
 1339 1397
 1339 2063
 1339 1368
 1340 2027
 1340 2063
 1340 2045
 1341 2011
 1341 2020
 1341 2045
 1342 2096
 1342 2020
 1342 2128
 1342 1371
 1343 2128
 1343 1372
 1343 2178
 1344 2078
 1344 1372
 1345 2060
 1345 2129
 1345 1374
 1345 1346
 1346 2130
 1346 1374
 1347 2186
 1347 1376
 1347 2141
 1348 2083
 1348 2185
 1348 2186
 1348 2141
 1349 2095
 1349 1378
 1349 1350
 1349 2158
 1350 1351
 1350 2193
 1351 1379
 1352 1353
 1352 1380
 1352 1379
 1352 2263
 1353 2333
 1353 2324
 1354 2172
 1354 1381
 1354 2214
 1354 1836
 1354 2318
 1355 1382
 1355 1383
 1355 1356
 1356 1383
 1357 2121
 1357 2068
 1357 1385
 1358 1994
 1358 1386
 1358 1781
 1359 1847
 1360 1693
 1361 1693
 1361 1362
 1361 1391
 1362 1854
 1362 1363
 1362 1883
 1362 1391
 1363 1965
 1363 1883
 1364 1965
 1364 1626
 1364 1394
 1364 1393
 1364 2046
 1364 1782
 1365 1998
 1365 2212
 1366 1367
 1366 2232
 1367 2233
 1367 1999
 1367 1368
 1368 1397
 1369 2027
 1369 1397
 1370 2031
 1370 1399
 1370 2011
 1371 1399
 1371 1429
 1372 2096
 1372 1401
 1372 2079
 1372 1400
 1372 2178
 1373 1784
 1373 2060
 1373 2035
 1374 1784
 1374 2060
 1374 1375
 1374 2056
 1374 2130
 1375 2188
 1376 2130
 1376 2141
 1376 2110
 1376 2188
 1376 1404
 1377 2084
 1377 2089
 1377 1405
 1378 2084
 1378 2049
 1378 2089
 1378 1379
 1379 1408
 1379 1380
 1379 1409
 1379 2255
 1380 2172
 1380 1410
 1380 2499
 1381 2172
 1381 1411
 1381 2214
 1381 1382
 1382 2214
 1382 2111
 1382 1411
 1383 1412
 1383 1786
 1383 2121
 1384 1385
 1384 1786
 1385 2068
 1385 1414
 1385 2061
 1385 1386
 1386 2068
 1386 1416
 1386 1415
 1387 1909
 1387 1834
 1387 1388
 1387 1847
 1388 1389
 1388 1695
 1388 1417
 1388 1847
 1389 1695
 1390 1693
 1390 1694
 1391 1854
 1391 1420
 1391 1694
 1391 1693
 1392 1421
 1392 1854
 1393 1394
 1393 1422
 1393 1965
 1394 1998
 1395 1423
 1395 2232
 1395 1424
 1395 1998
 1395 2212
 1396 1425
 1396 1999
 1397 1999
 1397 1974
 1397 1426
 1397 1427
 1398 2030
 1398 1975
 1398 1918
 1398 1427
 1399 2020
 1399 1918
 1399 1429
 1399 1919
 1400 1430
 1400 1982
 1400 1401
 1400 1429
 1400 2096
 1401 1430
 1401 1431
 1402 1432
 1402 1784
 1403 2188
 1403 1822
 1403 1784
 1403 1788
 1403 1434
 1404 1435
 1404 1405
 1404 2110
 1405 1406
 1405 1435
 1405 2083
 1406 1437
 1406 2003
 1406 1436
 1407 2003
 1407 2012
 1407 1408
 1407 1438
 1408 1409
 1408 1785
 1408 2012
 1409 1785
 1409 1410
 1410 2097
 1410 1439
 1411 2125
 1411 2097
 1411 1627
 1412 1786
 1412 2124
 1412 1442
 1413 2065
 1413 1786
 1414 2061
 1414 1415
 1414 1444
 1415 1416
 1415 1444
 1416 1920
 1416 1947
 1416 1445
 1416 1994
 1417 1446
 1417 1447
 1420 1450
 1421 1453
 1421 1422
 1421 1965
 1421 1452
 1422 1968
 1422 1453
 1422 1965
 1423 1486
 1423 1455
 1423 1424
 1423 1456
 1423 1930
 1423 1968
 1424 2232
 1424 1456
 1424 1941
 1425 1910
 1425 1941
 1425 1426
 1426 1427
 1426 1904
 1427 1904
 1427 1884
 1427 1458
 1427 1974
 1428 1919
 1428 1884
 1429 1461
 1429 1982
 1430 1982
 1430 1787
 1430 1431
 1431 1432
 1431 1787
 1431 1462
 1432 2035
 1432 1433
 1432 1462
 1432 1463
 1433 1822
 1434 1926
 1434 1435
 1434 2188
 1434 1788
 1435 2188
 1435 1436
 1436 1926
 1436 1466
 1436 1925
 1437 1927
 1437 1925
 1438 2012
 1438 1927
 1438 1469
 1439 1470
 1439 1471
 1439 2050
 1439 1785
 1440 1471
 1440 1441
 1440 1627
 1441 1942
 1441 1442
 1441 1473
 1442 1443
 1442 1473
 1442 1786
 1442 2124
 1443 1959
 1444 1948
 1444 1445
 1444 2065
 1444 1475
 1444 2061
 1445 1911
 1445 1476
 1446 1834
 1446 1791
 1446 1920
 1446 1477
 1447 1695
 1447 1448
 1447 1478
 1448 1478
 1448 1697
 1449 1698
 1449 1696
 1449 1450
 1450 1481
 1450 1696
 1450 1699
 1450 1451
 1451 1482
 1451 1452
 1451 1481
 1451 1854
 1452 1483
 1452 1453
 1452 1854
 1453 1930
 1453 1483
 1454 1485
 1454 1855
 1455 1486
 1455 1485
 1456 2164
 1456 1487
 1456 1486
 1457 1489
 1457 1904
 1457 1910
 1458 1489
 1458 1490
 1458 1904
 1459 1919
 1459 1492
 1460 1493
 1460 1492
 1461 1919
 1461 1787
 1461 1493
 1462 1495
 1462 1463
 1462 1787
 1463 1497
 1463 1496
 1464 1823
 1465 1926
 1465 1789
 1465 1885
 1465 1498
 1466 1500
 1466 1467
 1466 1885
 1466 1926
 1467 1468
 1467 1925
 1468 1850
 1469 2012
 1469 1503
 1469 1502
 1470 1825
 1470 1628
 1470 1471
 1470 1790
 1471 2050
 1471 1628
 1471 1942
 1472 1505
 1472 1506
 1472 1473
 1472 1942
 1473 1629
 1473 1506
 1474 1629
 1474 1508
 1475 1948
 1475 1959
 1475 1962
 1475 1508
 1475 2065
 1476 1509
 1476 1948
 1476 1911
 1476 1539
 1477 1911
 1477 1510
 1477 1791
 1477 1848
 1477 1920
 1478 1512
 1478 1479
 1478 1791
 1481 1709
 1481 1700
 1481 1482
 1481 1515
 1482 1516
 1482 1483
 1483 1517
 1483 1516
 1483 1855
 1484 1518
 1484 1517
 1485 1840
 1485 1518
 1485 1486
 1486 1487
 1487 1840
 1487 1488
 1487 2164
 1488 1520
 1488 1519
 1489 1856
 1489 1712
 1489 1490
 1489 1520
 1490 1522
 1490 1712
 1490 1884
 1491 1492
 1491 1522
 1491 1884
 1492 1523
 1493 1703
 1493 1524
 1493 1919
 1494 1862
 1494 1524
 1494 1525
 1494 1787
 1495 1787
 1495 1526
 1495 1496
 1495 1862
 1496 1497
 1497 1905
 1497 1526
 1498 1528
 1498 1499
 1498 1905
 1498 1789
 1499 1530
 1499 1500
 1500 1885
 1500 1530
 1500 1850
 1501 1531
 1501 1927
 1501 1530
 1502 1503
 1502 1531
 1502 1927
 1503 1792
 1503 1825
 1503 2012
 1504 1861
 1505 1628
 1505 1861
 1505 1846
 1506 1851
 1506 1846
 1506 1536
 1506 1629
 1507 1537
 1507 1508
 1507 1851
 1508 1962
 1508 1509
 1508 1959
 1509 1539
 1509 1537
 1510 1539
 1510 1540
 1511 1541
 1511 1540
 1511 1791
 1512 1791
 1512 1542
 1512 1513
 1512 1541
 1514 1709
 1515 1544
 1515 1546
 1515 1545
 1515 1700
 1516 1547
 1516 1700
 1516 1949
 1517 1710
 1517 1949
 1517 1701
 1517 1549
 1517 1855
 1518 1551
 1518 1701
 1518 1840
 1519 1711
 1519 1702
 1519 1553
 1519 1840
 1520 1555
 1520 1702
 1520 1521
 1520 1856
 1521 1556
 1522 1559
 1522 1558
 1522 1523
 1522 1712
 1523 1703
 1523 1559
 1524 1561
 1524 1562
 1524 1525
 1524 1703
 1525 1563
 1525 1562
 1526 1565
 1526 1704
 1526 1566
 1526 1527
 1527 1567
 1527 1566
 1528 1717
 1528 1905
 1528 1529
 1528 1568
 1529 1571
 1529 1569
 1529 1530
 1530 1705
 1530 1572
 1530 1571
 1531 1705
 1531 1532
 1531 1574
 1531 1927
 1532 1577
 1532 1576
 1532 1792
 1533 1577
 1533 1579
 1533 1861
 1533 1790
 1534 1535
 1534 1580
 1534 1719
 1534 1846
 1535 1581
 1535 1582
 1535 1536
 1536 1851
 1536 1706
 1536 1583
 1537 1706
 1537 1538
 1537 1585
 1538 1587
 1538 1539
 1538 1586
 1539 1848
 1539 1707
 1539 1588
 1540 1590
 1540 1721
 1540 1541
 1541 1591
 1541 1708
 1541 1590
 1541 1791
 1542 1708
 1544 1709
 1547 1700
 1547 1710
 1549 1701
 1551 1701
 1551 1711
 1553 1702
 1555 1702
 1556 1712
 1559 1713
 1561 1714
 1563 1715
 1565 1716
 1567 1717
 1572 1718
 1574 1705
 1577 1792
 1579 1861
 1581 1719
 1583 1706
 1585 1706
 1588 1720
 1589 1721
 1590 1721
 1593 1708
 1594 1641
 1595 1857
 1598 1729
 1599 2090
 1599 2069
 1601 2305
 1602 2490
 1602 2307
 1603 2426
 1604 2370
 1604 2221
 1604 2166
 1605 2500
 1610 2283
 1611 2402
 1611 2415
 1611 2311
 1613 1752
 1614 2503
 1615 2066
 1617 2316
 1617 2274
 1619 2462
 1619 2461
 1624 2198
 1625 2270
 1626 2002
 1627 2125
 1627 2050
 1627 2097
 1628 1861
 1629 1851
 1631 1632
 1631 1838
 1633 1641
 1634 1875
 1634 1635
 1635 1875
 1639 1722
 1642 1643
 1646 1647
 1647 1648
 1648 1649
 1649 1650
 1650 1652
 1651 1653
 1652 1900
 1653 1654
 1654 1723
 1655 1656
 1656 1658
 1657 1659
 1658 1660
 1660 1724
 1661 1662
 1662 1664
 1663 1870
 1664 1665
 1665 1666
 1666 1668
 1667 1725
 1669 1670
 1671 1672
 1672 1673
 1676 1842
 1677 1678
 1678 1679
 1680 1681
 1681 1682
 1683 1684
 1684 1686
 1685 1726
 1687 1688
 1688 1727
 1689 1728
 1689 1691
 1690 1776
 1693 1694
 1694 1696
 1695 1697
 1698 1699
 1699 1709
 1703 1713
 1703 1714
 1704 1862
 1704 1716
 1704 1715
 1705 1718
 1707 1720
 1715 1862
 1717 1905
 1729 1912
 1730 1863
 1732 1798
 1734 1799
 1737 2150
 1739 1801
 1739 2382
 1740 2244
 1740 2319
 1740 2310
 1741 1793
 1741 1742
 1741 2307
 1742 1793
 1743 1802
 1743 2310
 1744 2393
 1744 2346
 1745 1803
 1745 1869
 1746 2187
 1746 2276
 1747 1804
 1748 1805
 1748 1996
 1749 2352
 1749 1806
 1750 2054
 1750 2116
 1752 1755
 1752 1807
 1753 1808
 1755 1807
 1758 2249
 1758 2213
 1759 2419
 1759 2323
 1759 2416
 1761 2511
 1761 2457
 1762 2278
 1762 2336
 1762 2387
 1765 2196
 1765 1813
 1767 1901
 1768 2445
 1768 2512
 1769 1770
 1770 1814
 1770 1815
 1771 2277
 1772 2256
 1772 1794
 1772 1816
 1773 1774
 1773 1795
 1774 1795
 1775 1818
 1777 1819
 1777 1821
 1778 1883
 1779 1796
 1780 1820
 1780 1796
 1782 2073
 1784 2060
 1785 2012
 1786 2121
 1788 1789
 1788 1823
 1788 1822
 1789 1823
 1790 1792
 1790 1825
 1793 1824
 1794 2256
 1794 2486
 1796 2361
 1796 2263
 1796 1820
 1798 2167
 1800 2332
 1800 2237
 1801 2382
 1802 2310
 1802 2319
 1803 1869
 1805 1996
 1813 2208
 1813 2105
 1814 1815
 1815 2366
 1816 2486
 1816 2404
 1817 2119
 1817 2123
 1817 2147
 1818 2348
 1819 1821
 1820 2351
 1822 1823
 1823 1905
 1825 1969
 1825 2012
 1826 1827
 1829 1976
 1830 1873
 1830 1831
 1832 2304
 1833 1859
 1833 1908
 1835 2044
 1835 2039
 1836 2254
 1844 1896
 1845 1853
 1847 1947
 1852 1853
 1855 1930
 1856 2164
 1858 1864
 1858 1921
 1859 1906
 1860 1868
 1863 1866
 1865 1867
 1867 1989
 1871 1872
 1876 1887
 1877 1900
 1878 1956
 1881 1892
 1882 1936
 1883 1886
 1884 1975
 1887 1989
 1888 1895
 1890 1924
 1890 1896
 1899 1963
 1902 1903
 1902 2001
 1906 1907
 1906 1953
 1909 1947
 1909 1920
 1910 2164
 1911 1920
 1917 1958
 1921 1976
 1922 2041
 1923 1924
 1925 1928
 1927 1928
 1929 1932
 1935 1971
 1937 1945
 1937 1944
 1938 1939
 1939 1950
 1939 1944
 1941 2232
 1944 1950
 1944 1945
 1945 1951
 1945 1957
 1946 1983
 1948 1962
 1950 1951
 1954 1955
 1955 1956
 1955 1990
 1960 2018
 1963 2064
 1965 2002
 1967 2034
 1968 1998
 1973 1978
 1974 2030
 1979 1980
 1981 1983
 1984 2057
 1985 1995
 1987 1988
 1990 2166
 1991 1996
 1996 2029
 1998 2046
 1998 2212
 2003 2049
 2003 2089
 2004 2005
 2007 2015
 2009 2199
 2011 2027
 2011 2030
 2013 2014
 2015 2017
 2016 2021
 2024 2036
 2026 2123
 2027 2063
 2027 2030
 2028 2101
 2030 2031
 2034 2071
 2035 2079
 2038 2039
 2040 2230
 2040 2199
 2042 2069
 2047 2082
 2048 2057
 2052 2053
 2055 2059
 2061 2065
 2067 2068
 2073 2108
 2074 2199
 2074 2207
 2074 2118
 2075 2106
 2076 2077
 2078 2079
 2078 2129
 2078 2135
 2079 2136
 2081 2082
 2081 2489
 2082 2139
 2083 2084
 2083 2095
 2083 2110
 2085 2087
 2086 2131
 2090 2137
 2091 2200
 2091 2092
 2092 2093
 2093 2155
 2096 2128
 2097 2172
 2098 2113
 2099 2138
 2099 2114
 2102 2159
 2107 2108
 2109 2162
 2109 2128
 2110 2141
 2115 2375
 2115 2257
 2118 2207
 2119 2123
 2119 2120
 2122 2165
 2122 2151
 2124 2125
 2127 2224
 2127 2175
 2129 2198
 2132 2173
 2132 2167
 2135 2136
 2137 2179
 2141 2186
 2145 2146
 2148 2149
 2151 2227
 2153 2189
 2153 2181
 2154 2165
 2160 2225
 2160 2177
 2161 2183
 2163 2171
 2166 2221
 2169 2170
 2170 2226
 2171 2192
 2172 2499
 2174 2176
 2175 2179
 2176 2490
 2184 2206
 2190 2200
 2191 2218
 2191 2223
 2193 2197
 2195 2238
 2197 2241
 2199 2230
 2204 2205
 2206 2213
 2207 2219
 2209 2210
 2211 2317
 2217 2281
 2220 2265
 2221 2225
 2222 2223
 2228 2275
 2229 2246
 2232 2233
 2234 2235
 2235 2312
 2237 2334
 2237 2269
 2237 2281
 2238 2239
 2239 2252
 2240 2241
 2241 2338
 2242 2243
 2243 2244
 2245 2249
 2246 2328
 2247 2340
 2248 2330
 2253 2288
 2253 2256
 2256 2268
 2258 2418
 2259 2260
 2261 2262
 2264 2275
 2264 2300
 2269 2308
 2270 2290
 2270 2425
 2271 2272
 2276 2475
 2278 2279
 2280 2348
 2283 2302
 2285 2311
 2287 2297
 2290 2425
 2294 2295
 2297 2315
 2298 2317
 2300 2301
 2302 2381
 2309 2325
 2311 2335
 2316 2378
 2316 2358
 2318 2499
 2320 2458
 2321 2458
 2323 2419
 2324 2499
 2326 2327
 2332 2334
 2335 2352
 2336 2387
 2336 2377
 2338 2339
 2341 2342
 2342 2343
 2344 2374
 2345 2358
 2346 2347
 2349 2353
 2350 2351
 2350 2480
 2356 2488
 2356 2410
 2357 2396
 2363 2364
 2363 2381
 2368 2369
 2370 2375
 2371 2372
 2372 2373
 2376 2399
 2377 2484
 2380 2408
 2383 2432
 2385 2406
 2385 2386
 2387 2388
 2389 2392
 2392 2394
 2395 2435
 2399 2421
 2400 2409
 2402 2509
 2402 2415
 2403 2509
 2404 2501
 2404 2486
 2406 2409
 2409 2466
 2410 2412
 2411 2439
 2411 2423
 2414 2476
 2420 2426
 2422 2452
 2423 2491
 2425 2427
 2431 2482
 2434 2435
 2436 2492
 2436 2437
 2438 2444
 2441 2442
 2442 2443
 2445 2446
 2445 2505
 2447 2502
 2447 2448
 2448 2449
 2455 2456
 2455 2463
 2461 2462
 2463 2468
 2464 2498
 2464 2492
 2469 2503
 2470 2510
 2481 2482
 2483 2488
 2485 2487
 2495 2502
 2507 2508
 2511 2514
