    2   53
    4 1655
    4   54
    5   55
    6   55
    8   56
    8 1648
    9   57
    9   56
   10   57
   12 1656
   12   58
   13   59
   14 1740
   14   59
   16 1658
   16   60
   18 1658
   18   61
   19   62
   20 1649
   22 1855
   22   63
   22 1650
   23   64
   23 1855
   25 1651
   25   65
   25   64
   27 1659
   27   66
   28   67
   30 1660
   30 1661
   32 1662
   32 1661
   32   68
   34 1662
   34   69
   35   70
   36   70
   38   71
   39 1663
   39   72
   40   73
   41 1652
   41   73
   43   74
   43 1653
   44   74
   45   75
   45 1654
   46   76
   47   77
   47   76
   48 1851
   48   77
   49 1850
   49   78
   50   78
   51   78
   52   53
   53  112
   53   80
   53   54
   54   82
   54   81
   54 1655
   55 1887
   55 1863
   55   83
   55 1655
   55   84
   55 1648
   56   57
   56   86
   56 1863
   57   58
   58 1656
   58   86
   58   87
   59 1656
   59  117
   59   89
   59 1657
   59   88
   60   90
   60 1882
   60   89
   60 1657
   60 1658
   61   91
   61   62
   61   92
   61 1658
   62 1862
   62 1649
   62   92
   63 1862
   64 1855
   64   65
   64   94
   65 1659
   65  124
   65   95
   66   95
   66 1611
   66   96
   66   67
   66 1659
   67 1660
   68   98
   68   99
   68 1661
   69   70
   69   99
   69 1662
   70 1921
   70   71
   70  100
   71   72
   71 1921
   72  103
   72  102
   72 1663
   73  103
   73 1663
   73  104
   74 1865
   74 1654
   75  106
   75   76
   75  107
   75 1865
   76   77
   77 1922
   77  107
   78 1850
   78   79
   78  109
   80  112
   81  113
   81   82
   81  112
   82 1890
   82   83
   84 1748
   84  114
   84   85
   84 1887
   85 1863
   85   86
   86   87
   86  114
   87  116
   87 1881
   87 1656
   89 1945
   89 1853
   89 1882
   89  117
   90   91
   91  120
   91   92
   91  119
   92  121
   92 2077
   92  120
   93 1854
   93 1862
   94 1854
   94 1855
   95  125
   95 1611
   95  124
   96 1923
   96   97
   96 1660
   97 1955
   97   98
   97  126
   97 1661
   98 1898
   98   99
   98  127
   99  127
   99  100
  100  101
  100  128
  101 1921
  101  129
  101  130
  102  103
  103  132
  103  104
  103  131
  104  133
  104 1899
  105  133
  105 1899
  105 1865
  105 2139
  105  134
  105  106
  106  135
  106  107
  108  136
  108 1889
  108  109
  108 1850
  108 1922
  109 1889
  109  110
  109  137
  109 1850
  111  112
  111 1664
  112  140
  112 1665
  112  113
  113 1890
  113  171
  113  141
  113  140
  114 1957
  114  115
  114 1748
  114  143
  115 1612
  115 1881
  116 1881
  116  117
  116  146
  116 1612
  118  148
  118 1882
  118 1821
  118 1945
  119 1888
  119 1821
  120 2077
  120  149
  121 2077
  121 1862
  121  122
  122  123
  122  151
  122 1854
  123 1854
  123  151
  123  152
  124 1897
  124  154
  124  153
  124  152
  124 1913
  125 1989
  125  154
  125 1913
  125 1923
  126 1955
  126 1923
  126  156
  126  155
  127  128
  127 1955
  127 1977
  127  157
  128 2049
  128  129
  129  159
  129 2049
  129  130
  130 2140
  130  160
  130 2011
  130  159
  131 1921
  131  132
  132 1936
  132  161
  133 2139
  133 1936
  133 1747
  134 1967
  134  135
  135 1922
  136 1922
  136 1891
  136  166
  136 1614
  137  167
  140  170
  140 1666
  140  171
  141 1939
  141  172
  141  142
  141  171
  142 1890
  143 1998
  143 1748
  144 1957
  144 1612
  144  175
  144 1998
  145  146
  145 1612
  146 2002
  146 1996
  146 1613
  147  177
  147 1945
  147  148
  147 1853
  147 1996
  148 1821
  148  178
  148  177
  149 2077
  149  179
  149  150
  149 1749
  149  178
  150 2003
  150  180
  150  179
  150 2077
  151  181
  151 1959
  151 1616
  151  182
  151 2095
  151  152
  151 1997
  152  153
  153  182
  153  183
  155 1989
  155  156
  156 2141
  156  186
  156  185
  156  157
  157 1822
  157 1955
  158 1977
  158  187
  158 1822
  159 2124
  159 2140
  159  188
  160  190
  160  161
  160 1921
  161  162
  162 2026
  162 1747
  162  191
  163 2062
  163 2139
  163 2050
  163  192
  163 1615
  163 1747
  164 2139
  164 1751
  164 1967
  164  194
  165 1751
  165 1967
  165  195
  165  196
  165 1614
  165 1922
  166 1891
  166 1614
  166  196
  167  198
  167 1889
  167  168
  169 1665
  170 1856
  170  201
  171 1937
  171 1856
  172 2030
  172  202
  172  203
  172  173
  172 1939
  172 1748
  173 1998
  173 1748
  173  204
  173  203
  174 1998
  174 1756
  174  205
  174  175
  174  204
  175 1613
  175 2058
  175  205
  175 1612
  176 2058
  176 1752
  176 1996
  176  206
  176 1613
  177  207
  177  208
  177 1823
  177  178
  178  210
  178  179
  178  208
  178 1749
  179  211
  179  210
  180 1997
  181 1997
  181 1616
  181  211
  182  213
  182  183
  183  213
  183 1989
  184 1989
  184 2084
  184  216
  184  215
  185 2090
  185 2084
  186 1822
  186 2196
  186  218
  186 2141
  187  188
  187  220
  187  219
  188  220
  188 2049
  189 2124
  189  251
  189  222
  189 2021
  189 2140
  190  191
  190 2011
  191 2088
  191 2026
  191  223
  191 2021
  191 2063
  192 2026
  193  226
  193 2062
  193  225
  193  194
  193 2050
  194 1753
  194 1751
  194 1754
  194  226
  195  227
  195 1754
  195 1751
  195  259
  196 2015
  196  259
  196  228
  196 1614
  197 1900
  197  229
  197 1891
  198 1891
  198  229
  198  199
  200 1667
  200 1666
  201  232
  201 1666
  201 1668
  202 1939
  202  233
  203 2126
  203  234
  203  235
  203  204
  203 2030
  205  236
  205 1755
  205 1756
  206 2177
  206  238
  206  237
  206 2058
  207 1752
  207  238
  208  239
  208  209
  209  210
  209  240
  209  239
  210 2111
  210  240
  212  242
  212  243
  212 2095
  212 2116
  213  244
  213 2068
  214  215
  215 1617
  215  245
  215  216
  215 1989
  216 2176
  216  246
  216  245
  217 2175
  217 2141
  217 2084
  218 2203
  218  247
  218  248
  218 2141
  219 2196
  220 2210
  220  249
  220  221
  220 2124
  221 2124
  221  251
  221  250
  222  252
  222 2063
  223  254
  223 2088
  223  255
  223  224
  224 2112
  224 2062
  224  255
  224 2026
  225 2169
  225  256
  225  226
  225 2158
  226 2169
  226 1753
  227 1754
  227  257
  227  258
  227 1753
  228 1900
  228  260
  228  259
  229 1900
  229  230
  229  261
  230  261
  232 1670
  232 1856
  232  265
  232  264
  232 1937
  233 2031
  233  265
  233 2069
  233  266
  234  267
  234 2069
  235  268
  235  269
  235 1756
  235 2126
  236 1756
  236  270
  236 2177
  236  269
  237  238
  237  270
  237 2267
  237 2248
  238 2170
  239  240
  239 2170
  239  272
  240 2251
  240  274
  240  275
  241 1616
  241 2111
  242  277
  242 2164
  242  243
  243  277
  243  278
  243  244
  243 2095
  244 2068
  244 2153
  244 1617
  245  280
  245  246
  245 2153
  246 2165
  246  280
  246  281
  246 2175
  247  282
  247 2141
  247  248
  247 2165
  248  283
  248 2261
  248  282
  249 2159
  249  284
  250 2197
  250  251
  250  285
  250 2210
  251  252
  251 2219
  251 2197
  252 2219
  252  253
  252  286
  253 2088
  254 2088
  254  288
  254  255
  254  287
  255  288
  255 2158
  256 2260
  256  290
  256 2158
  256 2169
  257  291
  257 1753
  257  292
  257  258
  257 2169
  258  259
  258 2039
  259  260
  260 1900
  260  293
  261  295
  261 1671
  261  262
  262 1669
  263 1668
  264 1924
  264  265
  265  266
  265 1937
  266 1924
  266  301
  266 2069
  267  301
  267 2069
  267  302
  267 2126
  268  302
  268  303
  268  331
  268  269
  269  304
  269  303
  269  270
  270 2267
  271 2284
  271  305
  271  272
  271 2248
  271 2170
  272  273
  273 2284
  273 2251
  273 1824
  273  306
  274  307
  274 2251
  275 2154
  275 2111
  276 2113
  276 2154
  276 2116
  277  309
  277 2164
  277 1618
  277  310
  277  278
  278 2153
  278  279
  279 2285
  279  280
  279  311
  280  313
  280  281
  281  282
  282  315
  282 2261
  282  314
  283  284
  283 2203
  284 2261
  284 2210
  285 2197
  285  318
  285  317
  285 2210
  286  319
  286  287
  288  349
  288  319
  288  289
  289  321
  289  320
  289  290
  290 2158
  290 2260
  290  321
  291  323
  292  323
  293 1992
  294  325
  294 1900
  295 1900
  295  325
  297  298
  298 1673
  298  327
  298 1670
  299 1670
  299 1901
  299 1673
  299  328
  300  301
  300 2004
  300  329
  300 1924
  301 2069
  301 1999
  301  330
  301 2073
  302 2126
  302  331
  302 2107
  303 2204
  303  332
  303  304
  304 2267
  304  364
  304  333
  304  332
  305  333
  305  334
  305 2268
  305 2284
  306  336
  306 1824
  306  335
  306  334
  307 2249
  307 2257
  307 1757
  308  338
  308 2257
  308 2280
  308 2205
  308 2249
  309 2205
  310  372
  310  311
  310  341
  310 1618
  310  340
  311  341
  311  312
  312  373
  312 2285
  312  342
  312  341
  313 2285
  313  314
  313  343
  313  342
  314  344
  314  343
  314  315
  315  376
  315  345
  315  316
  315  344
  316 2253
  316 2261
  317 2269
  317  346
  317 2253
  317  318
  317 2210
  318  347
  318 2219
  318 2211
  319 2211
  320 2275
  320  350
  320  321
  320  349
  321 2260
  321  351
  321 2275
  322  352
  322 2149
  322  351
  322 2260
  323  353
  323 2039
  323  354
  323 2149
  324  354
  324  355
  324 1978
  324 1992
  324 2040
  325 1992
  325 1883
  325  356
  325  355
  325 1671
  326 1671
  328 1674
  328  359
  329  360
  330 2032
  331 2108
  331  362
  332  363
  332  364
  333 2267
  333  395
  333  365
  333  334
  333  364
  334  367
  334  335
  334  365
  334 2284
  335  397
  335  336
  336 1824
  336  368
  336  397
  337 2280
  337  369
  337  368
  337 2270
  338 2280
  338  370
  338  369
  338  339
  338 2205
  339  371
  339  340
  339 1618
  341  373
  341  372
  342 1758
  342 1825
  342  343
  342  373
  343 1758
  343  344
  343  374
  344  375
  344  374
  345  406
  345  346
  345  377
  345  376
  345 2253
  346  378
  346 2269
  347 2269
  347 2232
  347  379
  347  378
  348 2211
  348  349
  348 2232
  349  381
  349  380
  349  350
  350 2276
  350  381
  351  382
  351 2275
  351  352
  352 2193
  352 2149
  352 2192
  353 2149
  353  354
  353 2192
  353  384
  354 2040
  354  385
  354 2051
  355 1930
  355 1992
  356 1672
  356 1675
  356  357
  356 1883
  356  386
  357 1741
  357 1675
  358 1674
  359 1676
  359  389
  359  390
  359 1901
  360 2032
  360 1979
  360  391
  360 1999
  360  390
  361 2166
  361  391
  361  392
  361 2108
  361 2032
  362  393
  362 2166
  362 2206
  363 2224
  363 2204
  363 1619
  363  394
  363  364
  365  396
  365  395
  367  396
  367  397
  368  398
  368  369
  368 2270
  369  370
  369  398
  369  399
  370  400
  370  399
  370  371
  371  402
  371  401
  371  372
  371  400
  372  402
  372  373
  373  402
  374  375
  374 1758
  375  405
  375  404
  376  405
  377  436
  377  407
  377  378
  377  406
  378  408
  378  379
  378  407
  379  409
  379  380
  379  408
  380 2232
  380  409
  380  381
  381 2277
  381  411
  381  410
  382  412
  383 2128
  383 2096
  383  384
  384 2051
  384 2192
  385  415
  385 1978
  385 1931
  385 2051
  385 2005
  386  416
  388 1674
  388 1676
  389  390
  389 1676
  390 1979
  390 1892
  390  420
  390 1901
  391 2032
  391 2016
  391  392
  392 2166
  392  421
  393 2206
  393 2224
  393 2207
  393 2166
  393  423
  394  424
  394 1760
  394 1619
  395 1619
  395 1760
  395  396
  396  397
  396  426
  396  425
  397 1620
  397  426
  397  398
  398  428
  398  429
  398  399
  399  429
  399  400
  400  461
  400  431
  400  430
  402  431
  402  432
  402  403
  403 1825
  403  464
  403  433
  403 1758
  403  432
  404  465
  404  405
  404  433
  404 1758
  405  466
  405  406
  405  434
  406  436
  406  435
  407  438
  407  408
  407  436
  408  438
  408  409
  409  440
  409  439
  410  441
  410  411
  411 1759
  412  442
  412  413
  412 2277
  413 2186
  413 2181
  413 2128
  413  442
  414  444
  414 2051
  415  446
  416  446
  416 1932
  416 1893
  416 1857
  416 1675
  416  447
  417 1675
  419  450
  419 1676
  420  451
  422  453
  422 2166
  423 2187
  423  453
  424  455
  424 2224
  424 1816
  424 2233
  425  457
  425 1761
  425  426
  425 1760
  426  427
  426  457
  427  459
  427  490
  428 1620
  428  459
  429  491
  429  430
  429  459
  430  461
  430  460
  431  462
  431  463
  431  432
  431  461
  432  463
  433  464
  433 1758
  434  466
  434  465
  435  467
  435  436
  435  466
  436  499
  436  468
  436  467
  438  501
  438  469
  438  439
  438  468
  439  469
  439  470
  439  440
  440  471
  440  441
  440  470
  441  471
  441 1759
  442  472
  442 1759
  443 2128
  443  474
  443 2127
  444 2054
  444 2096
  444 2006
  444 2127
  445  476
  445 2054
  445  446
  445  477
  445 2006
  446 1932
  446 1893
  446  477
  447  448
  447  478
  447 1893
  447 1677
  449 1742
  449 1679
  449  450
  450  481
  450 1678
  450 1679
  450 1884
  451 1980
  451 1892
  451  481
  451  482
  452 2016
  452  483
  452 2195
  452 1981
  453 2195
  454 2233
  454  485
  454  517
  454  486
  454  455
  454 2187
  455  486
  456 1763
  456  457
  456  488
  456 1761
  457  488
  457  489
  458  490
  459  490
  460  492
  460  461
  460  491
  461  493
  461  492
  462  463
  463  494
  463  495
  464  496
  464  465
  465  497
  465  466
  465  496
  466 1622
  466  498
  466  497
  466  467
  467  498
  468  501
  468  500
  468  499
  469  534
  469  470
  469  501
  470  503
  470  504
  470  471
  471 1762
  471 1759
  471 1826
  471  504
  472 2220
  472  506
  472  473
  472 1759
  473 2186
  473  507
  473  474
  473 2220
  474  507
  474  475
  474 2127
  475  508
  475 2127
  475 2117
  476 2054
  476 2033
  476  509
  476  508
  477 1827
  477  509
  478  510
  478 1764
  478  479
  481 1902
  481 1884
  481 1680
  481  513
  482  514
  482 1902
  482 1981
  483 1981
  483  515
  483 1621
  484 1621
  484  547
  484 2254
  484  516
  485 2254
  485 2187
  485  548
  485  517
  485  516
  486 1848
  486  487
  486  518
  487 1761
  487 1816
  487  519
  487  518
  488  519
  488  552
  488  520
  488 1763
  489  521
  489  490
  489  520
  490  554
  490  521
  490  522
  491  492
  492  493
  492  523
  493  526
  493  525
  493  494
  493  524
  494  526
  494  495
  495  559
  495  528
  495  527
  495  496
  496  529
  496  497
  497  529
  498  562
  498  499
  498  531
  498 1622
  499  532
  499  531
  499  500
  500  533
  500  532
  501  534
  503  566
  503  535
  503  534
  504  535
  504  536
  504  505
  505  537
  505 1762
  506 2234
  506 1826
  506  537
  506 2220
  507 2231
  507 2220
  508 2117
  508 2033
  508  539
  508 2054
  509  540
  509 1827
  509 2033
  510  542
  510 1681
  510  543
  510  511
  510 1764
  512 1682
  512 1679
  513  545
  514 2042
  514 1981
  514  546
  515  547
  515 2042
  515 1621
  516 2142
  516  547
  516 2254
  517  579
  517  549
  518  549
  518  519
  518  550
  519 1763
  519  552
  519  550
  520  553
  520  552
  521  554
  522  583
  522  523
  522  555
  522  554
  524  557
  524  525
  524  556
  525  526
  526  557
  526  558
  527  559
  528  560
  528  529
  528  559
  529  561
  529  560
  529 1622
  531  532
  531  562
  532 1623
  532  533
  532  564
  533  565
  533  534
  533  564
  534  566
  534  565
  535  567
  535 1624
  535  536
  536  537
  537 1826
  537  596
  537  567
  537 1762
  538 2231
  538 2220
  538  569
  539 2043
  540  571
  541 2067
  541 1827
  543 1681
  545  575
  545 1680
  545 1683
  545 1902
  546 1902
  546  577
  546 2042
  546 1625
  546  576
  547  578
  547 2142
  547 2042
  548 2142
  548 2129
  548  579
  549 2217
  549  580
  550  580
  551  581
  551  552
  551  580
  552  553
  553  582
  553  581
  553  554
  554  582
  555  556
  555  583
  556  557
  556  584
  557  558
  557  585
  557  587
  558  588
  558  559
  559  589
  559  560
  560  590
  560  561
  561  562
  561  590
  562  591
  562  590
  562 1623
  563  622
  563  592
  564  565
  564  592
  565  566
  565  592
  566  594
  566  593
  567 1624
  567  626
  567  596
  567  595
  568 2255
  568 2234
  568  569
  568  597
  568  596
  569 2182
  569  597
  569 2119
  570 2182
  570  598
  570  599
  570 2043
  570 2119
  571  599
  571 2017
  571  600
  571 1946
  571 2043
  572 1946
  572 2067
  572 1681
  572 1894
  572  600
  574 1682
  575  604
  575  576
  575 1684
  576  604
  576  605
  576 1625
  576 1902
  577  606
  577  607
  578  608
  578 1626
  579  609
  580 1765
  580  581
  581  610
  581  582
  582  611
  583  612
  583  584
  584  614
  584  585
  584  613
  585  615
  585  614
  585  586
  586  616
  586  587
  587  617
  587  616
  587  588
  588  650
  588  618
  588  617
  588  589
  589  590
  590  620
  590  619
  590  621
  590  591
  591  622
  591  621
  591 1623
  592  624
  592  593
  592  622
  593  624
  593  594
  594  624
  594 1624
  595 1627
  595  626
  595  625
  596 2255
  596  627
  596  626
  596 2234
  597 2182
  597 2160
  597 2255
  598  629
  598 2182
  598 2160
  598  599
  599 2043
  599 2055
  600  631
  600 2017
  600  630
  600 1946
  601 1685
  601 1681
  601  633
  601  602
  601  632
  603 1683
  603 1686
  604 1684
  604 1686
  604  605
  605 1914
  605  636
  605 1948
  606 1914
  606 1948
  606  637
  606  638
  606  607
  607  608
  607  638
  607 1626
  608 2078
  608 1626
  608 2129
  608  639
  609  640
  609 2179
  609 1765
  609  639
  610 1765
  610  672
  610  641
  610  611
  610  640
  611  642
  611  612
  611  641
  612  643
  612  644
  612  642
  612  613
  613  645
  613  644
  613  614
  614  646
  614  615
  615  648
  615  647
  615  646
  615  616
  616  649
  616  648
  617  649
  618  681
  618  651
  618  619
  618  650
  619  620
  619  683
  620  683
  620  653
  620  621
  621  653
  621  622
  622  623
  622  655
  622  654
  623  624
  623  655
  624  625
  624  687
  625  688
  625 1627
  625  657
  625  658
  626  659
  627  659
  628  661
  628 2160
  629  662
  630 1829
  630  631
  631  632
  631 1894
  632 1876
  632  664
  632  663
  632 1894
  634  667
  635  667
  636 1868
  637 1990
  637  668
  638 1990
  639  670
  639 2079
  639 2129
  640 2225
  640  672
  640  671
  640 1765
  641  673
  641  703
  641  642
  641  672
  642  704
  642  674
  643  644
  643  674
  644  674
  644  675
  645  646
  645  675
  646  678
  646  647
  646  677
  647  678
  648  679
  648  649
  648  678
  649  680
  649  679
  650  681
  650  680
  651  682
  651  683
  651  681
  652  653
  653  685
  653  684
  654  655
  655  685
  656  686
  657  688
  657  687
  659 1627
  659  690
  659  660
  659  689
  660 2221
  660  690
  661  691
  661 2161
  661 1766
  661 1828
  661 2221
  662  692
  662 1828
  662 1767
  662 2055
  663  693
  664  694
  664  695
  664 1685
  664  665
  664 1876
  665 1743
  666  667
  667 1687
  667 1686
  667  697
  667 1868
  668  698
  668  699
  668 1914
  669  700
  669  699
  669 2034
  669 2079
  669 1990
  670  700
  670 2143
  670 2179
  671  701
  671 2179
  672  702
  672  703
  673  704
  673 1768
  673 1830
  673  703
  674  705
  674  675
  675  737
  675  706
  675  705
  676  706
  677  707
  677  678
  677  706
  678  679
  678  707
  679 1861
  679  708
  680  710
  680  681
  680 1861
  681  712
  681  711
  681  710
  682 1629
  682  683
  683  713
  683 1629
  683  684
  684  685
  685  686
  685  713
  686  715
  686  687
  686  716
  686  714
  687  718
  687  717
  687  716
  687  688
  688  689
  688  719
  689  719
  689  690
  689 1627
  690 2221
  690  749
  690  720
  690  719
  691 2198
  691 2221
  691 1766
  691 2250
  692 2018
  692 2059
  692 1828
  692  722
  692 1767
  693 1876
  693 1829
  693  724
  694  725
  697  728
  697  758
  697  729
  697 1868
  698 1920
  698  729
  698  699
  698 1868
  699  730
  699 1990
  699 2034
  699  729
  700  731
  700 2034
  700 2143
  700 1769
  701 2271
  701  732
  701 2225
  701  733
  701 2143
  702  734
  702 2272
  702  703
  702 2271
  703 1768
  703  734
  704  735
  704  705
  705  735
  705  737
  706  707
  706  738
  708  709
  708  738
  709  740
  709  739
  710 1861
  710  741
  711 1770
  711  742
  713  743
  713  744
  713  714
  713 1629
  714  715
  714  745
  714  744
  715  746
  715  745
  716  717
  717  718
  718  748
  718 1831
  718  719
  718  747
  719 1630
  719  749
  720  750
  720  749
  720 2250
  721  751
  721 1766
  722 1828
  722  751
  723  724
  723 1767
  724  755
  724 1958
  724 1877
  724  725
  724  754
  725 1869
  725  755
  725  726
  726  755
  727 1689
  727 1688
  727  728
  728 1687
  728 1688
  728  758
  729 1903
  729  759
  729 2007
  730 1971
  730 2007
  730  760
  731 2034
  731 1769
  731  760
  732 2194
  732 2143
  732  762
  733 2188
  733 2194
  733  763
  734  764
  734 2286
  734 1768
  735 1830
  735 1768
  735  736
  735  764
  736  765
  736 1628
  736  766
  736  737
  737  767
  737  738
  737  766
  738  768
  738  767
  738  739
  739  740
  740  741
  740  770
  740  768
  740 1861
  741 1770
  741  770
  741 1861
  742 1833
  742  771
  742  743
  742 1629
  743 1629
  743  744
  743 1833
  744  773
  744  772
  745  775
  745  773
  745  746
  746  776
  746  747
  747  776
  748 1831
  748 1771
  749  778
  749  750
  749 1630
  750 2198
  750 1832
  750  779
  751 1832
  751  780
  751  752
  751 1772
  752  781
  752  780
  752  753
  752 2059
  753 2018
  753  782
  753  754
  753  781
  754 1958
  754  782
  755 1958
  755  815
  755  756
  757 1690
  758 1915
  758  786
  760 2010
  760 2034
  761 2083
  762  790
  762 2114
  763 2272
  763  791
  763 2213
  764 1628
  764  792
  764 1768
  765  794
  765  766
  766  767
  766  796
  767  768
  767  797
  768 1775
  768  798
  768  769
  768  797
  769  831
  769  770
  769  798
  769  799
  770  799
  770  800
  770 1770
  771 1770
  771  802
  771  801
  772 1773
  772  773
  772  803
  772 1833
  773  803
  773  804
  774  805
  774  836
  774  775
  775  806
  775 1631
  775  776
  775  805
  776  806
  776 1831
  777  839
  777  809
  777 1630
  777 1774
  777  808
  777 1771
  778 1630
  778  810
  778  779
  778  809
  779 1772
  779  810
  779 1832
  780  813
  780 1772
  780  781
  780  812
  781  813
  781  782
  782 1895
  782  814
  782 1958
  783  815
  783 1895
  786  818
  786 1689
  786 1691
  787  819
  787 1903
  787  820
  787 2010
  787 1971
  787 1915
  788 2083
  788  820
  788  852
  788 2074
  789 2114
  789  821
  789 2167
  789 2080
  789 2074
  790 2188
  790 2167
  791  823
  791 2246
  791 2213
  791 2286
  791  824
  792  793
  792  825
  792 1628
  792 2286
  793  827
  793  826
  793  825
  793  794
  793 1628
  794  828
  794  795
  794  827
  796  829
  796  797
  796  828
  797 1775
  798  830
  799  832
  799 1852
  799  831
  800  832
  801 1834
  801 1770
  802 1833
  802 1834
  803  804
  803  834
  803 1773
  804  867
  804  835
  804  836
  806 1631
  806  869
  806  838
  806  837
  807 1774
  808  839
  808  838
  808 1774
  809  840
  809  839
  809 1630
  810  841
  810 2235
  811  812
  811  842
  811  841
  811 1772
  812 2044
  812 2097
  812  843
  813 2044
  813  845
  813  814
  814 1896
  814  845
  815  816
  815 1692
  815  846
  817 1691
  818  819
  818  850
  818  849
  819 1915
  819 1904
  819  850
  819  851
  819  820
  820  852
  820 2010
  820 2019
  820 1987
  821 2120
  821 2074
  821  853
  821  852
  821 2167
  822 2214
  822  853
  822 2244
  822  854
  822 2167
  823 2237
  824  856
  824 2286
  825  826
  825  856
  826 1778
  826  857
  827 1778
  827  859
  827  828
  828  859
  828  829
  829  860
  829  859
  829 1775
  830 1775
  830  831
  830  861
  832 1852
  832 1776
  832 1834
  833  864
  833 1833
  833  865
  833 1773
  833  834
  834  866
  834  865
  834 1773
  835  898
  835  897
  835  866
  836  868
  836 1631
  836  867
  837  899
  837  869
  837  868
  838  870
  838  839
  838  871
  838  869
  840  872
  840  871
  840 2235
  841  905
  841  873
  842  873
  843 2060
  843  875
  843 2048
  844  875
  844 1986
  845 1956
  845 1986
  845 1896
  846  877
  846 1693
  846  878
  846  847
  846 1895
  847 1692
  848 1694
  848  849
  849  850
  849 1694
  849 1691
  850 1904
  850 1694
  851  881
  852 2120
  852 2064
  853 2171
  853 2167
  853  854
  853 2120
  854 2244
  854  884
  854 1777
  855 2244
  855 1777
  855 2237
  855  885
  855  886
  855  856
  856  886
  856  857
  857  886
  858  859
  858  889
  858  888
  858 1778
  859  891
  859  889
  859  860
  860  893
  860  861
  860  891
  860 1775
  861  894
  861  893
  861 1775
  862  863
  862 1852
  863  895
  863  894
  863 1776
  863 1852
  864 1834
  864 1776
  864  865
  865  897
  865  896
  866  897
  867 1835
  867  868
  867  898
  868 1835
  868 1779
  868 1631
  869  900
  869  899
  870  902
  870  871
  870  900
  871  904
  871  902
  871  903
  871  872
  872 2236
  872  905
  872  904
  873 2172
  873  874
  873  905
  874  906
  874 2060
  874 2172
  875 2060
  875 1956
  875 1993
  876  877
  876  908
  876 1896
  876 1953
  877 1896
  877 1693
  877  909
  878 1693
  880  914
  880 1866
  881 1960
  881  915
  881  882
  881 2012
  881  914
  881 1987
  882 2064
  882 2019
  883 2120
  883  916
  883 2065
  884 1777
  884 2283
  884  917
  884 2278
  885 2283
  885 1777
  885  886
  885  919
  886  887
  886  919
  887 1778
  887  922
  887  920
  888  953
  888  923
  888  889
  888 1778
  890  954
  890  923
  890  924
  890  891
  892  956
  892  893
  892  924
  893  926
  893  894
  894  927
  894  926
  894  895
  895  959
  895  929
  895  896
  895 1776
  895  927
  896  897
  896  930
  896 1776
  897  931
  897  898
  898  932
  898  931
  899  900
  899 1780
  899 1779
  901  935
  901  934
  903  936
  903  904
  904  937
  904  938
  904  936
  905 2173
  905  938
  906  940
  906 2060
  906  939
  907 2060
  907 1632
  907  941
  908 1993
  908 1916
  908  942
  908  941
  909  943
  910 1693
  910  943
  911 1696
  911 1693
  912  913
  912 1694
  913 1694
  913  974
  914 1906
  914  946
  914 1904
  915  947
  915  948
  915 2065
  915 2012
  916 2065
  916  917
  916 2130
  916 2171
  917 2171
  917 2278
  917  949
  918  950
  918 1836
  918 2278
  918 2283
  919  951
  919  920
  919 1836
  920 1782
  920  921
  920  951
  921 1782
  921  922
  921  952
  922  952
  922 1778
  923  982
  923  954
  923  953
  924  955
  924  956
  924  954
  925  926
  926  986
  926  958
  926  957
  927  958
  928  958
  928  959
  929  989
  929  959
  930 1783
  930  960
  930  931
  931  961
  931 1783
  932  961
  932  962
  932 1835
  933 1779
  933  963
  933 1780
  933  962
  933 1835
  934 1780
  934  994
  934  935
  934  964
  934  963
  935  965
  935  964
  935  936
  936  966
  936  965
  936  937
  937  967
  937  966
  938 2212
  938  967
  939 2092
  939 2172
  940 1632
  941  969
  941 1993
  942 1905
  942  970
  943 1916
  943  971
  943 1695
  945  974
  946 1866
  946  974
  947 2012
  947 1006
  947  975
  947 1982
  947  948
  948 2065
  948 1006
  948 1859
  949 2130
  949 2131
  949 2144
  949 2183
  949 2278
  950 2183
  950  978
  951  979
  951 1781
  952  980
  952  953
  952 1782
  953  982
  953  981
  954  983
  954  982
  955  984
  956  957
  957  985
  957  986
  957  984
  958  959
  958  987
  958  986
  959  988
  960 1783
  960  990
  960  989
  961  962
  961  992
  962  993
  962  963
  962 1835
  963 1024
  963  994
  963 1780
  964  994
  965  995
  965  966
  966  996
  966  967
  966  995
  967 2239
  967  998
  967  997
  968  999
  968 2184
  968 2173
  968 2092
  968 2212
  968  998
  969 1632
  969 2036
  969 1000
  969  970
  969 2092
  969  999
  970 1001
  970 1940
  970 1000
  971 1905
  971 1002
  971 1698
  971 1696
  971  972
  971 1001
  972 1697
  973  974
  974 1034
  974 1004
  974 1906
  975 1982
  975 1960
  975 1004
  975 1005
  976 2035
  976 2070
  976 1006
  977 2131
  977 2100
  977 1008
  978 2279
  978 1009
  978 2238
  978 1836
  978 2145
  979 2279
  979  980
  979 1781
  979 1782
  980 1011
  980 1010
  980 1782
  981 1011
  981 1013
  981  982
  982  983
  983 1043
  983 1014
  983  984
  983 1015
  983 1013
  984 1016
  984  985
  985 1016
  986 1017
  986 1016
  986  987
  987 1018
  989 1048
  989 1019
  989  990
  989 1018
  990 1783
  990 1019
  991 1783
  991  992
  992 1633
  992 1023
  993 1023
  993 1024
  994 1025
  994  995
  995  996
  995 1025
  996 1056
  996 1027
  996 1026
  997 1027
  998 2184
  998 2239
  998 2212
  999 2184
  999 1029
  999 2132
  999 2092
 1000 1917
 1000 1940
 1000 2036
 1001 1031
 1001 1905
 1002 1699
 1004 1906
 1004 1867
 1004 1035
 1005 1969
 1005 1035
 1006 1982
 1006 1007
 1006 1961
 1007 1963
 1008 2070
 1009 2262
 1009 2199
 1009 2238
 1009 1039
 1010 1040
 1010 1041
 1010 1011
 1010 2279
 1011 1041
 1012 1013
 1012 1041
 1013 1043
 1013 1042
 1013 1074
 1014 1044
 1014 1043
 1015 1044
 1015 1045
 1015 1016
 1016 1017
 1016 1045
 1017 1047
 1017 1018
 1017 1046
 1018 1048
 1018 1047
 1019 1635
 1019 1049
 1019 1048
 1020 1021
 1020 1783
 1021 1081
 1021 1050
 1021 1049
 1021 1633
 1021 1783
 1022 1052
 1022 1023
 1022 1050
 1023 1024
 1024 1053
 1024 1784
 1024 1025
 1025 1085
 1025 1054
 1025 1026
 1025 1053
 1026 1056
 1026 1054
 1026 1055
 1027 1057
 1027 1056
 1028 1837
 1028 2184
 1029 1059
 1029 2045
 1029 1060
 1030 1061
 1031 1062
 1031 1700
 1031 1698
 1031 1940
 1032 1700
 1033 1701
 1033 1034
 1034 1065
 1034 1701
 1035 1969
 1035 1065
 1035 1066
 1037 2035
 1037 2230
 1037 2066
 1037 1963
 1037 1067
 1038 2259
 1038 2238
 1038 2263
 1039 1070
 1040 2262
 1040 1634
 1040 1071
 1040 1072
 1040 1041
 1041 1042
 1041 1073
 1041 1072
 1042 1073
 1042 1074
 1043 1075
 1044 1045
 1045 1107
 1045 1076
 1045 1077
 1046 1078
 1046 1047
 1047 1079
 1047 1048
 1048 1079
 1049 1081
 1049 1635
 1050 1082
 1050 1081
 1050 1633
 1051 1052
 1051 1082
 1052 1115
 1052 1784
 1053 1784
 1053 1084
 1054 1086
 1054 1117
 1054 1085
 1055 1086
 1056 1839
 1056 1087
 1056 1057
 1056 1086
 1057 1837
 1057 2226
 1057 2227
 1057 1087
 1058 2085
 1058 1089
 1058 1785
 1058 2132
 1058 1837
 1059 2132
 1059 2085
 1060 1061
 1060 2036
 1060 2045
 1061 1941
 1061 1091
 1061 1090
 1061 1938
 1061 2036
 1062 1092
 1062 1917
 1062 1093
 1062 1938
 1063 1093
 1065 1867
 1065 1096
 1065 1066
 1066 1975
 1066 1964
 1066 1787
 1066 1097
 1066 1786
 1066 1096
 1067 1786
 1067 1963
 1068 1099
 1068 1069
 1068 2101
 1068 2263
 1069 2263
 1069 2259
 1069 2200
 1069 1099
 1070 1100
 1070 1101
 1070 2200
 1070 1071
 1071 1133
 1072 1103
 1072 1073
 1073 1074
 1073 1103
 1074 1104
 1074 1105
 1074 1075
 1075 1106
 1075 1105
 1075 1076
 1076 1138
 1076 1107
 1077 1108
 1077 1078
 1077 1107
 1078 1109
 1078 1079
 1078 1108
 1079 1080
 1079 1110
 1079 1635
 1080 1081
 1080 1111
 1080 1112
 1080 1635
 1081 1112
 1081 1114
 1081 1082
 1082 1114
 1083 1788
 1083 1115
 1084 1085
 1084 1116
 1084 1115
 1084 1784
 1085 1116
 1085 1117
 1086 1839
 1086 1117
 1087 1119
 1087 1839
 1087 1790
 1088 1120
 1088 1150
 1088 1121
 1088 1785
 1089 2081
 1089 1121
 1090 1122
 1091 1123
 1091 1938
 1091 1941
 1092 1124
 1093 1094
 1093 1703
 1093 1700
 1093 1124
 1094 1744
 1095 1701
 1096 1787
 1096 1127
 1096 1701
 1096 1704
 1097 1128
 1097 1786
 1097 1129
 1098 2133
 1098 1786
 1098 2101
 1098 1130
 1098 2066
 1099 1131
 1099 2133
 1099 1100
 1100 2200
 1100 1101
 1100 1132
 1100 1131
 1100 1160
 1101 1132
 1102 1135
 1102 1134
 1102 1634
 1102 1133
 1103 1634
 1103 1104
 1104 1105
 1104 1135
 1105 1791
 1105 1137
 1105 1136
 1106 1138
 1107 1140
 1107 1108
 1107 1138
 1108 1140
 1109 1169
 1109 1141
 1109 1140
 1110 1636
 1110 1141
 1111 1112
 1112 1637
 1112 1142
 1113 1114
 1113 1144
 1114 1144
 1114 1788
 1115 1146
 1115 1116
 1116 1147
 1116 1177
 1116 1117
 1117 1147
 1118 1147
 1119 1790
 1119 1120
 1119 1149
 1120 2227
 1120 1180
 1120 1149
 1121 2098
 1122 1151
 1122 1983
 1122 2085
 1122 2045
 1123 1983
 1123 1124
 1124 1153
 1124 1152
 1126 1704
 1127 1155
 1127 1187
 1128 2023
 1128 1787
 1128 1129
 1128 1925
 1129 1130
 1129 1786
 1130 2102
 1130 2133
 1130 1158
 1130 1786
 1131 2133
 1131 1160
 1131 1159
 1132 1161
 1132 1133
 1133 1162
 1133 1134
 1133 1161
 1134 1135
 1135 1163
 1135 1162
 1135 1136
 1135 1634
 1136 1163
 1137 1138
 1137 1840
 1137 1791
 1138 1840
 1138 1139
 1139 1200
 1139 1140
 1139 1167
 1139 1166
 1140 1167
 1140 1169
 1141 1170
 1141 1169
 1142 1636
 1142 1171
 1142 1170
 1142 1637
 1143 1171
 1143 1173
 1143 1144
 1143 1172
 1143 1637
 1144 1205
 1144 1174
 1144 1788
 1144 1173
 1145 1788
 1145 1175
 1145 1146
 1145 1174
 1146 1177
 1146 1176
 1146 1175
 1147 1178
 1147 1177
 1148 1838
 1148 1789
 1148 1178
 1149 2281
 1149 1179
 1149 1789
 1149 1790
 1150 2174
 1150 2098
 1150 1181
 1150 1180
 1151 1182
 1151 2081
 1151 2098
 1152 1183
 1152 1184
 1152 1918
 1152 1153
 1153 1706
 1153 1154
 1153 1703
 1153 1184
 1154 1705
 1154 1703
 1155 1704
 1155 1187
 1156 1787
 1156 1873
 1156 1187
 1158 1190
 1159 1192
 1160 2240
 1160 1193
 1160 1192
 1161 1194
 1161 1639
 1161 1162
 1161 1193
 1162 1194
 1162 1195
 1162 1163
 1163 1196
 1163 1195
 1164 1197
 1164 1791
 1164 1196
 1165 1792
 1165 1198
 1165 1840
 1165 1197
 1165 1791
 1167 1231
 1167 1201
 1167 1200
 1168 1202
 1168 1169
 1169 1202
 1170 1233
 1170 1171
 1170 1636
 1171 1637
 1171 1203
 1171 1204
 1173 1204
 1173 1205
 1174 1206
 1174 1205
 1174 1788
 1175 1207
 1175 1176
 1176 1208
 1176 1207
 1177 1209
 1177 1178
 1178 1209
 1178 1638
 1178 1789
 1179 1210
 1179 1789
 1180 1211
 1181 1212
 1181 2098
 1181 1182
 1181 2174
 1182 2098
 1182 1183
 1182 1213
 1182 1983
 1183 2013
 1183 1983
 1183 1918
 1184 1216
 1184 1215
 1186 1187
 1187 1250
 1187 1219
 1188 1926
 1188 1219
 1188 1189
 1188 1925
 1188 1873
 1189 1925
 1189 1926
 1189 1190
 1189 1220
 1190 2027
 1190 1221
 1190 2103
 1190 1220
 1190 2023
 1191 1222
 1191 1192
 1191 2241
 1191 2103
 1193 1223
 1194 1639
 1194 1225
 1194 1226
 1194 1224
 1195 1226
 1195 1227
 1195 1196
 1196 1227
 1197 1198
 1197 1228
 1197 1791
 1198 1817
 1198 1792
 1199 1840
 1199 1230
 1199 1793
 1199 2287
 1199 1200
 1200 1230
 1201 1263
 1201 1202
 1201 1232
 1201 1231
 1202 1233
 1202 1232
 1203 1234
 1203 1235
 1203 1204
 1203 1233
 1204 1237
 1204 1236
 1204 1205
 1204 1235
 1205 1795
 1205 1206
 1205 1818
 1206 1795
 1206 1207
 1206 1238
 1207 1238
 1207 1208
 1208 1239
 1208 1209
 1209 1241
 1209 1842
 1209 1240
 1210 2281
 1210 1638
 1210 1242
 1210 2282
 1210 1241
 1211 2282
 1211 1841
 1211 1242
 1212 1243
 1213 2013
 1213 1244
 1214 1918
 1215 1247
 1215 1216
 1215 1919
 1215 1918
 1216 1247
 1216 1217
 1216 1706
 1217 1745
 1218 1250
 1219 1873
 1219 1251
 1220 2027
 1220 1926
 1221 1253
 1221 1222
 1221 2103
 1222 1254
 1222 2134
 1222 2103
 1222 2241
 1223 2240
 1223 1255
 1223 1639
 1223 1256
 1223 2241
 1224 1225
 1224 1256
 1225 1226
 1225 1256
 1226 2242
 1226 1257
 1226 1227
 1227 1843
 1227 1799
 1227 1259
 1227 1228
 1228 1229
 1228 1259
 1229 1291
 1229 1261
 1230 1261
 1230 1262
 1230 1231
 1231 1263
 1231 1262
 1232 1233
 1232 1263
 1233 1265
 1233 1264
 1235 1267
 1235 1266
 1236 1237
 1236 1267
 1237 2273
 1237 2274
 1237 1268
 1237 1267
 1238 1844
 1238 1239
 1238 1795
 1239 1844
 1239 1240
 1239 1271
 1240 1271
 1240 1797
 1240 1842
 1241 1242
 1241 1273
 1241 1638
 1242 1273
 1242 1274
 1243 1244
 1243 2150
 1243 1794
 1244 2150
 1244 2014
 1244 2052
 1245 2014
 1245 1278
 1245 1277
 1245 1912
 1245 1919
 1245 1276
 1246 1798
 1247 1248
 1247 1279
 1249 1250
 1249 1746
 1250 1707
 1250 1251
 1251 1927
 1251 1800
 1251 1252
 1251 1707
 1252 1926
 1252 1800
 1253 2099
 1253 1284
 1254 2241
 1254 1286
 1254 1285
 1255 1256
 1255 1286
 1256 1287
 1256 2242
 1256 1286
 1256 1639
 1257 1288
 1257 1258
 1257 2242
 1258 1843
 1259 1290
 1259 1799
 1260 1291
 1260 1290
 1261 2287
 1261 1293
 1261 1262
 1261 1292
 1262 1263
 1263 1641
 1263 1293
 1263 1264
 1264 1295
 1264 1265
 1264 1641
 1265 1642
 1265 1266
 1265 1296
 1265 1295
 1266 1297
 1266 1642
 1266 1267
 1267 1297
 1268 1299
 1268 1818
 1268 1796
 1269 1820
 1269 1796
 1269 1844
 1269 1299
 1269 1819
 1270 1802
 1270 1271
 1270 1302
 1271 1797
 1271 1302
 1272 1842
 1272 1304
 1272 1335
 1272 1273
 1272 1305
 1273 1305
 1274 1306
 1274 2264
 1274 1841
 1275 1307
 1275 2150
 1276 1308
 1276 2014
 1277 1309
 1278 1798
 1278 1309
 1279 1708
 1279 1280
 1279 1798
 1280 1708
 1282 1313
 1282 1314
 1283 2106
 1283 1315
 1283 1284
 1283 1800
 1284 2099
 1284 2106
 1284 2027
 1285 1316
 1285 1348
 1285 1286
 1285 1317
 1285 2134
 1286 2222
 1286 1318
 1286 1317
 1287 2222
 1287 1319
 1287 1288
 1287 1320
 1287 2242
 1288 1320
 1288 1289
 1289 1845
 1290 1322
 1290 2189
 1290 1799
 1291 2189
 1291 1324
 1292 1325
 1292 1293
 1292 1324
 1293 2208
 1293 1325
 1293 1294
 1294 2229
 1294 1641
 1294 1326
 1295 1641
 1295 1328
 1295 1296
 1295 2229
 1296 1642
 1297 1330
 1297 1642
 1297 2273
 1297 1329
 1298 1331
 1298 1330
 1299 2274
 1299 1300
 1299 1796
 1300 2228
 1300 1820
 1301 1802
 1301 1302
 1301 1333
 1302 1333
 1302 1334
 1303 1304
 1303 1797
 1304 1335
 1304 1860
 1304 1842
 1304 1334
 1304 1797
 1305 1336
 1305 1337
 1305 2264
 1305 1335
 1306 2146
 1306 1338
 1306 1339
 1307 2147
 1307 2093
 1307 1340
 1307 1339
 1307 2052
 1308 2052
 1308 1803
 1309 1341
 1309 1803
 1309 1798
 1310 1798
 1310 1871
 1310 1342
 1312 1709
 1312 1313
 1313 1710
 1313 1707
 1313 1345
 1313 1344
 1313 1314
 1314 1907
 1314 1800
 1315 1800
 1315 1347
 1315 1346
 1316 1804
 1316 1348
 1316 2099
 1317 1318
 1317 1349
 1317 1348
 1318 2201
 1318 1350
 1319 2190
 1319 1320
 1319 1351
 1320 1640
 1320 1352
 1320 1351
 1321 1353
 1321 1322
 1321 1352
 1322 1323
 1322 1845
 1322 1353
 1322 1640
 1323 2071
 1323 1355
 1324 1356
 1324 2155
 1324 1325
 1325 1356
 1326 1357
 1326 2156
 1326 2208
 1327 2229
 1327 1358
 1327 1359
 1327 1328
 1328 1360
 1328 1359
 1328 1329
 1329 2215
 1329 1360
 1329 1642
 1330 2215
 1330 2185
 1330 2273
 1331 2228
 1331 2185
 1331 1363
 1331 2223
 1331 2274
 1332 1801
 1332 2289
 1332 2223
 1332 2228
 1333 1367
 1333 1334
 1333 1365
 1333 1801
 1333 1802
 1334 1860
 1334 1367
 1335 2245
 1335 2288
 1335 1336
 1336 1337
 1336 1369
 1337 1369
 1337 1338
 1337 2264
 1338 1370
 1338 1339
 1338 1369
 1339 2094
 1339 1370
 1339 2147
 1340 1371
 1340 1372
 1340 1803
 1341 1972
 1341 1871
 1341 1803
 1341 1373
 1341 1372
 1342 1343
 1342 1708
 1343 1708
 1344 1710
 1345 1376
 1345 1711
 1346 1378
 1346 1643
 1346 1347
 1347 2099
 1347 1379
 1347 2106
 1348 1804
 1348 1379
 1348 1349
 1349 1380
 1349 1350
 1350 2243
 1350 1380
 1350 1805
 1351 1382
 1351 1383
 1351 1805
 1351 1352
 1352 1413
 1352 2089
 1352 1383
 1353 2053
 1353 2089
 1353 2071
 1354 2037
 1354 2046
 1354 2071
 1355 2122
 1355 2046
 1355 2155
 1355 1386
 1356 2155
 1356 1387
 1356 1388
 1356 2208
 1357 2104
 1357 1388
 1358 2086
 1358 2156
 1358 1390
 1358 1359
 1359 2157
 1360 2216
 1360 1392
 1360 2168
 1361 2215
 1361 2121
 1361 2168
 1362 2121
 1362 1394
 1362 1363
 1362 2185
 1363 1364
 1363 2223
 1364 1395
 1365 1366
 1365 1396
 1365 1395
 1365 1801
 1366 2202
 1366 1367
 1367 1397
 1367 2245
 1367 1860
 1368 1398
 1368 1399
 1368 1369
 1369 1399
 1370 2148
 1370 1401
 1370 2094
 1371 1402
 1371 2094
 1371 1372
 1372 2020
 1372 1803
 1373 1404
 1373 1403
 1373 1972
 1374 1871
 1375 1711
 1376 1711
 1376 1377
 1376 1407
 1377 1878
 1377 1378
 1377 1907
 1377 1407
 1378 1991
 1378 1907
 1379 1991
 1379 1643
 1379 1410
 1379 1409
 1379 2072
 1379 1804
 1380 2024
 1380 2243
 1381 1382
 1381 2265
 1381 1411
 1382 2266
 1382 2025
 1382 1383
 1383 1413
 1384 2053
 1384 1413
 1385 2057
 1385 1415
 1385 2037
 1386 1415
 1386 1416
 1386 1445
 1387 2122
 1387 1417
 1387 1388
 1388 2105
 1388 1417
 1388 2208
 1389 1806
 1389 2061
 1390 1806
 1390 2086
 1390 1391
 1390 2082
 1390 2157
 1391 2218
 1392 2157
 1392 2168
 1392 2137
 1392 2218
 1392 1420
 1393 2110
 1393 2115
 1393 1421
 1394 2110
 1394 2075
 1394 2115
 1394 1395
 1395 1424
 1395 1396
 1395 1425
 1395 2289
 1396 2202
 1396 1426
 1397 2202
 1397 1427
 1397 2245
 1397 1398
 1398 2245
 1398 2138
 1398 1427
 1399 1808
 1399 2148
 1399 2138
 1400 1401
 1400 1808
 1401 1430
 1401 2087
 1401 1402
 1401 2094
 1402 2094
 1402 1432
 1402 1431
 1403 1933
 1403 1858
 1403 1404
 1404 1405
 1404 1713
 1404 1433
 1404 1871
 1405 1713
 1406 1711
 1406 1712
 1407 1878
 1407 1436
 1407 1714
 1407 1711
 1408 1437
 1408 1878
 1409 1410
 1409 1438
 1409 1991
 1410 2024
 1411 1439
 1411 1440
 1411 2024
 1411 2243
 1412 1441
 1412 2025
 1413 2025
 1413 2000
 1413 1442
 1413 1443
 1414 2056
 1414 2001
 1414 1942
 1414 1443
 1415 2046
 1415 1942
 1415 1445
 1415 1943
 1416 1446
 1416 1417
 1416 1445
 1416 2122
 1417 1446
 1417 1447
 1418 1448
 1418 1806
 1419 2218
 1419 1846
 1419 1806
 1419 1810
 1419 1450
 1420 1421
 1420 2137
 1420 2218
 1421 1422
 1421 1451
 1421 2109
 1422 1453
 1422 2029
 1422 1452
 1423 2029
 1423 2038
 1423 1424
 1423 1454
 1424 1425
 1424 1807
 1424 2038
 1425 1807
 1425 1426
 1425 1644
 1426 2123
 1426 1644
 1427 2152
 1427 2123
 1427 1645
 1428 2138
 1428 1808
 1428 2151
 1429 2091
 1429 1808
 1430 2087
 1430 1431
 1430 1460
 1431 1461
 1431 1460
 1432 1944
 1432 1972
 1432 1461
 1432 2020
 1433 1462
 1433 1463
 1436 1466
 1437 1469
 1437 1438
 1437 1991
 1437 1468
 1438 1994
 1438 1469
 1438 1991
 1439 1503
 1439 1471
 1439 1440
 1439 1472
 1439 1954
 1439 1994
 1440 2265
 1440 1472
 1440 1965
 1441 1934
 1441 1965
 1441 1442
 1442 1443
 1442 1473
 1443 1928
 1443 1908
 1443 1474
 1443 2000
 1444 1943
 1444 1908
 1445 1477
 1445 2008
 1446 2008
 1446 1809
 1446 1447
 1447 1448
 1447 1809
 1447 2061
 1448 2061
 1448 1449
 1448 1478
 1448 1479
 1449 1846
 1450 1950
 1450 1451
 1450 2218
 1450 1810
 1451 2218
 1451 1452
 1452 1950
 1452 1482
 1452 1949
 1453 1951
 1453 1949
 1454 1951
 1454 2038
 1454 1485
 1455 1487
 1455 1488
 1455 1807
 1456 1488
 1456 1457
 1456 1645
 1457 1966
 1457 1458
 1457 1490
 1458 1459
 1458 1490
 1458 1808
 1458 2151
 1459 1984
 1460 1973
 1460 1461
 1460 2091
 1460 1492
 1460 2087
 1461 1935
 1461 1493
 1462 1858
 1462 1813
 1462 1944
 1462 1494
 1463 1713
 1463 1464
 1463 1495
 1464 1495
 1464 1715
 1465 1716
 1465 1714
 1465 1466
 1466 1498
 1466 1714
 1466 1717
 1466 1467
 1467 1499
 1467 1468
 1467 1498
 1467 1878
 1468 1500
 1468 1469
 1468 1878
 1469 1954
 1469 1500
 1470 1502
 1470 1879
 1471 1503
 1471 1502
 1472 2191
 1472 1504
 1472 1503
 1473 1506
 1473 1928
 1473 1934
 1474 1506
 1474 1507
 1474 1928
 1475 1943
 1475 1509
 1476 1510
 1476 1509
 1477 1943
 1477 1809
 1477 1510
 1478 1512
 1478 1479
 1478 1809
 1479 1514
 1479 1513
 1480 1847
 1481 1950
 1481 1811
 1481 1909
 1481 1515
 1482 1517
 1482 1483
 1482 1909
 1482 1950
 1483 1484
 1483 1949
 1484 1874
 1485 2038
 1485 1520
 1485 1486
 1485 1519
 1486 1849
 1486 2038
 1487 1849
 1487 1812
 1487 1646
 1487 1488
 1488 2076
 1488 1646
 1488 1966
 1488 1644
 1489 1522
 1489 1523
 1489 1490
 1489 1966
 1490 1647
 1490 1523
 1491 1647
 1491 1525
 1492 1973
 1492 1984
 1492 1988
 1492 1525
 1492 2091
 1493 1526
 1493 1973
 1493 1935
 1493 1556
 1494 1935
 1494 1527
 1494 1813
 1494 1872
 1494 1944
 1495 1529
 1495 1496
 1495 1813
 1498 1727
 1498 1718
 1498 1499
 1498 1532
 1499 1533
 1499 1500
 1500 1534
 1500 1533
 1500 1879
 1501 1535
 1501 1534
 1502 1864
 1502 1535
 1502 1503
 1503 1504
 1504 1864
 1504 1505
 1504 2191
 1505 1537
 1505 1536
 1506 1880
 1506 1730
 1506 1507
 1506 1537
 1507 1539
 1507 1730
 1507 1908
 1508 1509
 1508 1539
 1508 1908
 1509 1540
 1510 1721
 1510 1541
 1510 1943
 1511 1886
 1511 1541
 1511 1542
 1511 1809
 1512 1809
 1512 1543
 1512 1513
 1512 1886
 1513 1514
 1514 1929
 1514 1543
 1515 1545
 1515 1516
 1515 1929
 1515 1811
 1516 1547
 1516 1517
 1517 1909
 1517 1547
 1517 1874
 1518 1548
 1518 1951
 1518 1547
 1519 1520
 1519 1951
 1519 1548
 1520 1814
 1520 1849
 1521 1812
 1521 1885
 1522 1646
 1522 1885
 1522 1870
 1523 1875
 1523 1870
 1523 1553
 1523 1647
 1524 1554
 1524 1525
 1524 1875
 1525 1988
 1525 1526
 1525 1984
 1526 1556
 1526 1554
 1527 1556
 1527 1557
 1528 1558
 1528 1557
 1528 1813
 1529 1813
 1529 1559
 1529 1530
 1529 1558
 1531 1727
 1532 1561
 1532 1563
 1532 1562
 1532 1718
 1533 1564
 1533 1718
 1533 1974
 1534 1728
 1534 1974
 1534 1719
 1534 1566
 1534 1879
 1535 1568
 1535 1719
 1535 1864
 1536 1729
 1536 1720
 1536 1570
 1536 1864
 1537 1572
 1537 1720
 1537 1538
 1537 1880
 1538 1573
 1539 1576
 1539 1575
 1539 1540
 1539 1730
 1540 1721
 1540 1576
 1541 1578
 1541 1579
 1541 1542
 1541 1721
 1542 1580
 1542 1579
 1543 1582
 1543 1722
 1543 1583
 1543 1544
 1544 1584
 1544 1583
 1545 1735
 1545 1929
 1545 1546
 1545 1585
 1546 1588
 1546 1586
 1546 1547
 1547 1723
 1547 1589
 1547 1588
 1548 1723
 1548 1549
 1548 1591
 1548 1951
 1549 1594
 1549 1593
 1549 1814
 1550 1594
 1550 1596
 1550 1885
 1551 1552
 1551 1597
 1551 1737
 1551 1870
 1552 1598
 1552 1599
 1552 1553
 1553 1875
 1553 1724
 1553 1600
 1554 1724
 1554 1555
 1554 1602
 1555 1604
 1555 1556
 1555 1603
 1556 1872
 1556 1725
 1556 1605
 1557 1607
 1557 1739
 1557 1558
 1558 1608
 1558 1726
 1558 1607
 1558 1813
 1559 1726
 1561 1727
 1564 1718
 1564 1728
 1566 1719
 1568 1719
 1568 1729
 1570 1720
 1572 1720
 1573 1730
 1576 1731
 1578 1732
 1580 1733
 1582 1734
 1584 1735
 1589 1736
 1591 1723
 1594 1814
 1596 1885
 1598 1737
 1600 1724
 1602 1724
 1605 1738
 1607 1739
 1610 1726
 1615 1747
 1616 2116
 1616 2095
 1619 1760
 1621 2254
 1621 2195
 1630 1815
 1632 2092
 1643 2028
 1644 2076
 1645 2152
 1645 2076
 1645 2123
 1646 1885
 1647 1875
 1649 1650
 1649 1862
 1651 1659
 1652 1899
 1652 1653
 1653 1899
 1657 1740
 1660 1661
 1664 1665
 1665 1666
 1666 1667
 1667 1668
 1668 1670
 1669 1671
 1670 1924
 1671 1672
 1672 1741
 1673 1674
 1674 1676
 1675 1677
 1676 1678
 1678 1742
 1679 1680
 1680 1682
 1681 1894
 1682 1683
 1683 1684
 1684 1686
 1685 1743
 1687 1688
 1689 1690
 1690 1691
 1694 1866
 1695 1696
 1696 1697
 1698 1699
 1699 1700
 1701 1702
 1702 1704
 1703 1744
 1705 1706
 1706 1745
 1707 1746
 1707 1709
 1708 1798
 1711 1712
 1712 1714
 1713 1715
 1716 1717
 1717 1727
 1721 1731
 1721 1732
 1722 1886
 1722 1734
 1722 1733
 1723 1736
 1725 1738
 1725 1739
 1733 1886
 1735 1929
 1747 1936
 1748 1887
 1749 1821
 1750 1822
 1752 1823
 1755 2177
 1757 2270
 1757 1824
 1759 2277
 1759 1826
 1760 1816
 1760 1761
 1761 1763
 1764 1827
 1764 1893
 1765 2217
 1766 1828
 1767 1829
 1767 2022
 1769 2080
 1769 2143
 1771 1774
 1771 1815
 1772 1832
 1774 1831
 1777 2244
 1781 2279
 1785 1837
 1785 2226
 1787 1925
 1789 1790
 1790 1838
 1792 1817
 1793 2287
 1793 1840
 1793 1817
 1794 1841
 1794 2146
 1794 2150
 1795 1819
 1796 1818
 1798 1912
 1799 1843
 1799 1845
 1800 1907
 1801 1820
 1802 1844
 1802 1820
 1804 2099
 1806 2086
 1807 2038
 1808 2148
 1810 1811
 1810 1847
 1810 1846
 1811 1847
 1812 1814
 1812 1849
 1816 1848
 1817 2287
 1817 1840
 1818 1819
 1820 1844
 1822 2196
 1824 2270
 1824 2251
 1827 1893
 1829 2022
 1836 2279
 1837 2239
 1837 2226
 1838 1839
 1841 2146
 1841 2174
 1843 1845
 1846 1847
 1847 1929
 1849 1995
 1849 2038
 1850 1851
 1853 2002
 1854 1897
 1854 1855
 1857 1883
 1857 1932
 1859 2131
 1859 2070
 1859 2065
 1860 2288
 1868 1920
 1869 1877
 1876 1877
 1879 1954
 1880 2191
 1882 1888
 1882 1945
 1883 1930
 1884 1892
 1887 1890
 1889 1891
 1891 2015
 1895 1896
 1900 1911
 1901 1924
 1903 1915
 1905 1916
 1906 1960
 1907 1910
 1908 2001
 1911 2015
 1912 1919
 1914 1948
 1914 1920
 1917 1938
 1917 1940
 1918 1919
 1923 1989
 1926 1927
 1930 1931
 1930 1978
 1933 1972
 1933 1944
 1934 2191
 1935 1944
 1937 1939
 1941 1983
 1946 2067
 1947 1948
 1949 1952
 1951 1952
 1953 1956
 1961 1969
 1961 1982
 1961 1968
 1962 1970
 1962 1963
 1963 1975
 1963 1964
 1965 2265
 1968 1970
 1968 1985
 1968 1969
 1969 1976
 1969 1982
 1970 1975
 1971 2009
 1973 1988
 1975 1985
 1976 1985
 1979 1980
 1980 1981
 1980 2016
 1986 2044
 1989 2090
 1991 2028
 1994 2024
 1997 2003
 1999 2004
 2000 2056
 2005 2006
 2007 2009
 2010 2083
 2011 2021
 2013 2014
 2016 2195
 2017 2022
 2022 2055
 2024 2072
 2024 2243
 2029 2075
 2029 2115
 2030 2031
 2033 2041
 2035 2230
 2037 2053
 2037 2056
 2039 2040
 2041 2043
 2042 2047
 2044 2048
 2050 2062
 2053 2089
 2053 2056
 2054 2127
 2056 2057
 2060 2097
 2061 2105
 2064 2065
 2066 2263
 2066 2230
 2068 2095
 2073 2108
 2074 2083
 2078 2079
 2081 2085
 2086 2162
 2087 2091
 2093 2094
 2099 2135
 2100 2230
 2100 2145
 2101 2133
 2102 2103
 2104 2105
 2104 2156
 2104 2162
 2105 2163
 2107 2108
 2108 2166
 2109 2110
 2109 2121
 2109 2137
 2111 2113
 2112 2158
 2116 2164
 2117 2231
 2117 2118
 2118 2119
 2122 2155
 2123 2202
 2124 2140
 2125 2165
 2125 2141
 2125 2175
 2128 2186
 2130 2131
 2134 2135
 2136 2189
 2136 2155
 2137 2168
 2144 2145
 2145 2238
 2146 2150
 2146 2147
 2149 2192
 2149 2178
 2151 2152
 2154 2257
 2154 2205
 2159 2203
 2159 2196
 2160 2161
 2160 2182
 2162 2163
 2164 2209
 2168 2216
 2172 2173
 2175 2176
 2178 2260
 2180 2219
 2180 2211
 2181 2193
 2187 2258
 2187 2207
 2188 2213
 2188 2194
 2190 2201
 2192 2193
 2195 2254
 2199 2200
 2199 2247
 2200 2259
 2201 2222
 2204 2206
 2205 2209
 2206 2224
 2213 2214
 2215 2216
 2221 2250
 2221 2256
 2225 2271
 2226 2227
 2228 2274
 2230 2263
 2235 2236
 2237 2246
 2237 2244
 2238 2247
 2240 2241
 2247 2252
 2249 2270
 2254 2258
 2255 2256
 2262 2279
 2265 2266
 2267 2268
 2271 2272
 2272 2286
 2273 2274
 2275 2276
 2276 2277
 2281 2282
