    2   53
    4 1667
    4   54
    5   55
    6   55
    8   56
    8 1659
    9   57
    9   56
   10   57
   12 1668
   12   58
   13   59
   14 1752
   14   59
   16 1670
   16   60
   18 1670
   18   61
   19   62
   20 1660
   20   62
   22 1872
   22   63
   22 1661
   23 1872
   24   64
   25 1662
   25   65
   25   64
   27 1671
   27   66
   28   67
   30 1672
   30 1673
   32 1674
   32   68
   32 1663
   34 1674
   34   69
   35   70
   36   70
   38   71
   39 1675
   39   72
   40   73
   41 1664
   41   73
   43   74
   43 1665
   44   74
   45   75
   45 1666
   46   76
   47   77
   47   76
   48 1868
   48   77
   49 1867
   49   78
   50   78
   51   78
   52   53
   53  112
   53   80
   53   54
   54   82
   54   81
   54 1667
   55 1904
   55 1880
   55   83
   55 1667
   55   84
   55 1659
   56   57
   56   86
   56 1880
   57   58
   58 1668
   58   86
   58   87
   59 1668
   59  118
   59   89
   59 1669
   59   88
   60   90
   60   89
   60 1669
   60 1670
   61   91
   61   62
   61   92
   61 1670
   62 1879
   62   92
   63 1879
   64 1872
   64   65
   64   94
   65 1671
   65  125
   65   95
   66   95
   66 1619
   66   96
   66   67
   66 1671
   67 1672
   68 1663
   68   99
   68 1673
   68   98
   69   70
   69   99
   69 1674
   70 1938
   70   71
   70  100
   71   72
   71 1938
   72  103
   72  102
   72 1675
   73  103
   73 1675
   73  104
   74 1882
   74 1666
   75  106
   75   76
   75  107
   75 1882
   76   77
   77 1939
   77  107
   78 1867
   78   79
   78  109
   80  112
   81  113
   81   82
   81  112
   82 1907
   82   83
   84 1760
   84  114
   84   85
   84  115
   84 1904
   85 1880
   85   86
   86   87
   86  115
   87  117
   87 1898
   87 1668
   89 1963
   89 1870
   89 1899
   89  118
   90 1899
   90   91
   91  121
   91   92
   91  120
   92 1977
   92  122
   93 1871
   93 1879
   94 1871
   94 1872
   95  126
   95 1619
   95  125
   96 1940
   96   97
   96 1672
   97 1973
   97   98
   97 1673
   97  127
   98 1915
   98   99
   98  128
   99  128
   99  100
  100  101
  100  129
  101 1938
  101  130
  101  131
  102  103
  103  133
  103  104
  103  132
  104  134
  104 1916
  105  134
  105 1916
  105 1882
  105  135
  105  106
  106  136
  106  107
  108  137
  108 1906
  108  109
  108 1867
  108 1939
  109 1906
  109  110
  109  138
  109 1867
  111  112
  111 1676
  112  141
  112 1677
  112  113
  113 1907
  113  172
  113  142
  113  141
  114  143
  114 1760
  115 1975
  115  144
  115  116
  115 1760
  116 1620
  116 1898
  117 1898
  117  118
  117  147
  117 1620
  119  149
  119 1899
  119 1836
  119 1963
  120 1905
  120  121
  120 1836
  121 1977
  121  151
  121  150
  122 1879
  122  123
  123  124
  123  152
  123 1871
  124 1871
  124  152
  124  153
  125 1914
  125  155
  125  154
  125  153
  125 1930
  126 2008
  126  155
  126 1930
  126 1940
  127 1973
  127 1940
  127  157
  127  156
  128  129
  128 1973
  128 1995
  128  158
  129  130
  130  159
  130  131
  131  161
  131 2030
  131  160
  132 1938
  132  133
  133 1954
  133 1759
  133  162
  134 1954
  134  135
  134 1759
  135 1985
  135  136
  135  164
  136 1939
  137 1939
  137 1908
  137  167
  137 1622
  138  168
  141  171
  141 1678
  141  172
  142 1957
  142  173
  142  143
  142  172
  143 1907
  144 2017
  144 1760
  145 1975
  145 1620
  145  176
  145 2017
  146  147
  146 1620
  147 2021
  147 2015
  147 1621
  148  178
  148 1963
  148  149
  148 2021
  148 2015
  149 1836
  149  179
  149  178
  150  180
  150  151
  150 1761
  150  179
  151 2022
  151  181
  151  180
  152  182
  152 1977
  152 1625
  152  183
  152  153
  152 2016
  153  154
  154  183
  154  184
  156  185
  156 2008
  156  157
  157  187
  157  186
  157  158
  158 1837
  158 1973
  159 1762
  159 2003
  159  189
  159  188
  159  160
  160  190
  160  189
  160 2030
  161  191
  161  162
  161 1938
  162  163
  163 1759
  163  192
  164  194
  164  165
  164  193
  164 1623
  164 1759
  165 1763
  165  195
  165  194
  165 1985
  166 1763
  166 1985
  166  196
  166  197
  166 1622
  166 1939
  167 1622
  167 1928
  167 1908
  167  197
  168  199
  168 1906
  168  169
  170 1677
  171 1873
  171  202
  172 1955
  172 1873
  173  204
  173  174
  173 1624
  173 1957
  173 1760
  174 2017
  174 1760
  174  205
  174  204
  175 2017
  175 1768
  175  206
  175  176
  175  205
  176 1767
  176  206
  176 1621
  176 1620
  177  207
  177 1764
  177 2015
  177 1767
  177 1621
  178 2015
  178  208
  178  209
  178 1838
  178  179
  179  211
  179  180
  179  209
  179 1836
  179 1761
  180  212
  181 2016
  181  182
  182  212
  183  244
  183  214
  183  184
  183 1625
  183  213
  184  216
  184  214
  184  215
  184 2008
  185  186
  185  217
  185  216
  186  217
  186  187
  187 1837
  187  220
  187 1762
  187  219
  187  218
  188  189
  188  220
  188 1762
  189  222
  189  190
  190  252
  190  223
  190  222
  191 2030
  191  192
  191  223
  192  224
  192 1623
  192  223
  193  226
  193  225
  193  194
  193  224
  194  226
  194  195
  195 1763
  196  228
  196 1766
  196 1763
  196  260
  197  260
  197  229
  197 1622
  198 1917
  198  230
  198 1908
  199 1908
  199  230
  199  200
  201 1679
  201 1678
  202  233
  202 1678
  202 1680
  203 1957
  203  234
  203  235
  203  204
  203 1624
  204 1624
  204  236
  204  205
  205  236
  205 1768
  207 1767
  207 1764
  207  238
  208 1838
  208 1764
  208  273
  208  240
  208  239
  210  211
  210  241
  210  240
  211  212
  211  241
  211  242
  212 1625
  213  243
  213  244
  213  242
  214  215
  214  244
  215  216
  216 1626
  216  246
  216 2008
  217  247
  217  218
  217  246
  218  248
  218  247
  218  219
  219  284
  219  249
  219  220
  220  284
  220 1762
  221  251
  221  250
  222  252
  222  251
  223  224
  223  254
  223  252
  223 2030
  224  256
  224  225
  224  254
  224 1623
  225  226
  226  257
  226  256
  227  258
  227 1765
  228 1766
  228  258
  228  260
  228 1765
  229 1917
  229  261
  229  260
  230 1917
  230  231
  230  262
  231  262
  233 1682
  233 1873
  233  266
  233  265
  233 1955
  234  266
  234  268
  234  267
  234  235
  235  303
  235  269
  235  236
  236  270
  236 1768
  237 1768
  237 1767
  237  238
  237  270
  238  306
  238  272
  238  271
  238 1767
  239  272
  239 1764
  240 1839
  240  275
  240  274
  240  241
  240  273
  241  275
  241  242
  242  276
  242  277
  242  243
  242 1625
  243  244
  243  277
  244  278
  244  279
  245 1626
  246  281
  246  247
  246  280
  247  281
  247  248
  248  282
  249  316
  249  284
  249  283
  250  285
  250  286
  250  251
  250  284
  251  286
  252  287
  252  286
  253  287
  255  289
  255  256
  255  288
  256  289
  256  257
  257  323
  257  292
  257  258
  257  291
  258 1765
  258  292
  258  259
  259  294
  259  260
  260  294
  261  295
  261  294
  262  296
  262 1683
  262  263
  263 1681
  264 1680
  265 1941
  265  266
  266  267
  266 1955
  267 1941
  267  302
  267  268
  268  303
  268  302
  269  304
  269  332
  270  305
  270  271
  270 1768
  271  306
  271  305
  272  273
  273  307
  273  306
  275 1839
  275  308
  275 1769
  276  309
  276  277
  277  339
  277  310
  277  309
  278 1628
  278  311
  278  279
  279  311
  279  312
  279  280
  279 1626
  280  281
  280  312
  280 1626
  281  343
  281  313
  281  314
  282  283
  283  316
  283  315
  284  317
  284  316
  285  347
  285  286
  285  318
  286  319
  286  287
  287  320
  287  288
  287  319
  289  350
  289  321
  289  320
  289  290
  290  322
  290  321
  290  291
  291  323
  291  322
  292 1627
  292  324
  292  323
  293  294
  294 2011
  294  325
  294  324
  295  326
  295 1917
  296 1917
  296  326
  298  299
  299 1685
  299  328
  299 1682
  300 1682
  300 1918
  300 1685
  300  329
  301  302
  301 2023
  301  330
  301 1941
  302 2018
  302  331
  302  303
  303  332
  303  331
  304  333
  304  305
  304  332
  305  365
  305  306
  305  333
  306  335
  306  307
  307  337
  307 1839
  307  336
  307  335
  308  338
  308 1769
  308  309
  308  337
  309  339
  309  338
  310  339
  311  373
  311  342
  311 1628
  311  341
  312  342
  313  374
  313  342
  314  315
  314  344
  314  343
  315  345
  315  344
  315  316
  316  377
  316  346
  316  345
  317  347
  318  319
  319  320
  319  379
  319  347
  320  350
  320  349
  320  348
  321  322
  321  350
  322  352
  322  351
  323 1627
  323  352
  324  354
  324  355
  324  325
  324 1627
  325 1996
  325  355
  325 2011
  326 2011
  326 1900
  326  357
  326  356
  326 1683
  327 1683
  329 1686
  329  360
  330  361
  331  363
  331  332
  331  362
  332  364
  332  333
  333  365
  334  396
  334  366
  334  335
  334  365
  335  368
  335  336
  335  366
  336  398
  337 1839
  337  369
  337  338
  337  398
  337 1769
  338  369
  338  339
  338  370
  339  370
  339  371
  340  372
  340  341
  340 1628
  342  374
  342  373
  343 1770
  343 1840
  343  344
  343  374
  344 1770
  344  345
  344  375
  345  376
  345  375
  346  407
  346  347
  346  378
  346  377
  348  349
  348  380
  348  379
  349  350
  349  380
  350  382
  350  351
  351  383
  351  352
  353  383
  354 1627
  354  355
  354  384
  355 2024
  355  386
  355  385
  356 1948
  356 2011
  357 1684
  357 1687
  357  358
  357 1900
  357  387
  358 1753
  358 1687
  359 1686
  360 1688
  360  390
  360  391
  360 1918
  361 1997
  361  392
  361 2018
  361 1918
  362  363
  362  392
  362 2018
  363  393
  363  394
  363  364
  364 1629
  364  395
  364  394
  366  397
  366  396
  368  397
  368  398
  369  399
  369  370
  370  399
  370  400
  371  401
  371  400
  371  372
  372  403
  372  402
  372  373
  372  401
  373  403
  373  374
  374  403
  375  376
  375 1770
  376  406
  376  405
  377  406
  378  437
  378  408
  378  379
  378  407
  379  409
  379  380
  379  408
  380  410
  380  409
  381  410
  381  382
  382  411
  382  383
  383  413
  383  412
  383  384
  384  444
  384  415
  384  414
  384  385
  384  413
  384 1627
  385 2024
  386  416
  386 1996
  386 1949
  386 2024
  387  417
  389 1686
  389 1688
  390  420
  390  391
  391 1997
  391 1909
  391  421
  391 1918
  392  422
  392  393
  392 2018
  393  423
  393  422
  393  394
  394  425
  394  424
  394  395
  395 1772
  396 1629
  396 1772
  396  397
  397  398
  397  427
  397  426
  398 1630
  398  427
  398  399
  399  429
  399  430
  399  400
  400  430
  400  401
  401  462
  401  432
  401  431
  403  432
  403  433
  403  404
  404 1840
  404  465
  404  434
  404 1770
  404  433
  405  466
  405  406
  405  434
  405 1770
  406  467
  406  407
  406  435
  407  437
  407  436
  408  439
  408  409
  408  437
  409  439
  409  410
  410  441
  410  440
  411  442
  411  412
  412  413
  413 1771
  413  443
  414  443
  415  445
  415  444
  416  447
  417  447
  417 1950
  417 1910
  417 1874
  417 1687
  417  448
  418 1687
  420  451
  420 1688
  421  452
  422 1631
  422  454
  422  423
  422 1998
  422  453
  424  455
  424  425
  424  454
  425 1830
  425  455
  425  456
  426  458
  426 1773
  426  427
  426 1772
  427  428
  427  458
  428  460
  428  491
  429 1630
  429  460
  430  492
  430  431
  430  460
  431  462
  431  461
  432  463
  432  464
  432  433
  432  462
  433  464
  434  465
  434 1770
  435  467
  435  466
  436  468
  436  437
  436  467
  437  500
  437  469
  437  468
  439  502
  439  470
  439  440
  439  469
  440  470
  440  471
  440  441
  441  472
  441  442
  441  471
  442  472
  442 1771
  443  474
  443  444
  443 1771
  444  474
  444  445
  445 2024
  445  476
  445  475
  446  476
  446  477
  446  447
  446  478
  446 2025
  447 1949
  447 1950
  447  478
  448  449
  448  479
  448 1910
  448 1689
  450 1754
  450 1691
  450  451
  451  482
  451 1690
  451 1691
  451 1901
  452 1998
  452 1909
  452  482
  452  483
  453  484
  453 1631
  453 1999
  454  517
  454  486
  454  485
  454  455
  454 1631
  455  518
  455  487
  455  486
  456  487
  457 1775
  457  458
  457  489
  457 1773
  458  489
  458  490
  459  491
  460  491
  461  493
  461  462
  461  492
  462  494
  462  493
  463  464
  464  495
  464  496
  465  497
  465  466
  466  498
  466  467
  466  497
  467 1632
  467  499
  467  498
  467  468
  468  499
  469  502
  469  501
  469  500
  470  535
  470  471
  470  502
  471  504
  471  505
  471  472
  472 1774
  472 1771
  472 1841
  472  505
  473 1771
  474  508
  474  475
  474  507
  476 2025
  476  540
  476  508
  476  477
  477  510
  477  509
  478 1842
  478  510
  479  511
  479 1776
  479  480
  482 1919
  482 1901
  482 1692
  482  514
  483  515
  483 1919
  483 1999
  484  515
  484 1658
  484  516
  484 1631
  485  516
  485  548
  486  549
  486  518
  487 1863
  487  519
  487  518
  488 1773
  488 1830
  488  520
  488  519
  489  520
  489  553
  489  521
  489 1775
  490  522
  490  491
  490  521
  491  555
  491  522
  491  523
  492  493
  493  494
  493  524
  494  527
  494  526
  494  495
  494  525
  495  527
  495  496
  496  560
  496  529
  496  528
  496  497
  497  530
  497  498
  498  530
  499  563
  499  500
  499  532
  499 1632
  500  533
  500  532
  500  501
  501  534
  501  533
  502  535
  504  567
  504  536
  504  535
  505  536
  505  537
  505  506
  506  538
  506 1774
  507 1841
  507  538
  507  539
  507  508
  508  540
  508  539
  509  541
  509  510
  509  540
  510 1842
  510  541
  511  543
  511 1693
  511  544
  511  512
  511 1776
  513 1694
  513 1691
  514  546
  515 1999
  515  547
  516 1658
  516  547
  517  549
  517  579
  517  548
  518  580
  518  550
  518  549
  519  520
  519  551
  520 1775
  520  553
  520  551
  521  554
  521  553
  522  555
  523  584
  523  524
  523  556
  523  555
  525  558
  525  526
  525  557
  526  527
  527  558
  527  559
  528  560
  529  561
  529  530
  529  560
  530  562
  530  561
  530 1632
  532  533
  532  563
  533 1633
  533  534
  533  565
  534  566
  534  535
  534  565
  535  567
  535  566
  536  568
  536 1634
  536  537
  538 1841
  538  597
  538  569
  538  539
  538  568
  538 1774
  539  540
  539  569
  540  570
  540  541
  541  572
  541  571
  542 1964
  542 1842
  543 1964
  544 1693
  546  576
  546 1692
  546 1695
  546 1919
  547 1919
  547 1965
  547  578
  547  548
  547 1635
  548  579
  548  578
  548 1636
  550  581
  550  551
  550  580
  552  582
  552  553
  552  581
  553  554
  554  583
  554  582
  554  555
  555  583
  556  557
  556  584
  557  558
  557  585
  558  559
  558  586
  558  588
  559  589
  559  560
  560  590
  560  561
  561  591
  561  562
  562  563
  562  591
  563  592
  563  591
  563 1633
  564  623
  564  593
  565  566
  565  593
  566  567
  566  593
  567  595
  567  594
  568 1634
  568  627
  568  597
  568  596
  569  598
  569  597
  570  598
  570  571
  571  600
  571  599
  571  572
  571  598
  572  631
  572  601
  572  600
  572 1964
  573 1693
  573 1911
  573  601
  575 1694
  576  605
  576  577
  576 1696
  577  605
  577  606
  577 1635
  577 1919
  578  607
  578 1636
  578  608
  579  580
  579  610
  580  581
  580 1777
  580  610
  581  582
  582  611
  582  583
  583  612
  584  613
  584  585
  585  615
  585  586
  585  614
  586  616
  586  615
  586  587
  587  617
  587  588
  588  618
  588  617
  588  589
  589  651
  589  619
  589  618
  589  590
  590  591
  591  621
  591  620
  591  622
  591  592
  592  623
  592  622
  592 1633
  593  625
  593  594
  593  623
  594  625
  594  595
  595  625
  595 1634
  596 1637
  596  627
  596  626
  597  629
  597  598
  597  627
  598  630
  598  599
  599  630
  600  663
  600  630
  601  632
  601  631
  601 1964
  602 1697
  602 1693
  602  634
  602  603
  602  633
  604 1695
  604 1698
  605  636
  605 1698
  605  606
  606 1931
  606  637
  606 1966
  607 1931
  607 1965
  607  638
  607  639
  607  608
  608  609
  608  639
  609 1636
  609  610
  609  640
  609  639
  610  641
  610 1777
  611 1777
  611  673
  611  642
  611  612
  611  641
  612  643
  612  613
  612  642
  613  644
  613  645
  613  643
  613  614
  614  646
  614  645
  614  615
  615  647
  615  616
  616  649
  616  648
  616  647
  616  617
  617  650
  617  649
  618  650
  619  682
  619  652
  619  620
  619  651
  620  621
  620  684
  621  684
  621  654
  621  622
  622  654
  622  623
  623  624
  623  656
  623  655
  624  625
  624  656
  625  626
  625  688
  626  689
  626 1637
  626  658
  626  659
  627  660
  628  629
  629  662
  629  630
  629  661
  630  663
  630 1843
  631 1779
  631 1844
  631  632
  631  663
  632  664
  632 1911
  633 1893
  633  665
  633  664
  633 1911
  635  668
  636  668
  637 1885
  638 2009
  638  669
  639  671
  639 2009
  639  640
  639  670
  640  672
  640  641
  641  673
  641  672
  641 1777
  642  674
  642  704
  642  643
  642  673
  643  705
  643  675
  644  645
  644  675
  645  675
  645  676
  646  647
  646  676
  647  679
  647  648
  647  678
  648  679
  649  680
  649  650
  649  679
  650  681
  650  680
  651  682
  651  681
  652  683
  652  684
  652  682
  653  654
  654  686
  654  685
  655  656
  656  686
  657  687
  658  689
  658  688
  660 1637
  660  691
  660  661
  660  690
  661  692
  661  662
  662 1778
  662 1843
  663  693
  663 1779
  664  694
  665  695
  665  696
  665 1697
  665  666
  665 1893
  666 1755
  667  668
  668 1699
  668 1698
  668  698
  668 1885
  669  699
  669  700
  669 1931
  670  700
  670  731
  670  701
  670  671
  671 1781
  671  702
  672  703
  672  673
  673  704
  674  705
  674 1780
  674 1845
  674  704
  675  706
  675  676
  676  738
  676  707
  676  706
  677  707
  678  708
  678  679
  678  707
  679  680
  679  708
  680 1878
  680  709
  681  711
  681  682
  681 1878
  682  713
  682  712
  682  711
  683 1639
  683  684
  684  714
  684 1639
  684  685
  685  686
  686  687
  686  714
  687  716
  687  688
  687  717
  687  715
  688  719
  688  718
  688  717
  688  689
  689  690
  689  720
  690  720
  690  691
  690 1637
  691  750
  691  721
  691  720
  691  692
  692 1778
  692  722
  692  721
  693 1843
  693  723
  693  753
  693 1779
  694 1893
  694 1844
  694  725
  695  726
  698  729
  698  759
  698  730
  698 1885
  699 1937
  699  730
  699  700
  699 1885
  700  731
  700 2009
  700  730
  701 1781
  701  732
  701  731
  702  733
  702  703
  702  734
  702 1781
  703  735
  703  734
  704 1780
  705  736
  705  706
  706  736
  706  738
  707  708
  707  739
  709  710
  709  739
  710  741
  710  740
  711 1878
  711  742
  712 1782
  712  743
  714  744
  714  745
  714  715
  714 1639
  715  716
  715  746
  715  745
  716  747
  716  746
  717  718
  718  719
  719  749
  719 1846
  719  720
  719  748
  720 1640
  720  750
  721  751
  721  722
  722  752
  722 1847
  722  751
  722 1778
  723 1843
  723  753
  723 1778
  724  754
  724  725
  724  755
  724 1779
  725  756
  725 1976
  725 1894
  725  726
  725  755
  726 1886
  726  756
  726  727
  727  756
  728 1701
  728 1700
  728  729
  729 1699
  729 1701
  729  759
  730 1920
  730  760
  730 2026
  731 1989
  731 2026
  731  761
  731  732
  732  761
  733 1781
  733  734
  734  763
  734  735
  735  765
  735  764
  735 1780
  736 1845
  736 1780
  736  737
  736  765
  737  766
  737 1638
  737  767
  737  738
  738  768
  738  739
  738  767
  739  769
  739  768
  739  740
  740  741
  741  742
  741  771
  741  769
  741 1878
  742 1782
  742  771
  742 1878
  743 1848
  743  772
  743  744
  743 1639
  744 1639
  744  745
  744 1848
  745  774
  745  773
  746  776
  746  774
  746  747
  747  777
  747  748
  748  777
  749 1846
  749 1783
  750  780
  750  751
  750 1640
  752 1847
  752  753
  752 1784
  753  783
  753  782
  753  754
  754  784
  754  783
  755  784
  756 1976
  756  817
  756  757
  758 1702
  759 1932
  759  788
  760  789
  761  790
  761 2029
  762  791
  762  790
  762  763
  762 1781
  763  764
  763  791
  763 1781
  764  793
  764  792
  764  765
  765  794
  765  793
  765 1638
  765 1780
  766  796
  766  767
  767  768
  767  798
  768  769
  768  799
  769 1787
  769  800
  769  770
  769  799
  770  833
  770  771
  770  800
  770  801
  771  801
  771  802
  771 1782
  772 1782
  772  804
  772  803
  773 1785
  773  774
  773  805
  773 1848
  774  805
  774  806
  775  807
  775  838
  775  776
  776  808
  776 1641
  776  777
  776  807
  777  808
  777 1846
  778  841
  778  811
  778 1640
  778 1786
  778  810
  778 1783
  779 1640
  779  812
  779  780
  779  811
  780 1847
  780  813
  780  812
  780 1784
  781  782
  781 1784
  782  846
  782  815
  782  783
  782  814
  783  815
  783  784
  784 1912
  784  816
  784 1976
  785  817
  785 1912
  788  820
  788 1701
  788 1703
  789  821
  789 1920
  789  822
  789 2029
  789 1989
  790  822
  790  854
  790  791
  791  855
  791  823
  791  824
  792  825
  792  793
  793  794
  793  826
  794  795
  794  827
  794 1638
  795  829
  795  828
  795  827
  795  796
  795 1638
  796  830
  796  797
  796  829
  798  831
  798  799
  798  830
  799 1787
  800  832
  801  834
  801 1869
  801  833
  802  834
  803 1849
  803 1782
  804 1848
  804 1849
  805  806
  805  836
  805 1785
  806  869
  806  837
  806  838
  808 1641
  808  871
  808  840
  808  839
  809 1786
  810  841
  810  840
  810 1786
  811  843
  811  812
  811  841
  811 1640
  812  843
  813  845
  813  814
  813 1784
  813  843
  814  846
  814  845
  814 1784
  815  847
  815  816
  815  846
  816 1913
  816  847
  817  818
  817 1704
  817  848
  819 1703
  820  821
  820  852
  820  851
  821 1932
  821 1921
  821  852
  821  853
  821  822
  822 2029
  822  854
  822 2006
  823  855
  823  854
  824 1789
  824  857
  824  825
  824  855
  825  858
  826  858
  827  828
  827  858
  828 1790
  828  859
  829 1790
  829  861
  829  830
  830  861
  830  831
  831  862
  831  861
  831 1787
  832 1787
  832  833
  832  863
  834 1869
  834 1788
  834 1849
  835  866
  835 1848
  835  867
  835 1785
  835  836
  836  868
  836  867
  836 1785
  837  900
  837  899
  837  868
  838  870
  838 1641
  838  869
  839  901
  839  871
  839  870
  840  872
  840  841
  840  873
  840  871
  842  873
  842  843
  843  907
  843  875
  843  874
  844  876
  844  845
  845  876
  845  877
  846  877
  846 2005
  847 1974
  847 2005
  847  878
  848  879
  848 1705
  848  880
  848  849
  848 1912
  849 1704
  850 1706
  850  851
  851 1706
  851 1703
  852 1921
  852 1706
  852  882
  853  883
  854  885
  854  855
  854  884
  855  886
  855  856
  856 1789
  857  887
  857  888
  857  858
  858  859
  859  888
  860  861
  860  891
  860  890
  860 1790
  861  893
  861  891
  861  862
  862  895
  862  863
  862  893
  862 1787
  863  896
  863  895
  863 1787
  864  865
  864 1869
  865  897
  865  896
  865 1788
  865 1869
  866 1849
  866 1788
  866  867
  867  899
  867  898
  868  899
  869 1850
  869  870
  869  900
  870 1850
  870 1791
  870 1641
  871  902
  871  901
  872  904
  872  873
  872  902
  873  906
  873  904
  873  905
  873  874
  874  907
  874  906
  875  876
  875  907
  876  909
  876  877
  876  907
  877 2012
  877  909
  877 1974
  878  879
  878  910
  878 1913
  878 1971
  879 1913
  879  912
  879  911
  880 1705
  882  916
  882 1883
  883 1978
  883  917
  883  884
  883 2031
  883  916
  883 2006
  884  885
  884  917
  884  918
  885  918
  885  919
  885  886
  886  920
  886 1789
  886  919
  887 1789
  887  888
  887  920
  888  889
  889 1790
  889  924
  889  922
  890  955
  890  925
  890  891
  890 1790
  892  956
  892  925
  892  926
  892  893
  894  958
  894  895
  894  926
  895  928
  895  896
  896  929
  896  928
  896  897
  897  961
  897  931
  897  898
  897 1788
  897  929
  898  899
  898  932
  898 1788
  899  933
  899  900
  900  934
  900  933
  901  902
  901 1792
  901 1791
  903  937
  903  936
  905  938
  905  906
  906  939
  906  940
  906  938
  907  941
  907  940
  907  908
  908  942
  908  909
  908  941
  909 1642
  909  943
  910 2012
  910 1933
  910  944
  910  943
  911  945
  912 1705
  912  945
  913 1708
  914  915
  914 1706
  915 1706
  915  976
  916 1923
  916  948
  916 1921
  917  949
  917  950
  917  918
  918 1876
  918  950
  919 1876
  919  920
  920 1851
  920  952
  920  951
  920 1789
  921  953
  921  922
  921 1851
  922 1794
  922  923
  922  953
  923 1794
  923  924
  923  954
  924  954
  924 1790
  925  985
  925  956
  925  955
  926  957
  926  958
  926  956
  927  928
  928  989
  928  960
  928  959
  929  960
  930  960
  930  961
  931  992
  931  961
  932 1795
  932  962
  932  933
  933  963
  933 1795
  934  963
  934  964
  934 1850
  935 1791
  935  965
  935 1792
  935  964
  935 1850
  936 1792
  936  997
  936  937
  936  966
  936  965
  937  967
  937  966
  937  938
  938  968
  938  967
  938  939
  939  969
  939  968
  940  970
  940  941
  941  970
  942 1642
  942  970
  943  971
  943 2012
  944 1922
  944  972
  945 1933
  945  973
  945 1707
  947  976
  948 1883
  948  976
  949 2031
  949 2000
  949  977
  949  978
  949  950
  950  978
  951  980
  951  952
  951 1876
  952  980
  953 1851
  953 1793
  954  983
  954  955
  954 1794
  955  985
  955  984
  956  986
  956  985
  957  987
  958  959
  959  988
  959  989
  959  987
  960  961
  960  990
  960  989
  961  991
  962 1795
  962  993
  962  992
  963  964
  963  995
  964  965
  964  996
  964 1850
  965 1027
  965  997
  965 1792
  966  997
  967  998
  967  968
  968  999
  968  969
  968  998
  969 1001
  969 1000
  969  970
  970 1002
  970 1642
  971 1642
  971 1003
  971  972
  971 1002
  972 1004
  972 1958
  972 1003
  973 1922
  973 1005
  973 1710
  973 1708
  973  974
  973 1004
  974 1709
  975  976
  976 1037
  976 1007
  976 1923
  977 1978
  977 1007
  977 1008
  977 2000
  978 1009
  978  979
  979 1011
  979  980
  979 1009
  979 1876
  980 1876
  980 1042
  980  981
  981 1851
  981 1042
  982  983
  982 1794
  982 1793
  983 1014
  983 1013
  983 1794
  984 1014
  984 1016
  984  985
  985  986
  986 1047
  986 1017
  986  987
  986 1018
  986 1016
  987 1019
  987  988
  988 1019
  989 1020
  989 1019
  989  990
  990 1021
  992 1052
  992 1022
  992  993
  992 1021
  993 1795
  993 1022
  994 1795
  994  995
  995 1643
  995 1026
  996 1026
  996 1027
  997 1028
  997  998
  998  999
  998 1028
  999 1060
  999 1030
  999 1029
 1000 1001
 1001 1030
 1001 1002
 1002 1003
 1002 1031
 1002 1642
 1003 1934
 1003 1033
 1003 1032
 1004 1034
 1004 1922
 1005 1711
 1007 1923
 1007 1884
 1007 1038
 1008 1987
 1008 1038
 1009 2000
 1009 1010
 1009 1979
 1010 1040
 1010 1011
 1010 1981
 1011 1041
 1011 1072
 1011 1042
 1012 1851
 1012 1013
 1012 1043
 1012 1042
 1012 1793
 1013 1044
 1013 1043
 1013 1045
 1013 1014
 1013 1793
 1014 1045
 1015 1016
 1015 1045
 1016 1047
 1016 1046
 1016 1078
 1017 1048
 1017 1047
 1018 1048
 1018 1049
 1018 1019
 1019 1020
 1019 1049
 1020 1051
 1020 1021
 1020 1050
 1021 1052
 1021 1051
 1022 1645
 1022 1053
 1022 1052
 1023 1024
 1023 1795
 1024 1085
 1024 1054
 1024 1053
 1024 1643
 1024 1795
 1025 1056
 1025 1026
 1025 1054
 1026 1027
 1027 1057
 1027 1796
 1027 1028
 1028 1089
 1028 1058
 1028 1029
 1028 1057
 1029 1060
 1029 1058
 1029 1059
 1030 1031
 1030 1060
 1031 1062
 1031 1061
 1031 1032
 1032 1064
 1032 1033
 1032 1062
 1033 1065
 1033 1064
 1034 1066
 1034 1712
 1034 1710
 1034 1958
 1035 1712
 1036 1713
 1036 1037
 1037 1069
 1037 1713
 1038 1987
 1038 1069
 1038 1070
 1040 1071
 1040 1041
 1041 1071
 1041 1072
 1042 1074
 1042 1043
 1042 1072
 1044 1644
 1044 1075
 1044 1076
 1044 1045
 1045 1046
 1045 1077
 1045 1076
 1046 1077
 1046 1078
 1047 1079
 1048 1049
 1049 1111
 1049 1080
 1049 1081
 1050 1082
 1050 1051
 1051 1083
 1051 1052
 1052 1083
 1053 1085
 1053 1645
 1054 1086
 1054 1085
 1054 1643
 1055 1056
 1055 1086
 1056 1119
 1056 1796
 1057 1796
 1057 1088
 1058 1090
 1058 1121
 1058 1089
 1059 1090
 1060 1854
 1060 1091
 1060 1061
 1060 1090
 1061 1123
 1061 1092
 1061 1091
 1061 1797
 1061 1852
 1062 1852
 1062 1093
 1062 1797
 1063 1094
 1064 1065
 1064 1094
 1065 1959
 1065 1934
 1065 1095
 1065 1094
 1066 1096
 1066 1934
 1066 1097
 1067 1097
 1069 1884
 1069 1100
 1069 1070
 1070 1993
 1070 1982
 1070 1799
 1070 1101
 1070 1100
 1071 1798
 1071 1981
 1071 1102
 1071 1072
 1072 1103
 1072 1102
 1073 1074
 1073 1103
 1074 1105
 1074 1104
 1074 1075
 1075 1644
 1075 1137
 1075 1106
 1076 1107
 1076 1077
 1077 1078
 1077 1107
 1078 1108
 1078 1109
 1078 1079
 1079 1110
 1079 1109
 1079 1080
 1080 1142
 1080 1111
 1081 1112
 1081 1082
 1081 1111
 1082 1113
 1082 1083
 1082 1112
 1083 1084
 1083 1114
 1083 1645
 1084 1085
 1084 1115
 1084 1116
 1084 1645
 1085 1116
 1085 1118
 1085 1086
 1086 1118
 1087 1800
 1087 1119
 1088 1089
 1088 1120
 1088 1119
 1088 1796
 1089 1120
 1089 1121
 1090 1854
 1090 1121
 1091 1854
 1091 1802
 1092 1154
 1092 1125
 1092 1124
 1092 1797
 1092 1123
 1093 1797
 1093 1126
 1093 1094
 1093 1125
 1094 1126
 1095 1127
 1095 1956
 1095 1959
 1096 1956
 1096 1128
 1097 1098
 1097 1715
 1097 1712
 1097 1128
 1098 1756
 1099 1713
 1100 1799
 1100 1131
 1100 1713
 1100 1716
 1101 1132
 1101 1798
 1101 1133
 1102 1798
 1102 1103
 1103 1104
 1103 1134
 1104 1105
 1104 1136
 1104 1165
 1105 1136
 1106 1139
 1106 1137
 1107 1644
 1107 1108
 1108 1109
 1108 1139
 1109 1803
 1109 1141
 1109 1140
 1110 1142
 1111 1144
 1111 1112
 1111 1142
 1112 1144
 1113 1174
 1113 1145
 1113 1144
 1114 1646
 1114 1145
 1115 1116
 1116 1647
 1116 1146
 1117 1118
 1117 1148
 1118 1148
 1118 1800
 1119 1150
 1119 1120
 1120 1151
 1120 1182
 1120 1121
 1121 1151
 1122 1151
 1123 1802
 1123 1124
 1123 1153
 1124 1185
 1124 1153
 1125 1156
 1125 1155
 1125 1126
 1126 2001
 1126 1156
 1127 2001
 1127 1128
 1128 1158
 1128 1157
 1130 1716
 1131 1160
 1131 1192
 1132 1133
 1132 1942
 1132 1162
 1133 1163
 1133 1134
 1133 1798
 1134 1164
 1134 1135
 1134 1798
 1135 1165
 1135 1164
 1136 1165
 1136 1137
 1137 1167
 1137 1138
 1137 1166
 1138 1139
 1139 1168
 1139 1167
 1139 1140
 1139 1644
 1140 1168
 1141 1142
 1141 1855
 1141 1803
 1142 1855
 1142 1143
 1143 1205
 1143 1144
 1143 1172
 1143 1171
 1144 1172
 1144 1174
 1145 1175
 1145 1174
 1146 1646
 1146 1176
 1146 1175
 1146 1647
 1147 1176
 1147 1178
 1147 1148
 1147 1177
 1147 1647
 1148 1210
 1148 1179
 1148 1800
 1148 1178
 1149 1800
 1149 1180
 1149 1150
 1149 1179
 1150 1182
 1150 1181
 1150 1180
 1151 1183
 1151 1182
 1152 1853
 1152 1801
 1152 1183
 1153 1185
 1153 1801
 1153 1802
 1154 1186
 1154 1185
 1155 1187
 1155 1156
 1156 1187
 1157 1188
 1157 1189
 1157 1935
 1157 1158
 1158 1718
 1158 1159
 1158 1189
 1158 1715
 1159 1717
 1159 1715
 1160 1716
 1160 1192
 1161 1799
 1161 1890
 1161 1193
 1161 1192
 1162 1194
 1162 1163
 1163 1226
 1163 1196
 1163 1195
 1163 1164
 1164 1197
 1164 1196
 1165 1166
 1166 1199
 1166 1649
 1166 1167
 1166 1198
 1167 1199
 1167 1200
 1167 1168
 1168 1201
 1168 1200
 1169 1233
 1169 1202
 1169 1803
 1169 1201
 1170 1804
 1170 1203
 1170 1855
 1170 1202
 1170 1803
 1172 1236
 1172 1206
 1172 1205
 1173 1207
 1173 1174
 1174 1207
 1175 1238
 1175 1176
 1175 1646
 1176 1647
 1176 1208
 1176 1209
 1178 1209
 1178 1210
 1179 1211
 1179 1210
 1179 1800
 1180 1212
 1180 1181
 1181 1213
 1181 1212
 1182 1214
 1182 1183
 1183 1214
 1183 1648
 1183 1801
 1184 1185
 1184 1801
 1185 1856
 1185 1217
 1185 1215
 1185 1186
 1186 1218
 1186 1187
 1186 1217
 1187 1188
 1187 1218
 1187 2001
 1188 1219
 1188 2032
 1188 2001
 1189 1221
 1189 1220
 1191 1192
 1192 1255
 1192 1224
 1193 1943
 1193 1224
 1193 1194
 1193 1942
 1194 1942
 1194 1195
 1194 1225
 1195 1226
 1195 1225
 1196 1197
 1196 1226
 1197 1227
 1197 1259
 1197 1228
 1197 1198
 1198 1228
 1199 1649
 1199 1230
 1199 1231
 1199 1229
 1200 1232
 1200 1201
 1201 1233
 1202 1234
 1202 1233
 1202 1803
 1203 1804
 1204 1855
 1204 1235
 1204 1805
 1204 1205
 1205 1235
 1206 1268
 1206 1207
 1206 1237
 1206 1236
 1207 1238
 1207 1237
 1208 1239
 1208 1240
 1208 1209
 1208 1238
 1209 1242
 1209 1241
 1209 1210
 1209 1240
 1210 1807
 1210 1211
 1210 1832
 1211 1807
 1211 1212
 1211 1243
 1212 1243
 1212 1213
 1213 1244
 1213 1214
 1214 1246
 1214 1857
 1214 1245
 1215 1648
 1215 1247
 1215 1246
 1215 1216
 1216 1247
 1217 1806
 1217 1248
 1217 1856
 1218 2032
 1218 1248
 1219 1250
 1219 1935
 1220 1251
 1220 1221
 1220 1936
 1220 1935
 1221 1252
 1221 1222
 1221 1718
 1222 1757
 1223 1255
 1224 1890
 1224 1256
 1225 1257
 1225 1226
 1226 1289
 1226 1227
 1226 1257
 1227 1259
 1228 1649
 1228 1261
 1228 1259
 1229 1230
 1229 1261
 1230 1293
 1230 1262
 1230 1261
 1231 1263
 1231 1262
 1231 1232
 1232 1858
 1232 1811
 1232 1264
 1232 1233
 1232 1263
 1233 1234
 1233 1264
 1234 1831
 1234 1296
 1234 1266
 1234 1235
 1234 1805
 1235 1805
 1235 1266
 1235 1236
 1236 1268
 1236 1267
 1237 1238
 1237 1268
 1238 1270
 1238 1269
 1240 1272
 1240 1271
 1241 1242
 1242 1272
 1243 1859
 1243 1244
 1243 1807
 1244 1859
 1244 1245
 1244 1276
 1245 1276
 1245 1809
 1245 1857
 1246 1247
 1246 1278
 1246 1648
 1247 1856
 1247 1279
 1248 1280
 1248 1806
 1249 1281
 1249 2033
 1249 1280
 1250 2033
 1250 1283
 1250 1282
 1250 1936
 1250 1281
 1252 1810
 1252 1253
 1252 1284
 1254 1255
 1254 1758
 1255 1719
 1255 1256
 1256 1944
 1256 1813
 1256 1257
 1256 1719
 1257 1943
 1257 1813
 1257 1288
 1258 1290
 1258 1321
 1258 1259
 1258 1289
 1259 1291
 1259 1290
 1260 1261
 1260 1291
 1261 1293
 1261 1291
 1261 1649
 1262 1294
 1262 1293
 1264 1811
 1265 1328
 1265 1295
 1265 1296
 1266 1298
 1266 1267
 1266 1296
 1267 1268
 1268 1651
 1268 1299
 1268 1298
 1269 1300
 1269 1270
 1270 1652
 1270 1271
 1270 1301
 1270 1300
 1271 1302
 1271 1652
 1271 1272
 1272 1303
 1272 1273
 1272 1302
 1273 1832
 1273 1304
 1273 1808
 1273 1303
 1274 1808
 1274 1859
 1274 1304
 1274 1812
 1274 1833
 1275 1816
 1275 1276
 1275 1307
 1276 1809
 1276 1307
 1277 1857
 1277 1309
 1277 1340
 1277 1310
 1279 1856
 1279 1311
 1279 1280
 1279 1806
 1279 1310
 1280 1344
 1280 1312
 1280 1311
 1280 1281
 1280 1806
 1281 1313
 1281 1312
 1281 2033
 1282 1314
 1283 1810
 1283 1314
 1284 1720
 1284 1285
 1284 1810
 1285 1720
 1287 1318
 1287 1319
 1288 1320
 1288 1289
 1289 1352
 1289 1321
 1289 1320
 1290 1353
 1290 1291
 1290 1322
 1291 1819
 1291 1292
 1291 1322
 1292 1819
 1292 1293
 1292 1324
 1292 1325
 1293 1325
 1293 1650
 1294 1858
 1295 1328
 1295 1327
 1295 1814
 1295 1811
 1296 1329
 1296 1328
 1297 1298
 1298 1330
 1298 1331
 1298 1299
 1299 1332
 1299 1331
 1300 1651
 1300 1333
 1300 1332
 1301 1333
 1302 1652
 1302 1366
 1302 1303
 1302 1335
 1303 1304
 1303 1367
 1303 1335
 1304 1808
 1304 1337
 1304 1336
 1305 1812
 1306 1816
 1306 1338
 1306 1307
 1307 1338
 1307 1339
 1308 1809
 1309 1877
 1309 1857
 1309 1340
 1309 1339
 1309 1809
 1310 1341
 1310 1342
 1310 1311
 1310 1340
 1311 1343
 1311 1344
 1312 1345
 1312 1344
 1313 1817
 1314 1346
 1314 1817
 1314 1810
 1315 1810
 1315 1888
 1315 1347
 1317 1721
 1317 1318
 1318 1722
 1318 1719
 1318 1350
 1318 1349
 1318 1319
 1319 1924
 1319 1813
 1320 1813
 1320 1352
 1320 1351
 1321 1353
 1321 1352
 1322 1354
 1322 1355
 1322 1353
 1324 1325
 1324 1819
 1325 1650
 1325 1357
 1325 1356
 1326 1389
 1326 1357
 1327 1860
 1327 1650
 1327 1358
 1327 1359
 1327 1328
 1327 1814
 1328 1360
 1328 1329
 1329 1361
 1329 1360
 1329 1330
 1330 1362
 1330 1331
 1331 1394
 1331 1363
 1331 1332
 1332 1333
 1332 1363
 1332 1651
 1333 1396
 1333 1365
 1333 1364
 1333 1652
 1334 1365
 1334 1366
 1335 1367
 1336 1368
 1336 1369
 1336 1337
 1336 1367
 1337 1866
 1337 1834
 1337 1370
 1337 1815
 1338 1370
 1338 1816
 1338 1372
 1338 1339
 1338 1815
 1339 1372
 1340 1373
 1340 1877
 1341 1374
 1341 1373
 1343 1405
 1343 1375
 1343 1344
 1343 1374
 1344 1345
 1345 1377
 1345 1376
 1345 1817
 1345 1375
 1346 1990
 1346 1888
 1346 1817
 1346 1378
 1346 1377
 1347 1348
 1347 1720
 1348 1720
 1349 1722
 1350 1381
 1350 1723
 1351 1383
 1351 1653
 1351 1352
 1352 1384
 1352 1818
 1353 1818
 1353 1415
 1353 1384
 1354 1385
 1354 1415
 1355 1386
 1355 1819
 1356 1386
 1356 1387
 1356 1819
 1356 1357
 1357 1389
 1357 1419
 1358 1390
 1358 2019
 1358 1359
 1358 1389
 1359 1390
 1359 1391
 1360 1361
 1361 1392
 1361 1393
 1361 1362
 1361 1391
 1362 1394
 1362 1393
 1363 1820
 1363 1395
 1363 1394
 1364 1396
 1365 1366
 1365 1396
 1366 1398
 1366 1397
 1366 1367
 1367 1399
 1367 1398
 1369 1399
 1369 1400
 1369 1370
 1370 1815
 1370 1401
 1370 1400
 1371 1372
 1372 1433
 1372 1373
 1372 1401
 1372 1877
 1373 1877
 1373 1404
 1373 1402
 1373 1374
 1374 1405
 1374 1404
 1375 1406
 1375 1376
 1375 1405
 1376 1406
 1376 1377
 1377 1407
 1377 1817
 1378 1409
 1378 1408
 1378 1990
 1379 1888
 1380 1723
 1381 1723
 1381 1382
 1381 1412
 1382 1895
 1382 1383
 1382 1924
 1382 1412
 1383 1384
 1383 2010
 1383 1924
 1384 2010
 1384 1653
 1384 1414
 1384 1818
 1385 1416
 1385 1386
 1385 1446
 1385 1415
 1386 1819
 1386 1417
 1386 1416
 1386 1418
 1387 1388
 1388 1448
 1388 1418
 1388 1419
 1389 1419
 1390 2019
 1390 1421
 1390 1391
 1391 1423
 1391 1392
 1391 1422
 1391 1421
 1392 1424
 1392 1423
 1393 1394
 1394 1820
 1394 1424
 1395 1426
 1395 1820
 1396 1427
 1396 1426
 1397 1428
 1397 1427
 1397 1398
 1398 1399
 1398 1429
 1399 1460
 1399 1430
 1399 1429
 1399 1400
 1400 1401
 1400 1432
 1400 1430
 1401 1433
 1402 1655
 1402 1434
 1402 1433
 1402 1403
 1403 1435
 1403 1404
 1404 1822
 1404 1405
 1405 1436
 1405 1822
 1406 1436
 1406 1437
 1406 1407
 1407 1439
 1407 1438
 1407 1437
 1408 1951
 1408 1875
 1408 1409
 1409 1410
 1409 1725
 1409 1440
 1409 1888
 1410 1725
 1411 1723
 1411 1724
 1412 1895
 1412 1443
 1412 1726
 1412 1723
 1413 1444
 1413 1895
 1414 2013
 1414 1415
 1414 1445
 1415 1446
 1416 1447
 1416 1417
 1417 1418
 1417 1447
 1418 1448
 1418 1447
 1419 2019
 1419 1450
 1419 1448
 1420 2020
 1420 1960
 1420 1450
 1421 1960
 1421 1452
 1421 1961
 1421 1422
 1422 2027
 1422 1423
 1422 1452
 1423 1453
 1423 1424
 1424 1453
 1424 1454
 1424 1425
 1425 1820
 1425 1455
 1425 1454
 1426 1861
 1426 1820
 1426 1824
 1426 1457
 1426 1427
 1427 1458
 1427 1457
 1428 1459
 1428 1429
 1428 1458
 1429 1460
 1429 1459
 1430 1461
 1430 1460
 1431 1432
 1431 1821
 1431 1462
 1432 1821
 1432 1433
 1432 1654
 1432 1463
 1433 1464
 1433 1655
 1434 1465
 1434 1435
 1435 1822
 1435 1466
 1435 1465
 1436 1468
 1436 1437
 1436 1822
 1437 1468
 1438 1469
 1438 1439
 1438 1468
 1439 1962
 1439 1990
 1439 1469
 1440 1470
 1440 1471
 1443 1474
 1444 1477
 1444 1445
 1444 2010
 1444 1476
 1445 2013
 1445 1477
 1445 2010
 1446 2013
 1446 1511
 1446 1479
 1446 1480
 1446 1447
 1446 1972
 1447 1480
 1447 1983
 1448 1952
 1448 1983
 1448 1449
 1449 1450
 1449 1481
 1450 1945
 1450 1925
 1450 1482
 1450 2019
 1451 1961
 1451 1925
 1452 1485
 1452 2027
 1453 2027
 1453 1823
 1453 1454
 1454 1455
 1454 1823
 1455 1456
 1455 1486
 1455 1487
 1456 1861
 1457 1968
 1457 1458
 1457 1824
 1458 1459
 1459 1968
 1459 1490
 1459 1967
 1460 1969
 1460 1461
 1460 1967
 1461 1462
 1461 1493
 1462 2014
 1462 1494
 1462 1493
 1462 1821
 1463 1495
 1463 1496
 1463 1654
 1463 1821
 1464 1465
 1464 1654
 1464 1655
 1464 1496
 1465 1984
 1465 1655
 1465 1466
 1465 1498
 1466 1467
 1466 1498
 1466 1822
 1467 1500
 1467 2002
 1467 1468
 1468 1991
 1468 1469
 1468 1500
 1469 1953
 1469 1501
 1470 1875
 1470 1827
 1470 1962
 1470 1502
 1471 1725
 1471 1472
 1471 1503
 1472 1503
 1472 1727
 1473 1728
 1473 1726
 1473 1474
 1474 1506
 1474 1726
 1474 1729
 1474 1475
 1475 1507
 1475 1506
 1475 1476
 1475 1895
 1476 1508
 1476 1477
 1476 1895
 1477 1972
 1477 1508
 1478 1510
 1478 1896
 1479 1511
 1479 1510
 1480 1952
 1480 1513
 1480 1511
 1481 1514
 1481 1945
 1481 1952
 1482 1514
 1482 1515
 1482 1945
 1483 1961
 1483 1517
 1484 1518
 1484 1517
 1485 1961
 1485 1823
 1485 1518
 1486 1520
 1486 1487
 1486 1823
 1487 1488
 1487 1521
 1488 1862
 1489 1968
 1489 1825
 1489 1926
 1489 1523
 1490 1525
 1490 1891
 1490 1491
 1490 1968
 1491 1492
 1491 1967
 1492 1891
 1493 1528
 1493 1494
 1493 1527
 1494 1864
 1494 2014
 1495 1864
 1495 1826
 1495 1656
 1495 1496
 1496 1656
 1496 1984
 1496 1654
 1497 1530
 1497 1531
 1497 1498
 1497 1984
 1498 1499
 1498 1657
 1499 1657
 1499 1533
 1500 1991
 1500 2002
 1500 1533
 1501 1534
 1501 1991
 1501 1953
 1501 1564
 1502 1953
 1502 1535
 1502 1827
 1502 1889
 1502 1962
 1503 1537
 1503 1504
 1503 1827
 1506 1739
 1506 1730
 1506 1507
 1506 1540
 1507 1541
 1507 1508
 1508 1542
 1508 1541
 1508 1896
 1509 1543
 1509 1542
 1510 1881
 1510 1543
 1510 1511
 1511 1512
 1512 1881
 1512 1513
 1513 1545
 1513 1544
 1513 1952
 1514 1897
 1514 1742
 1514 1515
 1514 1545
 1515 1547
 1515 1742
 1515 1925
 1516 1517
 1516 1547
 1516 1925
 1517 1548
 1518 1733
 1518 1549
 1518 1961
 1519 1903
 1519 1549
 1519 1550
 1519 1823
 1520 1823
 1520 1551
 1520 1521
 1520 1903
 1521 1522
 1522 1947
 1522 1551
 1523 1553
 1523 1524
 1523 1946
 1523 1825
 1524 1555
 1524 1525
 1525 1926
 1525 1555
 1525 1891
 1526 1556
 1526 1969
 1526 1555
 1527 1528
 1527 1969
 1527 1556
 1528 1828
 1528 1864
 1529 1826
 1529 1902
 1530 1656
 1530 1902
 1530 1887
 1531 1892
 1531 1887
 1531 1561
 1531 1657
 1532 1562
 1532 1533
 1532 1892
 1533 2007
 1533 1534
 1533 2002
 1534 1564
 1534 1562
 1535 1564
 1535 1565
 1536 1566
 1536 1565
 1536 1827
 1537 1827
 1537 1567
 1537 1538
 1537 1566
 1539 1739
 1540 1569
 1540 1571
 1540 1570
 1540 1730
 1541 1572
 1541 1730
 1541 1992
 1542 1740
 1542 1992
 1542 1731
 1542 1574
 1542 1896
 1543 1576
 1543 1731
 1543 1881
 1544 1741
 1544 1732
 1544 1578
 1544 1881
 1545 1580
 1545 1732
 1545 1546
 1545 1897
 1546 1581
 1547 1584
 1547 1583
 1547 1548
 1547 1742
 1548 1733
 1548 1584
 1549 1586
 1549 1587
 1549 1550
 1549 1733
 1550 1588
 1550 1587
 1551 1590
 1551 1734
 1551 1591
 1551 1552
 1552 1592
 1552 1591
 1553 1747
 1553 1946
 1553 1554
 1553 1593
 1554 1596
 1554 1594
 1554 1555
 1555 1735
 1555 1597
 1555 1596
 1556 1735
 1556 1557
 1556 1599
 1556 1969
 1557 1602
 1557 1601
 1557 1828
 1558 1602
 1558 1604
 1558 1902
 1559 1560
 1559 1605
 1559 1749
 1559 1887
 1560 1606
 1560 1607
 1560 1561
 1561 1736
 1561 1608
 1562 1736
 1562 1563
 1562 1610
 1563 1612
 1563 1564
 1563 1611
 1564 1889
 1564 1737
 1564 1613
 1565 1615
 1565 1737
 1565 1566
 1566 1616
 1566 1738
 1566 1615
 1566 1827
 1567 1738
 1569 1739
 1572 1730
 1572 1740
 1574 1731
 1576 1731
 1576 1741
 1578 1732
 1580 1732
 1581 1742
 1584 1743
 1586 1744
 1588 1745
 1590 1746
 1592 1747
 1597 1748
 1599 1735
 1602 1828
 1604 1902
 1606 1749
 1608 1736
 1610 1736
 1613 1750
 1615 1751
 1618 1738
 1621 1767
 1623 1759
 1629 1772
 1631 1658
 1640 1829
 1650 1860
 1656 1902
 1657 1892
 1660 1661
 1660 1879
 1662 1671
 1663 1673
 1664 1916
 1664 1665
 1665 1916
 1669 1752
 1672 1673
 1676 1677
 1677 1678
 1678 1679
 1679 1680
 1680 1682
 1681 1683
 1682 1941
 1683 1684
 1684 1753
 1685 1686
 1686 1688
 1687 1689
 1688 1690
 1690 1754
 1691 1692
 1692 1694
 1693 1911
 1694 1695
 1695 1696
 1696 1698
 1697 1755
 1699 1700
 1701 1702
 1702 1703
 1705 1707
 1706 1883
 1707 1708
 1708 1709
 1710 1711
 1711 1712
 1713 1714
 1714 1716
 1715 1756
 1717 1718
 1718 1757
 1719 1758
 1719 1721
 1720 1810
 1723 1724
 1724 1726
 1725 1727
 1728 1729
 1729 1739
 1733 1743
 1733 1744
 1734 1903
 1734 1746
 1734 1745
 1735 1748
 1736 1892
 1737 1750
 1737 1751
 1745 1903
 1747 1946
 1761 1836
 1762 2003
 1763 1766
 1764 2015
 1765 1766
 1771 1841
 1772 1830
 1772 1773
 1773 1775
 1776 1842
 1776 1910
 1779 1844
 1783 1786
 1783 1829
 1786 1846
 1798 1982
 1799 1942
 1801 1802
 1802 1853
 1804 1831
 1805 1855
 1807 1833
 1808 1832
 1810 1929
 1811 1814
 1811 1860
 1812 1835
 1812 1865
 1813 1924
 1815 1835
 1815 1816
 1816 1859
 1824 1825
 1824 1862
 1824 1861
 1825 1862
 1826 1828
 1826 1864
 1830 1863
 1831 1855
 1832 1833
 1834 1865
 1834 1835
 1835 1859
 1837 1995
 1842 1910
 1853 1854
 1858 1860
 1861 1862
 1862 1946
 1862 1947
 1864 2014
 1865 1866
 1867 1868
 1870 2021
 1871 1914
 1871 1872
 1874 1900
 1885 1937
 1886 1894
 1893 1894
 1896 1972
 1899 1905
 1899 1963
 1900 1948
 1901 1909
 1904 1907
 1906 1908
 1912 1913
 1917 1928
 1918 1941
 1920 1932
 1922 1933
 1923 1978
 1924 1927
 1925 2020
 1929 1936
 1931 1966
 1931 1937
 1934 1956
 1934 1958
 1935 1936
 1940 2008
 1943 1944
 1946 1947
 1948 1949
 1948 1996
 1949 1950
 1951 1990
 1951 1962
 1953 1962
 1955 1957
 1959 2001
 1960 2019
 1965 1966
 1967 1970
 1969 1970
 1971 1974
 1979 1980
 1979 1986
 1979 2000
 1980 1988
 1980 1981
 1981 1993
 1981 1982
 1986 1988
 1986 2004
 1986 1987
 1987 1994
 1987 2000
 1988 1993
 1989 2028
 1991 2007
 1993 2004
 1994 2004
 1995 2003
 1997 1998
 1998 1999
 2016 2022
 2018 2023
 2024 2025
 2026 2028
 2032 2033
