    2   53
    4 1650
    4   54
    5   55
    6   55
    8   56
    8 1643
    9   57
    9   56
   10   57
   11   58
   12 1651
   13   59
   14 1735
   14   59
   16 1653
   16   60
   18 1653
   18   61
   19   62
   20 1644
   22 1847
   22   63
   22 1645
   23   64
   23 1847
   25 1646
   25   65
   25   64
   27   66
   27 1654
   28   66
   30 1655
   30 1656
   32 1657
   32 1656
   32   67
   34 1657
   34   68
   35   69
   36   69
   38   70
   39 1658
   39   71
   40   72
   41 1647
   41   72
   43   73
   43 1648
   44   73
   45   74
   45 1649
   46   75
   47   76
   47   75
   48 1843
   48   76
   49 1842
   49   77
   50   77
   51   77
   52   53
   53  111
   53   79
   53   54
   54   81
   54   80
   54 1650
   55 1879
   55 1855
   55   82
   55 1650
   55   83
   55 1643
   56   57
   56   85
   56 1855
   57   58
   58 1651
   58   85
   58   86
   59 1651
   59  116
   59   88
   59 1652
   59   87
   60   89
   60 1874
   60   88
   60 1652
   60 1653
   61   90
   61   91
   61   62
   61 1653
   62 1854
   62 1644
   62   91
   63 1854
   64 1847
   64   65
   64   93
   65 1654
   65  123
   65   94
   66 1654
   66 1655
   66 1607
   67   97
   67   98
   67 1656
   68   69
   68   98
   68 1657
   69 1913
   69   70
   69   99
   70   71
   70 1913
   71  102
   71  101
   71 1658
   72  102
   72 1658
   72  103
   73  104
   73 1857
   73 1649
   74  105
   74   75
   74  106
   74 1857
   75   76
   76 1914
   76  106
   77 1842
   77   78
   77  108
   79  111
   80  112
   80   81
   80  111
   81 1882
   81   82
   83 1743
   83  113
   83   84
   83 1879
   84 1855
   84   85
   85   86
   85  113
   86  115
   86 1873
   86 1651
   88 1937
   88 1845
   88 1874
   88  116
   89   90
   90  119
   90   91
   90  118
   91  120
   91 2067
   91  119
   92  121
   92 1846
   92 1854
   93 1846
   93 1847
   94  124
   94 1607
   94  123
   95 1915
   95   96
   95 1655
   96 1947
   96   97
   96  125
   96 1656
   97 1890
   97   98
   97  126
   98  126
   98   99
   99  100
   99  127
  100 1913
  100  128
  100  129
  101  102
  102  131
  102  103
  102  130
  103  132
  103 1891
  104  132
  104 1891
  104 1857
  104 2129
  104  133
  105  134
  105  106
  107  135
  107 1881
  107  108
  107 1842
  107 1914
  108 1881
  108  109
  108  136
  108 1842
  110  111
  110 1659
  111  139
  111 1660
  111  112
  112 1882
  112  170
  112  140
  112  139
  113 1949
  113  114
  113 1743
  113  142
  114 1608
  114 1873
  115 1873
  115  116
  115  145
  115 1608
  117  147
  117 1874
  117 1813
  117 1937
  118 1880
  118 1744
  118  119
  118 1813
  119  148
  120 2067
  120 1854
  121  122
  121  150
  121 1846
  122 1846
  122  150
  122  151
  123 1889
  123  153
  123  152
  123  151
  123 1905
  124 1979
  124  153
  124 1905
  124 1915
  125 1947
  125 1915
  125  155
  125  154
  126  127
  126 1947
  126 1968
  126  156
  127 2039
  127  128
  128  158
  128 2039
  128  129
  129 2130
  129  159
  129 2001
  129  158
  130 1913
  130  131
  131 1928
  131  160
  132 2129
  132 1928
  132 1742
  133 1959
  133  134
  134 1914
  135 1914
  135 1883
  135  165
  135 1610
  136  166
  139  169
  139 1661
  139  170
  140 1931
  140  171
  140  141
  140  170
  141 1882
  142 1988
  142 1743
  143 1949
  143 1608
  143  174
  143 1988
  144  145
  144 1608
  145 1992
  145 1986
  145 1609
  145  175
  146  176
  146 1937
  146  147
  146 1845
  146 1986
  147 1813
  147  177
  147  176
  148 2067
  148  178
  148  149
  148 1744
  148  177
  149 1993
  149  179
  149  178
  149 2067
  150  180
  150 1951
  150 1612
  150  181
  150 2085
  150  151
  150 1987
  151  152
  152  181
  152  182
  154 1979
  154  155
  155 2131
  155  185
  155  184
  155  156
  156 1814
  156 1947
  157 1968
  157  186
  157 1814
  158 2114
  158 2130
  158  187
  159  189
  159  160
  159 1913
  160  161
  161 2016
  161 1742
  161  190
  162 2052
  162 2129
  162 2040
  162  191
  162 1611
  162 1742
  163 2129
  163 1746
  163 1959
  163  193
  164 1746
  164 1959
  164  194
  164  195
  164 1610
  164 1914
  165 1883
  165 1610
  165  195
  166  197
  166 1881
  166  167
  168 1660
  169 1848
  169  200
  170 1929
  170 1848
  171 2020
  171  201
  171  202
  171  172
  171 1931
  171 1743
  172 1988
  172 1743
  172  203
  172  202
  173 1988
  173 1751
  173  204
  173  174
  173  203
  174 1609
  174 2048
  174  204
  174 1608
  175 2048
  175 1747
  175  205
  175 1609
  176  206
  176  207
  176 1815
  176  177
  177  209
  177  178
  177  207
  177 1744
  178  210
  178  209
  179 1987
  180 1987
  180 1612
  180  210
  181  212
  181  182
  182  212
  182 1979
  183 1979
  183 2074
  183  215
  183  214
  184 2080
  184 2074
  185 1814
  185 2184
  185  217
  185 2131
  186  187
  186  219
  186  218
  187  219
  187 2039
  188 2114
  188  250
  188  221
  188 2011
  188 2130
  189  190
  189 2001
  190 2078
  190 2016
  190  222
  190 2011
  190 2053
  191 2016
  192  225
  192 2052
  192  224
  192  193
  192 2040
  193 1748
  193 1746
  193 1749
  193  225
  194  226
  194 1749
  194 1746
  194  258
  195 2005
  195  258
  195  227
  195 1610
  196 1892
  196  228
  196 1883
  197 1883
  197  228
  197  198
  199 1662
  199 1661
  200  231
  200 1661
  200 1663
  201 1931
  201  232
  202 2116
  202  233
  202  234
  202  203
  202 2020
  204  235
  204 1750
  204 1751
  205 2167
  205  237
  205  236
  205 2048
  206 1747
  206  237
  207  238
  207  208
  208 2351
  208  209
  208  239
  208  238
  209 2101
  209  239
  211 1612
  211  241
  211  242
  211 2085
  212  243
  212 2058
  213  214
  214 1613
  214  244
  214  215
  214 1979
  215 2166
  215  245
  215  244
  216 2165
  216 2131
  216 2074
  217 2190
  217  246
  217  247
  217 2131
  218 2184
  219 2197
  219  248
  219  220
  219 2114
  220 2114
  220  250
  220  249
  221  251
  221 2053
  222  253
  222 2078
  222  254
  222  223
  223 2102
  223 2052
  223  254
  223 2016
  224 2159
  224  255
  224  225
  224 2148
  225 2159
  225 1748
  226 1749
  226  256
  226  257
  226 1748
  227 1892
  227  259
  227  258
  228 1892
  228  229
  228  260
  229  260
  231 1848
  231 2323
  231 1665
  231  264
  231  263
  232 2021
  232  265
  232 2059
  232 2323
  233  266
  233 2059
  234  267
  234  268
  234 1751
  234 2116
  235 1751
  235  269
  235 2167
  235  268
  236  269
  236 2253
  236 2234
  236 2167
  237 2160
  238 2160
  238 2351
  238  271
  239  273
  239  274
  239 2351
  240 1612
  240 2101
  241  276
  241 2154
  241  242
  242 2324
  242  276
  242  277
  242  243
  242 2085
  243 2058
  243 2143
  243 1613
  244  279
  244  245
  244 2143
  245 2155
  245  279
  245  280
  245 2165
  246  281
  246 2131
  246  247
  246 2115
  247 2294
  247  282
  247 2247
  247  281
  248 2149
  248  283
  249 2206
  249  250
  249  284
  249 2197
  250  251
  250 2206
  251 2206
  251  252
  251  285
  252 2078
  253 2078
  253  287
  253  254
  253  286
  254  287
  254 2148
  255 2246
  255  289
  255 2148
  255 2159
  256  290
  256 1748
  256  291
  256  257
  256 2159
  257  258
  257 2029
  258  259
  259 1892
  259  292
  260  294
  260 1666
  260  261
  261 1664
  262 1663
  263 1916
  263  264
  264  265
  264 1916
  265 1916
  265 2323
  265  300
  265 2059
  266  300
  266 2059
  266  301
  266 2116
  267  301
  267  302
  267  330
  267  268
  268  303
  268  302
  268  269
  269 2253
  270 2269
  270  304
  270  271
  270 2234
  270 2160
  271  272
  272 2269
  272 2237
  272 1816
  272  305
  273  306
  274 2144
  274 2101
  275 2103
  275 2144
  275 2106
  276  308
  276 2154
  276 2324
  277 2143
  277  310
  277  278
  277 2324
  278  279
  279  312
  279  280
  279 2270
  280  281
  281  313
  282  283
  282 2247
  282 2190
  283 2197
  284 2206
  284  316
  284 2197
  285  318
  285  286
  287  348
  287  318
  287  288
  288  320
  288  319
  288  289
  289 2148
  289 2246
  289  320
  290  322
  291  322
  292 1982
  293  324
  293 1892
  294 1892
  294  324
  296  297
  297 1668
  297  326
  297 1665
  298 1665
  298 1893
  298 1668
  298  327
  299  300
  299 1994
  299  328
  299 1916
  300 2059
  300 1989
  300  329
  300 2063
  301 2116
  301  330
  301 2097
  302 2191
  302  331
  302  303
  303 2253
  303  363
  303  332
  303  331
  304 2254
  304 2269
  305  335
  305 1816
  305  334
  305  333
  306 2353
  306 2243
  306 2300
  307  337
  307 2243
  307 2266
  307 2192
  307 2235
  308 2192
  309  339
  309  371
  309  310
  309  340
  309 2324
  310  340
  310  311
  311 2270
  312 2270
  312  313
  312  342
  312  341
  313 2294
  314 2283
  314  375
  314  344
  314 2247
  314  343
  314 2294
  315 2284
  315  344
  315 2247
  316 2255
  316  345
  316 2239
  316  317
  316 2197
  317 2198
  317 2206
  318 2198
  319 2261
  319  349
  319  320
  319  348
  320 2246
  320  350
  320 2261
  321  351
  321 2139
  321  350
  321 2246
  322  352
  322 2029
  322  353
  322 2139
  323  353
  323  354
  323 1969
  323 1982
  323 2030
  324 1982
  324 1875
  324  355
  324  354
  324 1666
  325 1666
  327 1669
  327  358
  329 2022
  330 2098
  331  362
  331  363
  332 2253
  332 2325
  332 2331
  332  363
  333 2325
  333 2331
  333  334
  333 2269
  334 2327
  334  366
  335 2288
  335 1816
  336  367
  336 2300
  336 2266
  336  368
  337  369
  337 2266
  337  338
  337 2192
  338  339
  338 1614
  339 2324
  339  370
  340  372
  340 2318
  340  371
  341 1817
  341 2318
  341  342
  341 2270
  342 2319
  342 1753
  342  373
  343  374
  343 2320
  343  375
  344  376
  345 2239
  345  377
  345 2255
  345  376
  346 2255
  346 2219
  346 2198
  346  378
  346  377
  347 2198
  347  348
  347 2219
  348  379
  349 2261
  349 2262
  349  380
  350  381
  350 2261
  350  351
  351 2139
  351 2182
  352 2139
  352  353
  352 2182
  352  383
  353 2030
  353  384
  353 2041
  354 1922
  354 1982
  355 1667
  355 1670
  355  356
  355 1875
  355  385
  356 1736
  356 1670
  357 1669
  358 1671
  358  388
  358  389
  358 1893
  359 2022
  359 1970
  359  390
  359 1989
  359  389
  359 1893
  360 2156
  360  390
  360  391
  360 2098
  360 2022
  361  392
  361 2156
  361 2098
  361 2193
  362 2211
  362 2191
  362 1615
  362  393
  362  363
  363  394
  363 2325
  363 1615
  364 2325
  364  395
  364 2360
  364  365
  364  394
  365  366
  365  395
  366  395
  366  396
  366 2327
  367 2327
  367 2288
  367  368
  368 2266
  368  397
  368  398
  368 2359
  369 2359
  369  370
  370  371
  370  399
  371 2333
  371  401
  371  372
  372 1817
  372  401
  373  374
  373  403
  373 1753
  374 2319
  374  404
  374  375
  374  403
  375  404
  375  405
  375 2328
  376  406
  376 2328
  376  377
  377  407
  377  378
  378  408
  378  379
  379 2219
  379  380
  380 2263
  380 2262
  380  410
  380  409
  381  411
  382 2118
  382 2086
  382  383
  383 2041
  383 2182
  384  414
  384 1969
  384 1923
  384 2041
  384 1995
  385  415
  387 1669
  387 1671
  388  389
  388 1671
  389 1970
  389 1884
  389  419
  389 1893
  390 2022
  390 2006
  390  391
  391 2156
  391  420
  392 2193
  392 2211
  392 2194
  392 2156
  392  422
  393 2332
  393 1615
  393 2211
  394 2360
  394  424
  394 2325
  395  425
  395  396
  395 2361
  396 2327
  396 1616
  396  426
  396  425
  396  397
  397  427
  397  428
  397  398
  397 1616
  398  429
  398  428
  398  399
  399  400
  400 2374
  400  401
  400 2333
  401  430
  401  431
  401  402
  402 1817
  402  463
  402  432
  402 1753
  402  431
  403  464
  403  404
  403  432
  403 1753
  404  465
  404  405
  404  433
  405  435
  405  434
  405 2344
  406  435
  406 2344
  406  437
  406  436
  406  407
  407  438
  407  437
  407  408
  408  439
  408  409
  409  440
  409  410
  410 1754
  411  441
  411  412
  411 2263
  412 2176
  412 2171
  412 2118
  412  441
  413  443
  413 2041
  414  445
  415  445
  415 1924
  415 1885
  415 1849
  415 1670
  415  446
  416 1670
  418  449
  418 1671
  419  450
  421  452
  421 2156
  422  452
  423  454
  423 2211
  423 2220
  424 1756
  425 2362
  425  457
  425  426
  425  456
  426  458
  426  489
  427 1616
  427  458
  428  490
  428  429
  428  458
  429  460
  429  459
  429 2374
  430  462
  430  431
  430  461
  430 2374
  431  462
  432  463
  432 1753
  433  465
  433  464
  434  466
  434  435
  434  465
  435  498
  435  436
  435  467
  435  466
  437  500
  437  468
  437  438
  437  467
  438  468
  438  469
  438  439
  439  470
  439  440
  439  469
  440 2329
  440  470
  440 1754
  441 2338
  441  471
  441 1754
  442 2118
  442 2117
  443 2044
  443 2086
  443 1996
  443 2117
  444  475
  444 2044
  444  445
  444  476
  444 1996
  445 1924
  445 1885
  445  476
  446  447
  446  477
  446 1885
  446 1672
  448 1737
  448 1674
  448  449
  449  480
  449 1673
  449 1674
  449 1876
  450 1971
  450 1884
  450  480
  450  481
  451 2006
  451  482
  451 2183
  451 1972
  452 2177
  452 2183
  453 2220
  453  484
  453  516
  453  485
  453  454
  453 2177
  454 1808
  455 2362
  455 1758
  455  487
  455 1756
  456  487
  456  457
  456  488
  457  489
  458  489
  459  491
  459  460
  459  490
  460  492
  460  491
  460  461
  461  462
  461 2374
  462  493
  462  494
  463  495
  463  464
  464  496
  464  465
  464  495
  465 1618
  465  497
  465  496
  465  466
  466  497
  467  500
  467  499
  467  498
  468  533
  468  469
  468  500
  469  502
  469  503
  469  470
  470 1757
  470  504
  470  503
  471 2207
  471  505
  471  472
  472 2176
  472  506
  472  473
  472 2207
  473 2107
  473  506
  473  474
  473 2117
  474  507
  474 2117
  474 2044
  475 2044
  475 2023
  475  508
  475  507
  476 1819
  476  508
  477  509
  477 1759
  477  478
  480 1894
  480 1876
  480 1675
  480  481
  480  512
  481  513
  481 1972
  482 1972
  482  514
  482 1617
  483 1617
  483  546
  483 2240
  483  515
  484  516
  484 2276
  484 2240
  484 2177
  484  515
  485 1840
  485  486
  485  517
  485  516
  486 1756
  486 1808
  486  518
  486  517
  487  519
  487 2362
  487  488
  487 1758
  488  520
  488  489
  488  519
  489  553
  489  520
  489  521
  490  491
  491  492
  491  522
  492  525
  492  524
  492  493
  492  523
  493  525
  493  494
  494  558
  494  527
  494  526
  494  495
  495  528
  495  496
  496  528
  497  561
  497  498
  497  530
  497 1618
  498  531
  498  530
  498  499
  499  532
  499  531
  500  533
  502  565
  502  534
  502  503
  502  533
  503  504
  503  534
  504  535
  504 2375
  504 1757
  505 2221
  505 1818
  505  536
  505 2207
  506 2218
  506 2207
  507 2107
  507 2023
  507  538
  507 2044
  508  539
  508 1819
  508 2023
  509  541
  509 1676
  509  542
  509  510
  509 1759
  511 1677
  511 1674
  512  544
  513 2032
  513 1972
  513  545
  514  546
  514 2032
  514 1617
  515 2276
  515 2132
  515 2240
  516 2276
  516  578
  516  517
  516  548
  517  518
  517  549
  518 1758
  518 2365
  518  550
  519  552
  519 2365
  519  520
  520  553
  520  552
  521  582
  521  522
  521  554
  521  553
  523  556
  523  524
  523  555
  524  525
  525  556
  525  557
  526  558
  527  559
  527  528
  527  558
  528  560
  528  559
  528 1618
  530  531
  530  561
  531 1619
  531  532
  531  563
  532  564
  532  533
  532  563
  533  565
  533  564
  534 1620
  534  535
  534  565
  534 2375
  535  566
  536 1818
  536  595
  536  566
  537 2218
  537  568
  538 2033
  539  570
  540 2057
  540 1819
  542 1676
  544  574
  544 1675
  544 1678
  544 1894
  545 1894
  545  576
  545 2032
  545 1621
  545  575
  546  577
  546 2132
  546 2032
  547 2119
  547  578
  547 2132
  548 2204
  548  579
  548  549
  549 2285
  549  550
  550  551
  551 2365
  551 2345
  551  580
  552 2366
  552  581
  552  553
  553  581
  554  555
  554  582
  555  556
  555  583
  556  557
  556  584
  556  586
  557  587
  557  558
  558  588
  558  559
  559  589
  559  560
  560  561
  560  589
  561  590
  561  589
  561 1619
  562  621
  562  591
  563  564
  563  591
  564  565
  564  591
  565  593
  565  592
  566 1620
  566 2301
  566  594
  567 2241
  567 2221
  567  568
  567  596
  567  595
  568 2172
  568  596
  568 2109
  569 2172
  569  597
  569  598
  569 2033
  569 2109
  570  598
  570 2007
  570  599
  570 1938
  570 2033
  571 1938
  571 2057
  571 1676
  571 1886
  571  599
  573 1677
  574  603
  574  575
  574 1679
  575  603
  575  604
  575 1621
  575 1894
  576  605
  576  606
  577  607
  577 1622
  578  608
  579 2295
  580  610
  580 2303
  581  611
  581 2345
  581  582
  582  611
  582  583
  583  613
  583  584
  583  612
  584  614
  584  613
  584  585
  585  615
  585  586
  586  616
  586  615
  586  587
  587  649
  587  617
  587  616
  587  588
  588  589
  589  619
  589  618
  589  620
  589  590
  590  621
  590  620
  590 1619
  591  623
  591  592
  591  621
  592  623
  592  593
  593 2321
  593  624
  593  623
  593 1620
  594 2301
  594 2321
  595  626
  595 2301
  595 2241
  595 2221
  596 2172
  596 2150
  596 2241
  597  628
  597 2172
  597 2150
  597  598
  598 2033
  598 2045
  599 1886
  599  630
  599 2007
  599 1938
  600 1680
  600 1676
  600  632
  600  601
  600  631
  602 1678
  602 1681
  603 1679
  603 1681
  603  604
  604 1906
  604  635
  604 1940
  605 1906
  605 1940
  605  636
  605  637
  605  606
  606  607
  606  637
  606 1622
  607 2068
  607 1622
  607 2119
  607  638
  608  639
  608 2169
  608 1760
  608  638
  609 2285
  609  639
  609 2295
  609  671
  609 2303
  610 2376
  610  640
  610  611
  610 2346
  611  642
  611  643
  611  641
  611  612
  612  644
  612  643
  612  613
  613  645
  613  614
  614  647
  614  646
  614  645
  614  615
  615  648
  615  647
  616  648
  617  680
  617  650
  617  618
  617  649
  618  619
  618  682
  619  682
  619  652
  619  620
  620  652
  620  621
  621  622
  621  654
  621  653
  622  623
  622  654
  623  624
  623  686
  623  656
  624  687
  624  656
  625  658
  625 2301
  626  658
  627  660
  627 2150
  628  660
  628 2150
  628  661
  629 1821
  629  630
  630  631
  630 1886
  631 1868
  631  663
  631  662
  631 1886
  633  666
  634  666
  635 1860
  636  667
  637 1980
  638  669
  638 2069
  638 2119
  639 2295
  639 2212
  639  671
  639  670
  639 1760
  640 2303
  640  702
  640  671
  641 2376
  641  703
  641  673
  641  672
  642  643
  642  673
  643  673
  643  674
  644  645
  644  674
  645  677
  645  646
  645  676
  646  677
  647  678
  647  648
  647  677
  648  679
  648  678
  649  680
  649  679
  650  681
  650  682
  650  680
  651  652
  652  684
  652  683
  653  654
  654  684
  655  685
  655  686
  656  686
  657 2313
  657  688
  657 2321
  658  689
  658 1623
  658  659
  659 2208
  659  689
  660  690
  660 1761
  660 1820
  660 2208
  661  691
  661 1820
  661 1762
  661 2045
  662  692
  663  693
  663  694
  663 1680
  663  664
  663 1868
  664 1738
  665  666
  666 1682
  666 1681
  666  696
  666 1860
  667  697
  667 1980
  667  698
  667 1906
  668  699
  668  698
  668 2024
  668 2069
  668 1980
  669  699
  669 2133
  669 2169
  670  700
  670 2169
  671  701
  672  703
  672 1763
  672 1822
  672  702
  672 2376
  673  704
  673  674
  674  736
  674  705
  674  704
  675  705
  676  706
  676  677
  676  705
  677  678
  677  706
  678 1853
  678  707
  679  709
  679  680
  679 1853
  680  711
  680  710
  680  709
  681 1625
  681  682
  682  712
  682 1625
  682  683
  683  684
  684  685
  684  712
  685  714
  685  686
  685  715
  685  713
  686  717
  686  716
  686  715
  687 2321
  687  688
  687  718
  688 2314
  688  718
  689  719
  689 2313
  689 2208
  690 2185
  690 2208
  690 1761
  690 2236
  691 2008
  691 2049
  691 1820
  691  721
  691 1762
  692 1868
  692 1821
  692  723
  693  724
  696  727
  696  757
  696  728
  696 1860
  697 1912
  697  728
  697  698
  697 1860
  698  729
  698 1980
  698 2024
  698  728
  699  730
  699 2024
  699 2133
  699 1764
  700 2257
  700  731
  700 2212
  700  732
  700 2133
  701  733
  701 2258
  701  702
  701 2257
  702 1763
  702  733
  703  734
  703  704
  704  734
  704  736
  705  706
  705  737
  707  708
  707  737
  708  739
  708  738
  709 1853
  709  740
  710 1765
  710  741
  712  742
  712  743
  712  713
  712 1625
  713  714
  713  744
  713  743
  714  745
  714  744
  715  716
  716  717
  717  747
  717 1823
  717  718
  717  746
  718 1626
  718  748
  718  747
  719 2314
  719 2277
  719  749
  719 2236
  720  750
  720 1761
  721 1820
  721  750
  722  723
  722 1762
  723  754
  723 1950
  723 1869
  723  724
  723  753
  724 1861
  724  754
  724  725
  725  754
  726 1684
  726 1683
  726  727
  727 1682
  727 1683
  727  757
  728 1895
  728  758
  728 1997
  729 1962
  729 1997
  729  759
  730 2024
  730 1764
  730  759
  731 2178
  731 2133
  731  761
  732  762
  732 2178
  733 2372
  733 2271
  734 1624
  734 1822
  734  735
  735  764
  735 1624
  735  765
  735  736
  736  766
  736  737
  736  765
  737  767
  737  766
  737  738
  738  739
  739  740
  739  769
  739  767
  739 1853
  740 1765
  740  769
  740 1853
  741 1825
  741  770
  741  742
  741 1625
  742 1625
  742  743
  742 1825
  743  772
  743  771
  744  774
  744  772
  744  745
  745  775
  745  746
  746  775
  747 1823
  747 1626
  747 1807
  747 1766
  748  777
  748 2312
  748 2277
  748 1626
  748 2314
  749  778
  749 2185
  749 1824
  750 1824
  750  779
  750  751
  750 1767
  751  780
  751  779
  751  752
  751 2049
  752 2008
  752  781
  752  753
  752  780
  753 1950
  753  781
  754 1950
  754  814
  754  755
  756 1685
  757 1907
  757  785
  759 2000
  759 2024
  760 2073
  761  789
  761 2104
  762 2258
  762  790
  762 2200
  763 2372
  763 2330
  763  791
  764 1624
  764  793
  764  765
  764  792
  765  766
  765  795
  766  767
  766  796
  767 1770
  767  797
  767  768
  767  796
  768  830
  768  769
  768  797
  768  798
  769  798
  769  799
  769 1765
  770 1765
  770  801
  770  800
  771 1768
  771  772
  771  802
  771 1825
  772  802
  772  803
  773  804
  773  835
  773  774
  774  805
  774 1627
  774  775
  774  804
  775  805
  775 1823
  776 2312
  776 1807
  776  838
  776 1626
  776 1769
  776  807
  776 1766
  777  808
  777 2312
  777  809
  777 2277
  778 2277
  778 1767
  778  809
  778 1824
  779  812
  779 1767
  779  780
  779  811
  780  812
  780  781
  781 1887
  781  813
  781 1950
  782  814
  782 1887
  785  817
  785 1684
  785 1686
  786  818
  786 1895
  786  819
  786 2000
  786 1962
  786 1907
  787 2073
  787  819
  787  851
  787 2064
  788 2104
  788  820
  788 2157
  788 2070
  788 2064
  789 2178
  789 2157
  789 2200
  790  822
  790 2233
  790 2200
  790 2271
  790  823
  791 2304
  791  824
  791 2271
  792  825
  792  826
  792  793
  792 2330
  793  827
  793  794
  793  826
  795  828
  795  796
  795  827
  796 1770
  797  829
  798  831
  798 1844
  798  830
  799  831
  800 1826
  800 1765
  801 1825
  801 1826
  802  803
  802  833
  802 1768
  803  866
  803  834
  803  835
  805 1627
  805  868
  805  837
  805  836
  806 1769
  806  837
  806  807
  807 2339
  807  837
  807 1769
  808  839
  808  838
  809  810
  809 2222
  809 2277
  810  811
  810  841
  810  840
  810 1767
  811 2034
  811 2087
  811  842
  812 2034
  812  844
  812  813
  813 1888
  813  844
  814  815
  814 1687
  814  845
  816 1686
  817  818
  817  849
  817  848
  818 1907
  818 1896
  818  849
  818  850
  818  819
  819  851
  819 2000
  819 2009
  819 1977
  820 2110
  820 2064
  820  852
  820  851
  820 2157
  821 2201
  821  852
  821 2231
  821 2157
  822 2224
  823  855
  823 2271
  824  855
  825 1773
  825 2304
  825 2342
  826 1773
  826  858
  826  827
  827  858
  827  828
  828  859
  828  858
  828 1770
  829 1770
  829  830
  829  860
  831 1844
  831 1771
  831 1826
  832  863
  832 1825
  832  864
  832 1768
  832  833
  833  865
  833  864
  833 1768
  834  897
  834  896
  834  865
  835  867
  835 1627
  835  866
  836  898
  836  868
  836  867
  837  869
  837  868
  838 2322
  838  870
  838 2339
  839  871
  839 2322
  839 2222
  840  904
  840  872
  842  874
  842 2038
  843 2034
  843  874
  843 1976
  844 1948
  844 1976
  844 1888
  845  876
  845 1688
  845  877
  845  846
  845 1887
  846 1687
  847 1689
  847  848
  848  849
  848 1689
  848 1686
  849 1896
  849 1689
  850  880
  851 2110
  851 2054
  852 2161
  852 2157
  852  853
  852 2110
  853 2231
  853 2161
  853  883
  853 1772
  854  855
  854 2231
  854 2224
  855 2315
  855  856
  856 2305
  856 2342
  856  885
  857  858
  857  888
  857  887
  857 1773
  858  890
  858  888
  858  859
  859  892
  859  860
  859  890
  859 1770
  860  893
  860  892
  860 1770
  861  862
  861 1844
  862  894
  862  893
  862 1771
  862 1844
  863 1826
  863 1771
  863  864
  864  896
  864  895
  865  896
  866 1827
  866  867
  866  897
  867 1827
  867 1774
  867 1627
  868  899
  868  898
  869  901
  869 2339
  869  899
  870  902
  870 2290
  871 2223
  871  904
  871  903
  872 2162
  872  873
  872  904
  872 2087
  873 2087
  873 2050
  873 2162
  874 2050
  874 1948
  874 1983
  875  876
  875  907
  875 1888
  875 1945
  876 1888
  876 1688
  876  908
  877 1688
  879  913
  879 1858
  880 1952
  880  914
  880  881
  880 2002
  880  913
  880 1977
  881 2054
  881 2009
  882 2110
  882  915
  882 2055
  883 1772
  883 2268
  883  916
  883 2264
  884 2268
  884 1772
  884  885
  884  918
  884 2315
  884  917
  885  886
  885  918
  885  919
  885 2315
  886 1773
  886  921
  886  919
  887  952
  887  922
  887  888
  887 1773
  889  953
  889  922
  889  923
  889  890
  891  955
  891  892
  891  923
  892  925
  892  893
  893  926
  893  925
  893  894
  894  958
  894  928
  894  895
  894 1771
  894  926
  895  896
  895  929
  895 1771
  896  930
  896  897
  897  931
  897  930
  898  899
  898 1775
  898 1774
  900  934
  900  933
  900  901
  901 2339
  901  935
  901  902
  902 2340
  902  935
  902 2290
  903  936
  903  937
  903 2322
  904 2163
  904  937
  905  939
  905 2050
  905  938
  906 2050
  906 1628
  906  940
  907 1983
  907 1908
  907  941
  907  940
  908  942
  909 1688
  909  942
  910 1691
  910 1688
  911  912
  911 1689
  912 1689
  912  973
  913 1898
  913  945
  913 1896
  914  946
  914  947
  914 2055
  914 2002
  915 2055
  915  916
  915 2120
  915 2161
  916 2161
  916 2264
  916  948
  917  949
  917 1828
  917  918
  917 2264
  918  950
  918  919
  919 1776
  919 2355
  919  920
  920 2355
  920  921
  920  951
  921  951
  921 1773
  922  981
  922  953
  922  952
  923  954
  923  955
  923  953
  924  925
  925  985
  925  957
  925  956
  926  957
  927  957
  927  958
  928  988
  928  958
  929 1777
  929  959
  929  930
  930  960
  930 1777
  931  960
  931  961
  931 1827
  932 1774
  932  962
  932 1775
  932  961
  932 1827
  933 1775
  933  993
  933  934
  933  963
  933  962
  934  964
  934  963
  934  935
  935  965
  935  964
  936 2310
  936 2291
  936  966
  937 2199
  937  966
  938 2082
  938 2162
  939 1628
  940  968
  940 1983
  941 1897
  941  969
  942 1908
  942  970
  942 1690
  944  973
  945 1858
  945  973
  946 2002
  946 1005
  946  974
  946 1973
  946  947
  947 2055
  947 1005
  947 1851
  948 2120
  948 2121
  948 2134
  948 2173
  948 2264
  949 2173
  949  977
  950  978
  950 2347
  951  979
  951  980
  951  952
  952  981
  952  980
  953  982
  953  981
  954  983
  955  956
  956  984
  956  985
  956  983
  957  958
  957  986
  957  985
  958  987
  959 1777
  959  989
  959  988
  960  961
  960  991
  961  992
  961  962
  961 1827
  962 1023
  962  993
  962 1775
  963  994
  963  964
  963  993
  964 2377
  964  994
  965 2291
  965 2310
  965  995
  965 2377
  966  996
  966 2226
  966  997
  967  998
  967 2174
  967 2163
  967 2082
  967 2199
  967  997
  968 1628
  968 2026
  968  999
  968  969
  968 2082
  968  998
  969 1000
  969 1932
  969  999
  970 1897
  970 1001
  970 1693
  970 1691
  970  971
  970 1000
  971 1692
  972  973
  973 1033
  973 1003
  973 1898
  974 1973
  974 1952
  974 1003
  974 1004
  975 2025
  975 2060
  975 1005
  976 2121
  976 2090
  976 1007
  977 2265
  977 1008
  977 2225
  977 1828
  977 2135
  978 2265
  978 2297
  978 1009
  978 1776
  979 2355
  979 1010
  979 2298
  979  980
  980 1010
  980 1012
  980  981
  981  982
  982 1042
  982 1013
  982  983
  982 1014
  982 1012
  983 1015
  983  984
  984 1015
  985 1016
  985 1015
  985  986
  986 1017
  988 1047
  988 1018
  988  989
  988 1017
  989 1777
  989 1018
  990 1777
  990  991
  991 1629
  991 1022
  992 1022
  992 1023
  993 1024
  993  994
  994 1025
  994 1024
  995 1025
  995 2334
  995  996
  995 2310
  996 2310
  996 1026
  997 2174
  997 2226
  997 2199
  998 2174
  998 1028
  998 2122
  998 2082
  999 1909
  999 1932
  999 2026
 1000 1932
 1000 1030
 1000 1897
 1001 1694
 1003 1898
 1003 1859
 1003 1034
 1004 1961
 1004 1034
 1005 1973
 1005 1006
 1005 1953
 1006 1955
 1007 2060
 1008 2248
 1008 2225
 1008 1038
 1008 2238
 1008 2265
 1009 2292
 1009 2265
 1009 1039
 1010 1011
 1010 2373
 1010 1040
 1011 1041
 1011 1012
 1011 2368
 1012 1042
 1012 1041
 1012 1073
 1013 1043
 1013 1042
 1014 1043
 1014 1044
 1014 1015
 1015 1016
 1015 1044
 1016 1046
 1016 1017
 1016 1045
 1017 1047
 1017 1046
 1018 1631
 1018 1048
 1018 1047
 1019 1020
 1019 1777
 1020 1080
 1020 1049
 1020 1048
 1020 1629
 1020 1777
 1021 1051
 1021 1022
 1021 1049
 1022 1023
 1023 1052
 1023 1778
 1023 1024
 1024 1084
 1024 1053
 1024 1025
 1024 1052
 1025 2377
 1025 1053
 1025 1054
 1026 1056
 1027 1829
 1027 2174
 1028 1058
 1028 2035
 1028 1059
 1029 1060
 1030 1061
 1030 1695
 1030 1693
 1030 1932
 1031 1695
 1032 1696
 1032 1033
 1033 1064
 1033 1696
 1034 1961
 1034 1064
 1034 1065
 1036 2025
 1036 2217
 1036 2056
 1036 1955
 1036 1066
 1037 2245
 1037 2249
 1038 1069
 1039 2293
 1039 2248
 1039 1070
 1040 2298
 1040 1071
 1041 1072
 1041 1073
 1042 1074
 1043 1044
 1044 1106
 1044 1075
 1044 1076
 1045 1077
 1045 1046
 1046 1078
 1046 1047
 1047 1078
 1048 1080
 1048 1631
 1049 1081
 1049 1080
 1049 1629
 1050 1051
 1050 1081
 1051 1114
 1051 1778
 1052 1778
 1052 1083
 1053 1085
 1053 1116
 1053 1084
 1054 2334
 1054 1085
 1055 1831
 1055 1086
 1055 2306
 1055 2334
 1056 1086
 1056 1829
 1056 2213
 1056 2214
 1056 2306
 1057 2075
 1057 1088
 1057 1779
 1057 1058
 1057 1829
 1058 2122
 1058 2075
 1059 1089
 1059 1060
 1059 2035
 1060 1933
 1060 1090
 1060 1089
 1060 1930
 1060 2026
 1061 1091
 1061 1909
 1061 1092
 1061 1930
 1062 1092
 1064 1859
 1064 1095
 1064 1065
 1065 1966
 1065 1956
 1065 1781
 1065 1096
 1065 1780
 1065 1095
 1066 1780
 1066 1955
 1067 1098
 1067 1068
 1067 2091
 1067 2249
 1068 2249
 1068 2245
 1068 2187
 1068 1098
 1069 1099
 1069 1100
 1069 2187
 1069 1070
 1071 1102
 1071 2368
 1071 2293
 1071 1630
 1072 2368
 1072 1073
 1072 1102
 1073 1103
 1073 1104
 1073 1074
 1074 1105
 1074 1104
 1074 1075
 1075 1137
 1075 1106
 1076 1107
 1076 1077
 1076 1106
 1077 1108
 1077 1078
 1077 1107
 1078 1079
 1078 1109
 1078 1631
 1079 1080
 1079 1110
 1079 1111
 1079 1631
 1080 1111
 1080 1113
 1080 1081
 1081 1113
 1082 1782
 1082 1114
 1083 1084
 1083 1115
 1083 1114
 1083 1778
 1084 1115
 1084 1116
 1085 1831
 1085 1117
 1085 1116
 1086 2306
 1086 1118
 1086 1831
 1086 1784
 1087 1149
 1087 1120
 1087 1779
 1088 2071
 1088 1120
 1089 1121
 1090 1122
 1090 1930
 1090 1933
 1091 1930
 1091 1123
 1092 1093
 1092 1698
 1092 1695
 1092 1123
 1093 1739
 1094 1696
 1095 1781
 1095 1126
 1095 1696
 1095 1699
 1096 1127
 1096 1780
 1096 1128
 1097 2123
 1097 1780
 1097 2091
 1097 1129
 1097 2056
 1098 1130
 1098 2123
 1098 1099
 1099 2187
 1099 1100
 1099 1130
 1099 2278
 1100 1131
 1100 1132
 1100 2286
 1101 1630
 1101 2286
 1101 1132
 1102 1630
 1102 1134
 1102 1103
 1102 2368
 1103 2363
 1103 1104
 1103 1134
 1104 1136
 1104 1105
 1105 1137
 1105 1136
 1106 1139
 1106 1107
 1106 1137
 1107 1139
 1108 1168
 1108 1140
 1108 1139
 1109 1632
 1109 1140
 1110 1111
 1111 1633
 1111 1141
 1112 1113
 1112 1143
 1113 1143
 1113 1782
 1114 1145
 1114 1115
 1115 1146
 1115 1176
 1115 1116
 1116 1146
 1117 1831
 1117 1830
 1117 1147
 1117 1146
 1118 1784
 1118 1119
 1118 1148
 1119 1149
 1119 2214
 1119 2341
 1119 1148
 1120 2088
 1121 1150
 1121 1974
 1121 2075
 1121 2035
 1122 1974
 1122 1123
 1123 1152
 1123 1151
 1125 1699
 1126 1154
 1126 1186
 1127 2013
 1127 1781
 1127 1128
 1127 1917
 1128 1129
 1128 1780
 1129 2092
 1129 2123
 1129 1157
 1129 1780
 1130 2123
 1130 1159
 1130 1158
 1130 2278
 1131 1160
 1131 2278
 1131 2279
 1131 1132
 1132 2364
 1132 1160
 1133 2378
 1133 2335
 1133 2364
 1133 1161
 1134 2378
 1134 1162
 1134 1135
 1135 1785
 1135 1162
 1135 2363
 1136 2363
 1136 1137
 1136 1832
 1136 1164
 1137 1832
 1137 1138
 1138 1199
 1138 1139
 1138 1166
 1138 1165
 1139 1166
 1139 1168
 1140 1169
 1140 1168
 1141 1632
 1141 1170
 1141 1169
 1141 1633
 1142 1170
 1142 1172
 1142 1143
 1142 1171
 1142 1633
 1143 1204
 1143 1173
 1143 1782
 1143 1172
 1144 1782
 1144 1174
 1144 1145
 1144 1173
 1145 1176
 1145 1175
 1145 1174
 1146 1177
 1146 1176
 1147 1830
 1147 1177
 1148 2267
 1148 2341
 1148 1178
 1149 1179
 1149 2341
 1149 2164
 1149 2088
 1149 1180
 1150 1181
 1150 2071
 1150 2088
 1151 1182
 1151 1183
 1151 1910
 1151 1152
 1152 1701
 1152 1153
 1152 1698
 1152 1183
 1153 1700
 1153 1698
 1154 1699
 1154 1186
 1155 1781
 1155 1865
 1155 1186
 1157 1189
 1158 1191
 1159 2227
 1159 1191
 1160 1192
 1160 1193
 1160 1635
 1160 2364
 1161 1194
 1161 1193
 1161 2364
 1162 1195
 1163 2281
 1163 2296
 1163 1195
 1164 1809
 1164 1832
 1164 1197
 1164 1785
 1165 1198
 1165 1199
 1165 1832
 1166 1167
 1166 1199
 1167 2379
 1167 1201
 1167 1168
 1167 1200
 1168 1201
 1169 1232
 1169 1170
 1169 1201
 1169 1632
 1170 1633
 1170 1202
 1170 1203
 1171 1203
 1172 1203
 1172 1204
 1173 1205
 1173 1204
 1173 1782
 1174 1206
 1174 1175
 1174 1205
 1175 1207
 1175 1206
 1176 1208
 1176 1177
 1177 1208
 1177 1634
 1177 1783
 1178 1209
 1178 1783
 1179 1210
 1180 1211
 1180 2088
 1180 1181
 1180 2164
 1181 2088
 1181 1182
 1181 1212
 1181 1974
 1182 2003
 1182 1974
 1182 1910
 1183 1215
 1183 1214
 1185 1186
 1186 1249
 1186 1218
 1187 1918
 1187 1218
 1187 1188
 1187 1917
 1187 1865
 1188 1917
 1188 1918
 1188 1189
 1188 1219
 1189 2017
 1189 1220
 1189 2093
 1189 1219
 1189 2013
 1190 1221
 1190 1191
 1190 2228
 1190 2093
 1192 2279
 1192 1222
 1192 1635
 1192 2227
 1193 1635
 1193 1194
 1193 1224
 1193 1223
 1193 2364
 1194 1226
 1194 1195
 1194 2378
 1195 2378
 1195 1226
 1196 2280
 1196 2287
 1196 2296
 1197 1809
 1197 2287
 1197 2296
 1198 2369
 1198 1832
 1198 1229
 1198 1199
 1198 1786
 1199 2369
 1199 2379
 1200 1231
 1200 1201
 1200 2379
 1201 1232
 1201 1231
 1202 1233
 1202 1234
 1202 1203
 1202 1232
 1203 1235
 1203 1234
 1204 1787
 1204 1205
 1204 1810
 1204 2348
 1205 2370
 1205 1787
 1205 1206
 1206 1238
 1206 1207
 1207 1238
 1207 1208
 1208 1240
 1208 1834
 1208 1239
 1209 2267
 1209 2308
 1209 1634
 1209 1210
 1210 2349
 1210 1833
 1210 1241
 1211 1242
 1212 2003
 1212 1243
 1213 1910
 1214 1246
 1214 1215
 1214 1911
 1214 1910
 1215 1246
 1215 1216
 1215 1701
 1216 1740
 1217 1249
 1218 1865
 1218 1250
 1219 2017
 1219 1918
 1220 1252
 1220 1221
 1220 2093
 1221 1253
 1221 2124
 1221 2093
 1221 2228
 1222 2227
 1222 1254
 1222 1635
 1222 2317
 1222 2228
 1223 1224
 1223 2317
 1223 1635
 1224 1225
 1224 2336
 1225 2229
 1225 1256
 1225 1226
 1226 1835
 1226 1791
 1226 1258
 1226 2281
 1227 1258
 1227 1228
 1228 2287
 1228 1290
 1228 1260
 1229 1261
 1229 2272
 1229 2369
 1230 2369
 1230 1261
 1230 2311
 1231 2350
 1231 2311
 1231 2356
 1232 2356
 1232 1264
 1232 1233
 1233 1234
 1233 1265
 1234 1265
 1234 1235
 1235 2348
 1235 1266
 1236 1267
 1236 2348
 1236 1810
 1236 2357
 1237 2381
 1237 2370
 1237 1811
 1238 2370
 1238 1239
 1238 1270
 1238 1269
 1239 1270
 1239 1789
 1239 1834
 1240 1271
 1240 2308
 1240 1634
 1241 1272
 1241 1273
 1241 2308
 1242 1243
 1242 1833
 1242 2140
 1243 2140
 1243 1275
 1243 2042
 1244 2004
 1244 1277
 1244 1276
 1244 1904
 1244 1911
 1244 1275
 1245 1790
 1246 1790
 1246 1247
 1246 1278
 1248 1249
 1248 1741
 1249 1702
 1249 1250
 1250 1919
 1250 1792
 1250 1251
 1250 1702
 1251 1918
 1251 1792
 1252 2089
 1252 1283
 1253 2228
 1253 1285
 1253 1284
 1254 2317
 1254 1255
 1254 1285
 1255 1286
 1255 1285
 1256 1287
 1256 1257
 1256 2229
 1257 1835
 1258 2281
 1258 1289
 1258 1791
 1259 1290
 1259 1289
 1260 2272
 1260 1292
 1260 1261
 1260 1291
 1261 2307
 1261 1262
 1262 1637
 1262 1292
 1262 1263
 1263 2311
 1263 2350
 1263 1637
 1264 2350
 1264 1638
 1264 1265
 1264 1295
 1265 1266
 1265 2289
 1265 1638
 1266 2357
 1266 2309
 1267 2358
 1267 1298
 1267 1788
 1268 1812
 1268 1298
 1269 2380
 1269 1836
 1269 1300
 1269 1270
 1269 1301
 1269 2371
 1270 1302
 1270 1789
 1270 2367
 1271 1304
 1271 1834
 1271 2299
 1271 2308
 1271 2367
 1272 2308
 1272 1304
 1273 1305
 1273 2250
 1273 1833
 1274 1306
 1275 1307
 1275 2004
 1276 1308
 1277 1790
 1277 1308
 1278 1703
 1278 1279
 1278 1790
 1279 1703
 1281 1312
 1281 1313
 1282 2096
 1282 1314
 1282 1283
 1282 1792
 1283 2089
 1283 2096
 1283 2017
 1284 1315
 1284 1347
 1284 1285
 1284 1316
 1284 2124
 1285 2209
 1285 1317
 1285 1316
 1286 2209
 1286 1318
 1286 1287
 1286 1319
 1286 2336
 1286 2229
 1287 1319
 1287 1288
 1288 1837
 1289 1321
 1289 2179
 1289 1791
 1290 2179
 1290 1323
 1291 1324
 1291 1292
 1291 1323
 1292 2195
 1292 1324
 1292 1293
 1293 2216
 1293 1325
 1294 1637
 1294 1327
 1294 1295
 1294 2216
 1295 1638
 1296 1328
 1296 2202
 1296 2309
 1297 1330
 1297 1329
 1298 2260
 1298 1788
 1298 2215
 1299 2215
 1299 1812
 1300 2337
 1300 1794
 1300 1301
 1301 1333
 1301 1302
 1302 2380
 1302 2367
 1302 1333
 1303 2299
 1303 1852
 1303 1333
 1304 2299
 1304 1336
 1304 2250
 1304 1335
 1305 2136
 1305 1337
 1305 1338
 1306 2137
 1306 2083
 1306 1339
 1306 1338
 1306 2042
 1307 2042
 1307 1795
 1308 1340
 1308 1795
 1308 1790
 1309 1863
 1309 1790
 1309 1341
 1311 1704
 1311 1312
 1312 1705
 1312 1702
 1312 1344
 1312 1343
 1312 1313
 1313 1899
 1313 1792
 1314 1792
 1314 1346
 1314 1345
 1315 1796
 1315 1347
 1315 2089
 1316 1317
 1316 1348
 1316 1347
 1317 2188
 1317 1349
 1318 2180
 1318 1319
 1318 1350
 1319 1636
 1319 1351
 1319 1350
 1320 1352
 1320 1321
 1320 1351
 1321 1322
 1321 1837
 1321 1352
 1321 1636
 1322 2061
 1322 1354
 1323 1355
 1323 2145
 1323 1324
 1324 1355
 1325 1356
 1325 2146
 1325 2195
 1326 2216
 1326 1357
 1326 1327
 1327 1359
 1327 1358
 1327 1328
 1328 2289
 1328 2203
 1328 1359
 1328 1638
 1329 2202
 1329 2175
 1329 2259
 1330 2215
 1330 1362
 1330 2210
 1330 1361
 1330 2260
 1331 2274
 1331 2282
 1331 2210
 1332 2337
 1332 2343
 1332 2282
 1332 1364
 1332 1793
 1332 1794
 1333 2337
 1333 1852
 1334 2232
 1334 2299
 1334 1335
 1334 2273
 1335 1336
 1335 1368
 1335 2299
 1336 1368
 1336 1337
 1336 2250
 1337 1369
 1337 1338
 1337 1368
 1338 2084
 1338 1369
 1338 2083
 1339 1399
 1339 1370
 1339 1795
 1340 1963
 1340 1795
 1340 1863
 1340 1370
 1341 1342
 1341 1703
 1342 1703
 1343 1705
 1344 1373
 1344 1706
 1345 1375
 1345 1639
 1345 1346
 1346 2089
 1346 1376
 1346 2096
 1347 1796
 1347 1376
 1347 1348
 1348 1377
 1348 1349
 1349 2230
 1349 1377
 1349 1797
 1350 1379
 1350 1380
 1350 1797
 1350 1351
 1351 1410
 1351 2079
 1351 1380
 1352 2043
 1352 2079
 1352 2061
 1353 2027
 1353 2036
 1353 2061
 1354 2112
 1354 2036
 1354 2145
 1354 1383
 1355 2145
 1355 1384
 1355 1385
 1355 2195
 1356 2094
 1356 1385
 1357 2076
 1357 2146
 1357 1387
 1357 1358
 1358 2147
 1358 1387
 1359 2203
 1359 1389
 1359 2158
 1360 2099
 1360 2202
 1360 2203
 1360 2158
 1361 2111
 1361 1391
 1361 1362
 1361 2175
 1362 1363
 1362 2210
 1363 1392
 1364 2274
 1364 1365
 1364 1392
 1364 2282
 1365 2352
 1365 2343
 1366 1394
 1366 2232
 1366 2352
 1366 2343
 1366 1852
 1366 2337
 1367 1395
 1367 1396
 1367 1368
 1368 1396
 1369 2138
 1369 2084
 1369 1398
 1370 2010
 1370 1399
 1370 1795
 1371 1863
 1372 1706
 1373 1706
 1373 1374
 1373 1404
 1374 1870
 1374 1375
 1374 1899
 1374 1404
 1375 1981
 1375 1899
 1376 1981
 1376 1639
 1376 1407
 1376 1406
 1376 2062
 1376 1796
 1377 2014
 1377 2230
 1378 1379
 1378 2251
 1378 1408
 1379 2252
 1379 2015
 1379 1380
 1380 1410
 1381 2043
 1381 1410
 1382 2047
 1382 1412
 1382 2027
 1383 1412
 1383 1413
 1383 1442
 1384 1414
 1384 1385
 1384 1413
 1385 2095
 1385 1414
 1385 2195
 1386 1798
 1386 2051
 1387 1798
 1387 2076
 1387 1388
 1387 2072
 1387 2147
 1388 2205
 1389 2147
 1389 2158
 1389 2127
 1389 2205
 1389 1417
 1390 2100
 1390 2105
 1390 1418
 1391 2100
 1391 2065
 1391 2105
 1391 1392
 1392 1421
 1392 1393
 1392 1422
 1392 2274
 1393 2189
 1393 1423
 1394 2189
 1394 1424
 1394 2232
 1394 1395
 1395 2232
 1395 2128
 1395 1424
 1396 1425
 1396 1800
 1396 2138
 1397 1398
 1397 1800
 1398 2084
 1398 1427
 1398 2077
 1398 1399
 1399 2084
 1399 1429
 1399 1428
 1400 1925
 1400 1850
 1400 1401
 1400 1863
 1401 1402
 1401 1708
 1401 1430
 1401 1863
 1402 1708
 1403 1706
 1403 1707
 1404 1870
 1404 1433
 1404 1709
 1404 1706
 1405 1434
 1405 1870
 1406 1407
 1406 1435
 1406 1981
 1407 2014
 1408 1436
 1408 1437
 1408 2014
 1408 2230
 1409 1438
 1409 2015
 1410 2015
 1410 1990
 1410 1439
 1410 1440
 1411 2046
 1411 1991
 1411 1934
 1411 1440
 1412 2036
 1412 1934
 1412 1442
 1412 1935
 1413 1443
 1413 1414
 1413 1442
 1413 2112
 1414 1443
 1414 1444
 1415 1445
 1415 1798
 1416 2205
 1416 1838
 1416 1798
 1416 1802
 1416 1447
 1417 1448
 1417 1418
 1417 2127
 1418 1419
 1418 1448
 1418 2099
 1419 1450
 1419 2019
 1419 1449
 1420 2019
 1420 2028
 1420 1421
 1420 1451
 1421 1422
 1421 1799
 1421 2028
 1422 1799
 1422 1423
 1423 2113
 1423 1452
 1424 2142
 1424 2113
 1424 1640
 1425 2128
 1425 1800
 1425 2141
 1426 2081
 1426 1800
 1427 2077
 1427 1428
 1427 1457
 1428 1458
 1428 1457
 1429 1936
 1429 1963
 1429 1458
 1429 2010
 1430 1459
 1430 1460
 1433 1463
 1434 1466
 1434 1435
 1434 1981
 1434 1465
 1435 1984
 1435 1466
 1435 1981
 1436 1499
 1436 1468
 1436 1437
 1436 1469
 1436 1946
 1436 1984
 1437 2251
 1437 1469
 1437 1957
 1438 1926
 1438 1957
 1438 1439
 1439 1440
 1439 1920
 1440 1920
 1440 1900
 1440 1471
 1440 1990
 1441 1935
 1441 1900
 1442 1474
 1442 1998
 1443 1998
 1443 1801
 1443 1444
 1444 1445
 1444 1801
 1444 1475
 1445 2051
 1445 1446
 1445 1475
 1445 1476
 1446 1838
 1447 1942
 1447 1448
 1447 2205
 1447 1802
 1448 2205
 1448 1449
 1449 1942
 1449 1479
 1449 1941
 1450 1943
 1450 1941
 1451 2028
 1451 1943
 1451 1482
 1452 1483
 1452 1484
 1452 2066
 1452 1799
 1453 1484
 1453 1454
 1453 1640
 1454 1958
 1454 1455
 1454 1486
 1455 1456
 1455 1486
 1455 1800
 1455 2141
 1456 1975
 1457 1964
 1457 1458
 1457 2081
 1457 1488
 1457 2077
 1458 1927
 1458 1489
 1459 1850
 1459 1805
 1459 1936
 1459 1490
 1460 1708
 1460 1461
 1460 1491
 1461 1491
 1461 1710
 1462 1711
 1462 1709
 1462 1463
 1463 1494
 1463 1709
 1463 1712
 1463 1464
 1464 1495
 1464 1465
 1464 1494
 1464 1870
 1465 1496
 1465 1466
 1465 1870
 1466 1946
 1466 1496
 1467 1498
 1467 1871
 1468 1499
 1468 1498
 1469 2181
 1469 1500
 1469 1499
 1470 1502
 1470 1920
 1470 1926
 1471 1502
 1471 1503
 1471 1920
 1472 1935
 1472 1505
 1473 1506
 1473 1505
 1474 1935
 1474 1801
 1474 1506
 1475 1508
 1475 1476
 1475 1801
 1476 1510
 1476 1509
 1477 1839
 1478 1942
 1478 1803
 1478 1901
 1478 1511
 1479 1513
 1479 1480
 1479 1901
 1479 1942
 1480 1481
 1480 1941
 1481 1866
 1482 2028
 1482 1516
 1482 1515
 1483 1841
 1483 1641
 1483 1484
 1483 1804
 1484 2066
 1484 1641
 1484 1958
 1485 1518
 1485 1519
 1485 1486
 1485 1958
 1486 1642
 1486 1519
 1487 1642
 1487 1521
 1488 1964
 1488 1975
 1488 1978
 1488 1521
 1488 2081
 1489 1522
 1489 1964
 1489 1927
 1489 1552
 1490 1927
 1490 1523
 1490 1805
 1490 1864
 1490 1936
 1491 1525
 1491 1492
 1491 1805
 1494 1722
 1494 1713
 1494 1495
 1494 1528
 1495 1529
 1495 1496
 1496 1530
 1496 1529
 1496 1871
 1497 1531
 1497 1530
 1498 1856
 1498 1531
 1498 1499
 1499 1500
 1500 1856
 1500 1501
 1500 2181
 1501 1533
 1501 1532
 1502 1872
 1502 1725
 1502 1503
 1502 1533
 1503 1535
 1503 1725
 1503 1900
 1504 1505
 1504 1535
 1504 1900
 1505 1536
 1506 1716
 1506 1537
 1506 1935
 1507 1878
 1507 1537
 1507 1538
 1507 1801
 1508 1801
 1508 1539
 1508 1509
 1508 1878
 1509 1510
 1510 1921
 1510 1539
 1511 1541
 1511 1512
 1511 1921
 1511 1803
 1512 1543
 1512 1513
 1513 1901
 1513 1543
 1513 1866
 1514 1544
 1514 1943
 1514 1543
 1515 1516
 1515 1544
 1515 1943
 1516 1806
 1516 1841
 1516 2028
 1517 1877
 1518 1641
 1518 1877
 1518 1862
 1519 1867
 1519 1862
 1519 1549
 1519 1642
 1520 1550
 1520 1521
 1520 1867
 1521 1978
 1521 1522
 1521 1975
 1522 1552
 1522 1550
 1523 1552
 1523 1553
 1524 1554
 1524 1553
 1524 1805
 1525 1805
 1525 1555
 1525 1526
 1525 1554
 1527 1722
 1528 1557
 1528 1559
 1528 1558
 1528 1713
 1529 1560
 1529 1713
 1529 1965
 1530 1723
 1530 1965
 1530 1714
 1530 1562
 1530 1871
 1531 1564
 1531 1714
 1531 1856
 1532 1724
 1532 1715
 1532 1566
 1532 1856
 1533 1568
 1533 1715
 1533 1534
 1533 1872
 1534 1569
 1535 1572
 1535 1571
 1535 1536
 1535 1725
 1536 1716
 1536 1572
 1537 1574
 1537 1575
 1537 1538
 1537 1716
 1538 1576
 1538 1575
 1539 1578
 1539 1717
 1539 1579
 1539 1540
 1540 1580
 1540 1579
 1541 1730
 1541 1921
 1541 1542
 1541 1581
 1542 1584
 1542 1582
 1542 1543
 1543 1718
 1543 1585
 1543 1584
 1544 1718
 1544 1545
 1544 1587
 1544 1943
 1545 1590
 1545 1589
 1545 1806
 1546 1590
 1546 1592
 1546 1877
 1546 1804
 1547 1548
 1547 1593
 1547 1732
 1547 1862
 1548 1594
 1548 1595
 1548 1549
 1549 1867
 1549 1719
 1549 1596
 1550 1719
 1550 1551
 1550 1598
 1551 1600
 1551 1552
 1551 1599
 1552 1864
 1552 1720
 1552 1601
 1553 1603
 1553 1734
 1553 1554
 1554 1604
 1554 1721
 1554 1603
 1554 1805
 1555 1721
 1557 1722
 1560 1713
 1560 1723
 1562 1714
 1564 1714
 1564 1724
 1566 1715
 1568 1715
 1569 1725
 1572 1726
 1574 1727
 1576 1728
 1578 1729
 1580 1730
 1585 1731
 1587 1718
 1590 1806
 1592 1877
 1594 1732
 1596 1719
 1598 1719
 1601 1733
 1603 1734
 1606 1721
 1607 1654
 1611 1742
 1612 2106
 1612 2085
 1614 2324
 1615 2326
 1617 2240
 1617 2183
 1623 2302
 1623 2313
 1624 2354
 1628 2082
 1630 2335
 1630 2293
 1637 2216
 1638 2289
 1639 2018
 1640 2142
 1640 2066
 1640 2113
 1641 1877
 1642 1867
 1644 1645
 1644 1854
 1646 1654
 1647 1891
 1647 1648
 1648 1891
 1652 1735
 1655 1656
 1659 1660
 1660 1661
 1661 1662
 1662 1663
 1663 1665
 1664 1666
 1665 1916
 1666 1667
 1667 1736
 1668 1669
 1669 1671
 1670 1672
 1671 1673
 1673 1737
 1674 1675
 1675 1677
 1676 1886
 1677 1678
 1678 1679
 1679 1681
 1680 1738
 1682 1683
 1684 1685
 1685 1686
 1689 1858
 1690 1691
 1691 1692
 1693 1694
 1694 1695
 1696 1697
 1697 1699
 1698 1739
 1700 1701
 1701 1740
 1702 1741
 1702 1704
 1703 1790
 1706 1707
 1707 1709
 1708 1710
 1711 1712
 1712 1722
 1716 1726
 1716 1727
 1717 1878
 1717 1729
 1717 1728
 1718 1731
 1720 1733
 1720 1734
 1728 1878
 1730 1921
 1742 1928
 1743 1879
 1745 1814
 1747 1815
 1750 2167
 1752 1816
 1752 2256
 1752 2353
 1753 1817
 1754 2263
 1754 2338
 1754 2329
 1755 1808
 1755 1756
 1755 2326
 1755 2332
 1756 1758
 1756 1808
 1757 1818
 1757 2329
 1758 2365
 1759 1819
 1759 1885
 1760 2204
 1760 2295
 1761 1820
 1762 1821
 1762 2012
 1763 2354
 1763 2372
 1763 1822
 1764 2070
 1764 2133
 1766 1769
 1766 1807
 1767 1824
 1769 1823
 1772 2268
 1772 2231
 1773 2342
 1776 2297
 1779 1829
 1779 2213
 1781 1917
 1783 1784
 1784 1830
 1785 2296
 1786 2272
 1786 1809
 1786 1832
 1787 1811
 1787 1810
 1788 1811
 1788 1810
 1789 1834
 1791 1835
 1791 1837
 1792 1899
 1793 1812
 1794 1836
 1794 1812
 1796 2089
 1798 2076
 1799 2028
 1800 2138
 1802 1803
 1802 1839
 1802 1838
 1803 1839
 1804 1806
 1804 1841
 1808 1840
 1809 2275
 1810 1811
 1812 2381
 1812 2282
 1814 2184
 1816 2237
 1816 2256
 1816 2351
 1818 2329
 1818 2338
 1819 1885
 1821 2012
 1822 2354
 1829 2226
 1829 2213
 1830 1831
 1833 2136
 1833 2140
 1833 2164
 1834 2367
 1835 1837
 1836 2381
 1836 2371
 1838 1839
 1839 1921
 1841 1985
 1841 2028
 1842 1843
 1845 1992
 1846 1889
 1846 1847
 1848 2323
 1849 1875
 1849 1924
 1851 2121
 1851 2060
 1851 2055
 1852 2273
 1860 1912
 1861 1869
 1863 1963
 1868 1869
 1871 1946
 1872 2181
 1874 1880
 1874 1937
 1875 1922
 1876 1884
 1879 1882
 1881 1883
 1883 2005
 1887 1888
 1892 1903
 1893 1916
 1895 1907
 1897 1908
 1898 1952
 1899 1902
 1900 1991
 1903 2005
 1904 1911
 1906 1940
 1906 1912
 1910 1911
 1915 1979
 1918 1919
 1922 1923
 1922 1969
 1925 1963
 1925 1936
 1926 2181
 1927 1936
 1929 1931
 1933 1974
 1938 2057
 1939 1940
 1941 1944
 1943 1944
 1945 1948
 1953 1961
 1953 1973
 1953 1960
 1954 1955
 1955 1966
 1955 1960
 1957 2251
 1960 1966
 1960 1961
 1961 1967
 1961 1973
 1962 1999
 1964 1978
 1966 1967
 1970 1971
 1971 1972
 1971 2006
 1976 2034
 1979 2080
 1981 2018
 1983 2050
 1984 2014
 1987 1993
 1989 1994
 1990 2046
 1995 1996
 1997 1999
 2000 2073
 2001 2011
 2003 2004
 2006 2183
 2007 2012
 2012 2045
 2014 2062
 2014 2230
 2019 2065
 2019 2105
 2020 2021
 2023 2031
 2025 2217
 2027 2043
 2027 2046
 2029 2030
 2031 2033
 2032 2037
 2040 2052
 2042 2140
 2043 2079
 2043 2046
 2044 2117
 2046 2047
 2050 2087
 2051 2095
 2054 2055
 2056 2249
 2056 2217
 2058 2085
 2063 2098
 2064 2073
 2068 2069
 2071 2075
 2076 2152
 2077 2081
 2083 2084
 2089 2125
 2090 2217
 2090 2225
 2090 2135
 2091 2123
 2092 2093
 2094 2095
 2094 2146
 2094 2152
 2095 2153
 2097 2098
 2098 2156
 2099 2100
 2099 2111
 2099 2127
 2101 2103
 2102 2148
 2106 2154
 2107 2218
 2107 2108
 2108 2109
 2112 2145
 2113 2189
 2114 2130
 2115 2155
 2115 2131
 2115 2165
 2118 2176
 2120 2121
 2124 2125
 2126 2179
 2126 2145
 2127 2158
 2132 2276
 2134 2135
 2135 2225
 2136 2140
 2136 2137
 2139 2182
 2139 2168
 2141 2142
 2144 2243
 2144 2192
 2149 2190
 2149 2184
 2150 2172
 2152 2153
 2154 2196
 2158 2203
 2162 2163
 2165 2166
 2168 2246
 2170 2206
 2170 2198
 2171 2182
 2177 2244
 2177 2194
 2178 2200
 2180 2188
 2183 2240
 2186 2187
 2187 2245
 2188 2209
 2189 2352
 2191 2193
 2192 2196
 2193 2211
 2201 2224
 2207 2218
 2208 2236
 2208 2242
 2210 2215
 2212 2257
 2213 2214
 2215 2260
 2217 2249
 2222 2223
 2224 2231
 2225 2238
 2227 2228
 2229 2336
 2235 2300
 2237 2351
 2239 2284
 2240 2244
 2241 2242
 2247 2294
 2248 2265
 2251 2252
 2253 2254
 2254 2331
 2256 2288
 2256 2300
 2257 2258
 2258 2271
 2259 2309
 2259 2260
 2260 2357
 2261 2262
 2262 2263
 2264 2268
 2265 2347
 2266 2359
 2267 2349
 2272 2307
 2272 2275
 2275 2287
 2278 2279
 2280 2281
 2283 2294
 2283 2319
 2288 2327
 2289 2309
 2290 2291
 2290 2322
 2292 2293
 2292 2298
 2297 2355
 2297 2298
 2299 2367
 2301 2302
 2302 2321
 2304 2330
 2304 2305
 2306 2316
 2311 2379
 2313 2314
 2316 2334
 2317 2336
 2319 2320
 2328 2344
 2330 2354
 2335 2378
 2339 2340
 2345 2346
 2345 2366
 2351 2353
 2354 2372
 2357 2358
 2360 2361
 2361 2362
 2365 2366
 2368 2373
 2370 2371
