    2   53
    4 1663
    4   54
    5   55
    6   55
    8   56
    8 1655
    9   57
    9   56
   10   57
   12 1664
   12   58
   13   59
   14 1748
   14   59
   16 1666
   16   60
   18 1666
   18   61
   19   62
   20 1656
   22 1868
   22   63
   22 1657
   23 1868
   24   64
   25 1658
   25   65
   25   64
   27 1667
   27   66
   28   67
   30 1668
   30 1669
   32 1670
   32   68
   32 1659
   34 1670
   34   69
   35   70
   36   70
   38   71
   39 1671
   39   72
   40   73
   41 1660
   41   73
   43   74
   43 1661
   44   74
   45   75
   45 1662
   46   76
   47   77
   47   76
   48 1864
   48   77
   49 1863
   49   78
   50   78
   51   78
   52   53
   53  112
   53   80
   53   54
   54   82
   54   81
   54 1663
   55 1900
   55 1876
   55   83
   55 1663
   55   84
   55 1655
   56   57
   56   86
   56 1876
   57   58
   58 1664
   58   86
   58   87
   59 1664
   59  117
   59   89
   59 1665
   59   88
   60   90
   60   89
   60 1665
   60 1666
   61   91
   61   62
   61   92
   61 1666
   62 1875
   62 1656
   62   92
   63 1875
   64 1868
   64   65
   64   94
   65 1667
   65  124
   65   95
   66   95
   66 1616
   66   96
   66   67
   66 1667
   67 1668
   68 1659
   68   99
   68 1669
   68   98
   69   70
   69   99
   69 1670
   70 1934
   70   71
   70  100
   71   72
   71 1934
   72  103
   72  102
   72 1671
   73  103
   73 1671
   73  104
   74 1878
   74 1662
   75  106
   75   76
   75  107
   75 1878
   76   77
   77 1935
   77  107
   78 1863
   78   79
   78  109
   80  112
   81  113
   81   82
   81  112
   82 1903
   82   83
   84 1756
   84  114
   84   85
   84 1900
   85 1876
   85   86
   86   87
   86  114
   87  116
   87 1894
   87 1664
   89 1958
   89 1866
   89 1895
   89  117
   90 1895
   90   91
   91  120
   91   92
   91  119
   92  121
   92 2092
   93 1867
   93 1875
   94 1867
   94 1868
   95  125
   95 1616
   95  124
   96 1936
   96   97
   96 1668
   97 1968
   97   98
   97 1669
   97  126
   98 1911
   98   99
   98  127
   99  127
   99  100
  100  101
  100  128
  101 1934
  101  129
  101  130
  102  103
  103  132
  103  104
  103  131
  104  133
  104 1912
  105  133
  105 1912
  105 1878
  105  134
  105  106
  106  135
  106  107
  108  136
  108 1902
  108  109
  108 1863
  108 1935
  109 1902
  109  110
  109  137
  109 1863
  111  112
  111 1672
  112  140
  112 1673
  112  113
  113 1903
  113  171
  113  141
  113  140
  114 1970
  114  115
  114 1756
  114  143
  115 1617
  115 1894
  116 1894
  116  117
  116  146
  116 1617
  118  148
  118 1895
  118 1832
  118 1958
  119 1901
  119  120
  119 1832
  120 2092
  120  149
  121 2092
  121 1875
  121  122
  122  123
  122  151
  122 1867
  123 1867
  123  151
  123  152
  124 1910
  124  154
  124  153
  124  152
  124 1926
  125 2003
  125  154
  125 1926
  125 1936
  126 1968
  126 1936
  126  156
  126  155
  127  128
  127 1968
  127 1990
  127  157
  128 2064
  128  129
  128 1998
  129  159
  129 2064
  129  130
  130  160
  130 2025
  130  159
  131 1934
  131  132
  132 1949
  132 1755
  132  161
  133 1949
  133  134
  133 1755
  134 2065
  134 1980
  134  135
  134  163
  135 1935
  136 1935
  136 1904
  136  166
  136 1619
  137  167
  140  170
  140 1674
  140  171
  141 1952
  141  172
  141  142
  141  171
  142 1903
  143 2012
  143 1756
  144 1970
  144 1617
  144  175
  144 2012
  145  146
  145 1617
  146 2016
  146 2010
  146 1618
  147  177
  147 1958
  147  148
  147 2016
  147 2010
  148 1832
  148  178
  148  177
  149 2092
  149  179
  149  150
  149 1757
  149  178
  150 2017
  150  180
  150  179
  150 2092
  151  181
  151 1972
  151 1622
  151  182
  151 2110
  151  152
  151 2011
  152  153
  153  182
  153  183
  155 2003
  155  156
  156  186
  156  185
  156  157
  157 1833
  157 1968
  158 1998
  159  189
  159  188
  159 2025
  160  190
  160  161
  160 1934
  161  162
  162 2041
  162 1755
  162  191
  163 2077
  163  192
  163 1620
  163 1755
  164 1759
  164  193
  164 1980
  164 2065
  165 1759
  165 1980
  165  195
  165  196
  165 1619
  165 1935
  166 1904
  166 1619
  166  196
  167  198
  167 1902
  167  168
  169 1673
  170 1869
  170  201
  171 1950
  171 1869
  172  203
  172 2045
  172  173
  172 1621
  172 1952
  172 1756
  173 2012
  173 1756
  173  204
  173  203
  174 2012
  174 1764
  174  205
  174  175
  174  204
  175 1618
  175 2073
  175 1617
  176 2073
  176 1760
  176 2010
  176 1618
  177  207
  177 1834
  177  178
  178  210
  178  209
  178  179
  178  208
  178 1757
  179  211
  179  210
  180 2011
  180  181
  181  211
  182  213
  182  183
  183  215
  183 2003
  184 2105
  184 2099
  184  216
  184  215
  185 2105
  185  186
  185 2099
  186 1833
  186  219
  186 1758
  186  218
  186  217
  187  188
  187  220
  187  219
  187 1758
  188  221
  188  189
  188 2064
  189  251
  189  222
  189 2035
  190  191
  190 2025
  191 2103
  191 2041
  191  223
  191 2035
  191 2078
  192 2041
  193  226
  193 2077
  193  225
  193  194
  194 1759
  194 1762
  194  226
  195  227
  195 1762
  195 1759
  195  259
  196 2029
  196  259
  196  228
  196 1619
  197 1913
  197  229
  197 1904
  198 1904
  198  229
  198  199
  200 1675
  200 1674
  201  232
  201 1674
  201 1676
  202 1952
  202  233
  203  234
  203 2046
  203  235
  203  204
  205  236
  205 1763
  205 1764
  205 2073
  206 1763
  206 1760
  206  238
  206  237
  206 2073
  207 1760
  207  208
  207  272
  207  239
  207  238
  208  209
  209  210
  209  240
  209  239
  210  240
  210  241
  211 1622
  212 1622
  212  242
  212  243
  212  241
  213  244
  213 2083
  213  214
  214  215
  215 1623
  215  245
  215  216
  216  246
  216  245
  217 2099
  217  247
  217  218
  217  246
  218  283
  218  248
  218  219
  219  283
  219  220
  220  250
  220  249
  220  221
  221  251
  221  250
  222  252
  222 2078
  222  251
  223  254
  223 2103
  223  255
  223  224
  224 2077
  224  255
  224 2041
  225  256
  225  226
  225  255
  226  257
  226 1761
  227 1762
  227  257
  227  259
  227 1761
  228 1913
  228  260
  228  259
  229 1913
  229  230
  229  261
  230  261
  232 1678
  232 1869
  232  265
  232  264
  232 1950
  233 2046
  233  265
  233  266
  234  267
  234  302
  234  268
  234 2084
  234  235
  235  268
  235  269
  235 1764
  236 1764
  236 1763
  236  237
  236  269
  237  305
  237  271
  237  270
  237 1763
  238  272
  238  271
  239 1835
  239  274
  239  273
  239  240
  239  272
  240  274
  240  275
  241  242
  241 1622
  242  243
  242  276
  243  277
  243  278
  243  244
  243 2110
  244 2083
  244 1623
  245  280
  245  246
  245  279
  246  280
  246  281
  246  247
  247  281
  248  315
  248  283
  248  282
  249  284
  249  285
  249  250
  249  283
  250  285
  251  286
  251  285
  252  253
  252  286
  253 2103
  253  254
  254  288
  254  255
  254  287
  255  288
  255  256
  256  322
  256  291
  256  257
  256  290
  257 1761
  257  292
  257  291
  257  258
  258  259
  258 2054
  259  260
  260  294
  260  293
  261  295
  261 1679
  261  262
  262 1677
  263 1676
  264 1937
  264  265
  265  266
  265 1950
  266 1937
  266  301
  266 2084
  267 2088
  267 2084
  267  302
  268  303
  268  331
  268  302
  269  304
  269  270
  269 1764
  270  305
  270  304
  271  272
  272  306
  272  305
  274 1835
  274  307
  274 1765
  275  308
  275  276
  276  338
  276  309
  276  308
  276  277
  277 1625
  277  310
  277  278
  278  310
  278  311
  278  279
  278 1623
  279  280
  279  311
  279 1623
  280  342
  280  312
  280  313
  281  282
  282  315
  282  314
  283  316
  283  315
  284  346
  284  285
  284  317
  285  318
  285  286
  286  319
  286  287
  286  318
  288  349
  288  320
  288  319
  288  289
  289  321
  289  320
  289  290
  290  322
  290  321
  291 1624
  291  323
  291  322
  292  323
  293 2006
  294  325
  294 1913
  295 1913
  295  325
  297  298
  298 1681
  298  327
  298 1678
  299 1678
  299 1914
  299 1681
  299  328
  300  301
  300 2018
  300  329
  300 1937
  301 2084
  301 2013
  301  330
  301 2088
  302  331
  302 2122
  303  332
  303  304
  303  331
  304  364
  304  305
  304  332
  305  334
  305  306
  306  336
  306 1835
  306  335
  306  334
  307  337
  307 1765
  307  308
  307  336
  308  338
  308  337
  309  338
  310  372
  310  341
  310 1625
  310  340
  311  341
  312  373
  312  341
  313  314
  313  343
  313  342
  314  344
  314  343
  314  315
  315  376
  315  345
  315  344
  316  346
  317  318
  318  319
  318  378
  318  346
  319  349
  319  348
  319  347
  320  321
  320  349
  321  351
  321  350
  322 1624
  322  351
  323 2054
  323  353
  323  354
  323 1624
  324  354
  324  355
  324 1991
  324 2006
  324 2055
  325 2006
  325 1896
  325  356
  325  355
  325 1679
  326 1679
  328 1682
  328  359
  329  360
  330 2047
  331 2123
  331  362
  331  363
  331  332
  332  364
  333  395
  333  365
  333  334
  333  364
  334  367
  334  335
  334  365
  335  397
  336 1835
  336  368
  336  337
  336  397
  336 1765
  337  368
  337  338
  337  369
  338  369
  338  370
  339  371
  339  340
  339 1625
  341  373
  341  372
  342 1766
  342 1836
  342  343
  342  373
  343 1766
  343  344
  343  374
  344  375
  344  374
  345  406
  345  346
  345  377
  345  376
  347  348
  347  379
  347  378
  348  349
  348  379
  349  381
  349  350
  350  382
  350  351
  352  383
  352  382
  353 1624
  353  384
  353  354
  353  383
  354 2055
  354  385
  354 2066
  355 1943
  355 2006
  356 1680
  356 1683
  356  357
  356 1896
  356  386
  357 1749
  357 1683
  358 1682
  359 1684
  359  389
  359  390
  359 1914
  360 2047
  360 1992
  360  391
  360 2013
  360 1914
  361 2123
  361  391
  361  392
  361  362
  361 2047
  362  392
  362  393
  362  363
  363 1626
  363  394
  363  393
  365  396
  365  395
  367  396
  367  397
  368  398
  368  369
  369  398
  369  399
  370  400
  370  399
  370  371
  371  402
  371  401
  371  372
  371  400
  372  402
  372  373
  373  402
  374  375
  374 1766
  375  405
  375  404
  376  405
  377  436
  377  407
  377  378
  377  406
  378  408
  378  379
  378  407
  379  409
  379  408
  380  409
  380  381
  381  410
  381  382
  382  412
  382  411
  382  383
  383 2111
  383  413
  383  384
  383  412
  383 1624
  384  414
  385  415
  385 1991
  385 1944
  385 2066
  385 2019
  386  416
  388 1682
  388 1684
  389  419
  389  390
  390 1992
  390 1905
  390  420
  390 1914
  391 2047
  391 2030
  391  392
  392  422
  392  421
  392  393
  393  424
  393  423
  393  394
  394 1768
  395 1626
  395 1768
  395  396
  396  397
  396  426
  396  425
  397 1627
  397  426
  397  398
  398  428
  398  429
  398  399
  399  429
  399  400
  400  461
  400  431
  400  430
  402  431
  402  432
  402  403
  403 1836
  403  464
  403  433
  403 1766
  403  432
  404  465
  404  405
  404  433
  404 1766
  405  466
  405  406
  405  434
  406  436
  406  435
  407  438
  407  408
  407  436
  408  438
  408  409
  409  440
  409  439
  410  441
  410  411
  411  412
  412 1767
  412  442
  413 2111
  413  442
  414  444
  414 2066
  415  446
  416  446
  416 1945
  416 1906
  416 1870
  416 1683
  416  447
  417 1683
  419  450
  419 1684
  420  451
  421  452
  421 1628
  422  453
  423  454
  423  424
  423  453
  424 1826
  424  454
  424  455
  425  457
  425 1769
  425  426
  425 1768
  426  427
  426  457
  427  459
  427  490
  428 1627
  428  459
  429  491
  429  430
  429  459
  430  461
  430  460
  431  462
  431  463
  431  432
  431  461
  432  463
  433  464
  433 1766
  434  466
  434  465
  435  467
  435  436
  435  466
  436  499
  436  468
  436  467
  438  501
  438  469
  438  439
  438  468
  439  469
  439  470
  439  440
  440  471
  440  441
  440  470
  441  471
  441 1767
  442  473
  442  443
  442 1767
  443  473
  443  444
  444 2111
  444 2069
  444  475
  444 2020
  444  474
  445  476
  445 2069
  445  446
  445  477
  445 2020
  446 1945
  446 1906
  446  477
  447  448
  447  478
  447 1906
  447 1685
  449 1750
  449 1687
  449  450
  450  481
  450 1686
  450 1687
  450 1897
  451 1993
  451 1905
  451  481
  451  482
  452 2030
  452  483
  452 1994
  453  516
  453  485
  453  484
  453  454
  453 1628
  454  517
  454  486
  454  485
  455  486
  456 1771
  456  457
  456  488
  456 1769
  457  488
  457  489
  458  490
  459  490
  460  492
  460  461
  460  491
  461  493
  461  492
  462  463
  463  494
  463  495
  464  496
  464  465
  465  497
  465  466
  465  496
  466 1629
  466  498
  466  497
  466  467
  467  498
  468  501
  468  500
  468  499
  469  534
  469  470
  469  501
  470  503
  470  504
  470  471
  471 1770
  471 1767
  471 1837
  471  504
  472 1767
  473  507
  473  474
  473  506
  474  475
  475  508
  475  539
  475  507
  476 2069
  476 2048
  476  509
  476  508
  477 1838
  477  509
  478  510
  478 1772
  478  479
  481 1915
  481 1897
  481 1688
  481  513
  482  514
  482 1915
  482 1994
  483 1994
  483  515
  483 1628
  484  547
  484 1628
  485  548
  485  517
  486 1859
  486  518
  486  517
  487 1769
  487 1826
  487  519
  487  518
  488  519
  488  552
  488  520
  488 1771
  489  521
  489  490
  489  520
  490  554
  490  521
  490  522
  491  492
  492  493
  492  523
  493  526
  493  525
  493  494
  493  524
  494  526
  494  495
  495  559
  495  528
  495  527
  495  496
  496  529
  496  497
  497  529
  498  562
  498  499
  498  531
  498 1629
  499  532
  499  531
  499  500
  500  533
  500  532
  501  534
  503  566
  503  535
  503  534
  504  535
  504  536
  504  505
  505  537
  505 1770
  506 1837
  506  537
  506  538
  506  507
  507  539
  507  538
  508 2048
  508  539
  508 2069
  509  540
  509 1838
  509 2048
  510  542
  510 1689
  510  543
  510  511
  510 1772
  512 1690
  512 1687
  513  545
  514 2057
  514 1994
  514  546
  515  547
  515 2057
  515 1628
  516  548
  516  578
  516  547
  517  579
  517  549
  517  548
  518  519
  518  550
  519 1771
  519  552
  519  550
  520  553
  520  552
  521  554
  522  583
  522  523
  522  555
  522  554
  524  557
  524  525
  524  556
  525  526
  526  557
  526  558
  527  559
  528  560
  528  529
  528  559
  529  561
  529  560
  529 1629
  531  532
  531  562
  532 1630
  532  533
  532  564
  533  565
  533  534
  533  564
  534  566
  534  565
  535  567
  535 1631
  535  536
  537 1837
  537  596
  537  568
  537  538
  537  567
  537 1770
  538  539
  538  568
  539 2058
  539  570
  539  569
  540  571
  541 2082
  541 1838
  543 1689
  545  575
  545 1688
  545 1691
  545 1915
  546 1915
  546 1960
  546  577
  546 1632
  547  578
  547 2062
  549  580
  549  550
  549  579
  551  581
  551  552
  551  580
  552  553
  553  582
  553  581
  553  554
  554  582
  555  556
  555  583
  556  557
  556  584
  557  558
  557  585
  557  587
  558  588
  558  559
  559  589
  559  560
  560  590
  560  561
  561  562
  561  590
  562  591
  562  590
  562 1630
  563  622
  563  592
  564  565
  564  592
  565  566
  565  592
  566  594
  566  593
  567 1631
  567  626
  567  596
  567  595
  568  597
  568  596
  569  597
  569  570
  570  599
  570  598
  570  597
  571  599
  571 2031
  571  600
  571 1959
  571 2058
  572 1959
  572 2082
  572 1689
  572 1907
  572  600
  574 1690
  575  604
  575  576
  575 1692
  576  604
  576  605
  576 1632
  576 1915
  577 2057
  577  606
  578  608
  578  579
  578  609
  578 1633
  579  580
  579 1773
  579  609
  580  581
  581  610
  581  582
  582  611
  583  612
  583  584
  584  614
  584  585
  584  613
  585  615
  585  614
  585  586
  586  616
  586  587
  587  617
  587  616
  587  588
  588  650
  588  618
  588  617
  588  589
  589  590
  590  620
  590  619
  590  621
  590  591
  591  622
  591  621
  591 1630
  592  624
  592  593
  592  622
  593  624
  593  594
  594  624
  594 1631
  595 1634
  595  626
  595  625
  596  628
  596  597
  596  626
  597  629
  597  598
  598 2070
  598  629
  599 2058
  599 2070
  600  631
  600 2031
  600  630
  600 1959
  601 1693
  601 1689
  601  633
  601  602
  601  632
  603 1691
  603 1694
  604 1692
  604 1694
  604  605
  605 1927
  605  636
  605 1961
  606 1961
  606 1960
  606  637
  606  638
  606  607
  607  608
  607  638
  607 2062
  607 1633
  608 2093
  608 1633
  608  609
  608  639
  609  640
  609 1773
  610 1773
  610  672
  610  641
  610  611
  610  640
  611  642
  611  612
  611  641
  612  643
  612  644
  612  642
  612  613
  613  645
  613  644
  613  614
  614  646
  614  615
  615  648
  615  647
  615  646
  615  616
  616  649
  616  648
  617  649
  618  681
  618  651
  618  619
  618  650
  619  620
  619  683
  620  683
  620  653
  620  621
  621  653
  621  622
  622  623
  622  655
  622  654
  623  624
  623  655
  624  625
  624  687
  625  688
  625 1634
  625  657
  625  658
  626  659
  627  628
  628  661
  628  629
  628  660
  629  662
  629 1839
  629  661
  630 1840
  630  631
  631  632
  631 1907
  632 1889
  632  664
  632  663
  632 1907
  634  667
  635  667
  636 1881
  637 2004
  637  668
  638 2004
  638  669
  639  670
  639 2094
  639  671
  639  640
  640  672
  640  671
  640 1773
  641  673
  641  703
  641  642
  641  672
  642  704
  642  674
  643  644
  643  674
  644  674
  644  675
  645  646
  645  675
  646  678
  646  647
  646  677
  647  678
  648  679
  648  649
  648  678
  649  680
  649  679
  650  681
  650  680
  651  682
  651  683
  651  681
  652  653
  653  685
  653  684
  654  655
  655  685
  656  686
  657  688
  657  687
  659 1634
  659  690
  659  660
  659  689
  660  691
  660  661
  661 1774
  661 1839
  662  692
  662 1775
  662 2070
  663  693
  664  694
  664  695
  664 1693
  664  665
  664 1889
  665 1751
  666  667
  667 1695
  667 1694
  667  697
  667 1881
  668  698
  668  699
  668 1927
  669  700
  669  699
  669 2049
  669 2094
  670  700
  670 1777
  670  701
  671  702
  671  672
  672  703
  673  704
  673 1776
  673 1841
  673  703
  674  705
  674  675
  675  737
  675  706
  675  705
  676  706
  677  707
  677  678
  677  706
  678  679
  678  707
  679 1874
  679  708
  680  710
  680  681
  680 1874
  681  712
  681  711
  681  710
  682 1636
  682  683
  683  713
  683 1636
  683  684
  684  685
  685  686
  685  713
  686  715
  686  687
  686  716
  686  714
  687  718
  687  717
  687  716
  687  688
  688  689
  688  719
  689  719
  689  690
  689 1634
  690  749
  690  720
  690  719
  690  691
  691 1774
  691  721
  691  720
  692 2032
  692 2074
  692 1839
  692  722
  692 1775
  693 1889
  693 1840
  693  724
  694  725
  697  728
  697  758
  697  729
  697 1881
  698 1933
  698  729
  698  699
  698 1881
  699  730
  699 2004
  699 2049
  699  729
  700 2094
  700  731
  700 1777
  701  732
  701  702
  701  733
  701 1777
  702  734
  702  733
  703 1776
  704  735
  704  705
  705  735
  705  737
  706  707
  706  738
  708  709
  708  738
  709  740
  709  739
  710 1874
  710  741
  711 1778
  711  742
  713  743
  713  744
  713  714
  713 1636
  714  715
  714  745
  714  744
  715  746
  715  745
  716  717
  717  718
  718  748
  718 1842
  718  719
  718  747
  719 1637
  719  749
  720  750
  720  721
  721  751
  721 1843
  721  750
  721 1774
  722 1839
  722  751
  722 1774
  723  724
  723  754
  723 1775
  724  755
  724 1971
  724 1890
  724  725
  724  754
  725 1882
  725  755
  725  726
  726  755
  727 1697
  727 1696
  727  728
  728 1695
  728 1696
  728  758
  729 1916
  729  759
  729 2021
  730 1984
  730 2021
  730  760
  731 2049
  731  761
  732 1777
  732 2095
  732  733
  733  762
  733  734
  734  764
  734  763
  734 1776
  735 1841
  735 1776
  735  736
  735  764
  736  765
  736 1635
  736  766
  736  737
  737  767
  737  738
  737  766
  738  768
  738  767
  738  739
  739  740
  740  741
  740  770
  740  768
  740 1874
  741 1778
  741  770
  741 1874
  742 1844
  742  771
  742  743
  742 1636
  743 1636
  743  744
  743 1844
  744  773
  744  772
  745  775
  745  773
  745  746
  746  776
  746  747
  747  776
  748 1842
  748 1779
  749  779
  749  750
  749 1637
  751 1843
  751  781
  751  752
  751 1780
  752  782
  752  781
  752  753
  752 2074
  753 2032
  753  783
  753  754
  753  782
  754  783
  755 1971
  755  816
  755  756
  757 1698
  758 1928
  758  787
  759  788
  760 2024
  760 2049
  761 2098
  761 1777
  761 2089
  762  791
  762  763
  763  792
  763  791
  763  764
  764  793
  764  792
  764 1635
  764 1776
  765  795
  765  766
  766  767
  766  797
  767  768
  767  798
  768 1783
  768  799
  768  769
  768  798
  769  832
  769  770
  769  799
  769  800
  770  800
  770  801
  770 1778
  771 1778
  771  803
  771  802
  772 1781
  772  773
  772  804
  772 1844
  773  804
  773  805
  774  806
  774  837
  774  775
  775  807
  775 1638
  775  776
  775  806
  776  807
  776 1842
  777  840
  777  810
  777 1637
  777 1782
  777  809
  777 1779
  778 1637
  778  811
  778  779
  778  810
  779 1843
  779  812
  779  811
  779 1780
  780  781
  780  813
  780 1780
  781  814
  781  782
  781  813
  782  814
  782  783
  783 1908
  783  815
  783 1971
  784  816
  784 1908
  787  819
  787 1697
  787 1699
  788  820
  788 1916
  788  821
  788 2024
  788 1984
  789 2098
  789  821
  789  853
  789 2089
  790  822
  790  854
  790  823
  790  791
  790 2095
  790 2089
  791  824
  791  792
  791  823
  792  793
  792  825
  793  794
  793  826
  793 1635
  794  828
  794  827
  794  826
  794  795
  794 1635
  795  829
  795  796
  795  828
  797  830
  797  798
  797  829
  798 1783
  799  831
  800  833
  800 1865
  800  832
  801  833
  802 1845
  802 1778
  803 1844
  803 1845
  804  805
  804  835
  804 1781
  805  868
  805  836
  805  837
  807 1638
  807  870
  807  839
  807  838
  808 1782
  809  840
  809  839
  809 1782
  810  842
  810  811
  810  840
  810 1637
  811  842
  812 2112
  812  813
  812 1780
  812  842
  813 2059
  813 2112
  813  844
  813 1780
  814 2059
  814  846
  814  815
  815 1909
  815  846
  816  817
  816 1700
  816  847
  818 1699
  819  820
  819  851
  819  850
  820 1928
  820 1917
  820  851
  820  852
  820  821
  821  853
  821 2024
  821 2033
  821 2001
  822 2089
  822  854
  822  853
  823 1785
  823  856
  823  824
  823  854
  824  857
  825  857
  826  827
  826  857
  827 1786
  827  858
  828 1786
  828  860
  828  829
  829  860
  829  830
  830  861
  830  860
  830 1783
  831 1783
  831  832
  831  862
  833 1865
  833 1784
  833 1845
  834  865
  834 1844
  834  866
  834 1781
  834  835
  835  867
  835  866
  835 1781
  836  899
  836  898
  836  867
  837  869
  837 1638
  837  868
  838  900
  838  870
  838  869
  839  871
  839  840
  839  872
  839  870
  841  872
  841  842
  842  906
  842  874
  842  873
  844 2075
  844  876
  844 2063
  845  876
  845 2000
  846 1969
  846 2000
  846 1909
  847  878
  847 1701
  847  879
  847  848
  847 1908
  848 1700
  849 1702
  849  850
  850 1702
  850 1699
  851 1917
  851 1702
  851  881
  852  882
  853  884
  853 2079
  853  854
  854  885
  854  855
  854  884
  855 1785
  856  886
  856  887
  856  857
  857  858
  858  887
  859  860
  859  890
  859  889
  859 1786
  860  892
  860  890
  860  861
  861  894
  861  862
  861  892
  861 1783
  862  895
  862  894
  862 1783
  863  864
  863 1865
  864  896
  864  895
  864 1784
  864 1865
  865 1845
  865 1784
  865  866
  866  898
  866  897
  867  898
  868 1846
  868  869
  868  899
  869 1846
  869 1787
  869 1638
  870  901
  870  900
  871  903
  871  872
  871  901
  872  905
  872  903
  872  904
  872  873
  873  906
  873  905
  874  875
  874  906
  874 2112
  875 2112
  875  907
  875  906
  876 2075
  876 1969
  876 2007
  877  878
  877  909
  877 1909
  877 1966
  878 1909
  878 1701
  878  910
  879 1701
  881  915
  881 1879
  882 1973
  882  916
  882  883
  882 2026
  882  915
  882 2001
  883 2079
  883 2033
  883  916
  884  917
  884 2080
  884  918
  884  885
  885  919
  885 1785
  885  918
  886 1785
  886  887
  886  919
  887  888
  888 1786
  888  923
  888  921
  889  954
  889  924
  889  890
  889 1786
  891  955
  891  924
  891  925
  891  892
  893  957
  893  894
  893  925
  894  927
  894  895
  895  928
  895  927
  895  896
  896  960
  896  930
  896  897
  896 1784
  896  928
  897  898
  897  931
  897 1784
  898  932
  898  899
  899  933
  899  932
  900  901
  900 1788
  900 1787
  902  936
  902  935
  904  937
  904  905
  905  938
  905  939
  905  937
  906  940
  906  939
  906  907
  907  941
  907  940
  907 2075
  908 2075
  908 1639
  908  942
  909 2007
  909 1929
  909  943
  909  942
  910  944
  911 1701
  911  944
  912 1704
  913  914
  913 1702
  914 1702
  914  975
  915 1919
  915  947
  915 1917
  916  948
  916  949
  916 2080
  917  918
  917 1872
  918 1872
  918  919
  919 1847
  919  951
  919  950
  919 1785
  920  952
  920  921
  920 1847
  921 1790
  921  922
  921  952
  922 1790
  922  923
  922  953
  923  953
  923 1786
  924  984
  924  955
  924  954
  925  956
  925  957
  925  955
  926  927
  927  988
  927  959
  927  958
  928  959
  929  959
  929  960
  930  991
  930  960
  931 1791
  931  961
  931  932
  932  962
  932 1791
  933  962
  933  963
  933 1846
  934 1787
  934  964
  934 1788
  934  963
  934 1846
  935 1788
  935  996
  935  936
  935  965
  935  964
  936  966
  936  965
  936  937
  937  967
  937  966
  937  938
  938  968
  938  967
  939  969
  939  940
  940 2107
  940  969
  941 1639
  941 2107
  942  970
  942 2007
  943 1918
  943  971
  944 1929
  944  972
  944 1703
  946  975
  947 1879
  947  975
  948 2026
  948 1995
  948  976
  948  977
  948  949
  949 2080
  949 1872
  949  977
  950  979
  950  951
  950 1872
  951  979
  952 1847
  952 1789
  953  982
  953  954
  953 1790
  954  984
  954  983
  955  985
  955  984
  956  986
  957  958
  958  987
  958  988
  958  986
  959  960
  959  989
  959  988
  960  990
  961 1791
  961  992
  961  991
  962  963
  962  994
  963  964
  963  995
  963 1846
  964 1026
  964  996
  964 1788
  965  996
  966  997
  966  967
  967  998
  967  968
  967  997
  968 1000
  968  999
  968  969
  969 1001
  969 1000
  970 1639
  970 2051
  970 1002
  970  971
  970 2107
  970 1001
  971 1003
  971 1953
  971 1002
  972 1918
  972 1004
  972 1706
  972 1704
  972  973
  972 1003
  973 1705
  974  975
  975 1036
  975 1006
  975 1919
  976 1973
  976 1006
  976 1007
  976 1995
  977 1008
  977  978
  978 2050
  978 1008
  978 2085
  979 2115
  979 1010
  979 1872
  979  980
  980 1847
  980 2115
  980 1040
  981  982
  981 1790
  981 1789
  982 1013
  982 1012
  982 1790
  983 1013
  983 1015
  983  984
  984  985
  985 1045
  985 1016
  985  986
  985 1017
  985 1015
  986 1018
  986  987
  987 1018
  988 1019
  988 1018
  988  989
  989 1020
  991 1050
  991 1021
  991  992
  991 1020
  992 1791
  992 1021
  993 1791
  993  994
  994 1640
  994 1025
  995 1025
  995 1026
  996 1027
  996  997
  997  998
  997 1027
  998 1058
  998 1029
  998 1028
  999 1000
 1000 1029
 1000 1001
 1001 1031
 1001 1030
 1001 2107
 1002 1032
 1002 1930
 1002 2051
 1003 1033
 1003 1918
 1004 1707
 1006 1919
 1006 1880
 1006 1037
 1007 1982
 1007 1037
 1008 1995
 1008 1009
 1008 1974
 1009 1976
 1010 2085
 1010 1039
 1011 1847
 1011 1041
 1011 1012
 1011 1040
 1011 1789
 1012 1043
 1012 1013
 1012 1042
 1012 1041
 1012 1789
 1013 1043
 1014 1015
 1014 1043
 1015 1045
 1015 1044
 1015 1076
 1016 1046
 1016 1045
 1017 1046
 1017 1047
 1017 1018
 1018 1019
 1018 1047
 1019 1049
 1019 1020
 1019 1048
 1020 1050
 1020 1049
 1021 1642
 1021 1051
 1021 1050
 1022 1023
 1022 1791
 1023 1083
 1023 1052
 1023 1051
 1023 1640
 1023 1791
 1024 1054
 1024 1025
 1024 1052
 1025 1026
 1026 1055
 1026 1792
 1026 1027
 1027 1087
 1027 1056
 1027 1028
 1027 1055
 1028 1058
 1028 1056
 1028 1057
 1029 1030
 1029 1058
 1030 1060
 1030 1059
 1030 1031
 1031 2060
 1031 1062
 1031 1061
 1031 1060
 1032 1063
 1033 1064
 1033 1708
 1033 1706
 1033 1953
 1034 1708
 1035 1709
 1035 1036
 1036 1067
 1036 1709
 1037 1982
 1037 1067
 1037 1068
 1039 1070
 1039 2081
 1039 2050
 1039 1976
 1039 2115
 1039 1069
 1040 1070
 1040 1041
 1040 1071
 1040 1072
 1042 1641
 1042 1073
 1042 1074
 1042 1043
 1043 1044
 1043 1075
 1043 1074
 1044 1075
 1044 1076
 1045 1077
 1046 1047
 1047 1109
 1047 1078
 1047 1079
 1048 1080
 1048 1049
 1049 1081
 1049 1050
 1050 1081
 1051 1083
 1051 1642
 1052 1084
 1052 1083
 1052 1640
 1053 1054
 1053 1084
 1054 1117
 1054 1792
 1055 1792
 1055 1086
 1056 1088
 1056 1119
 1056 1087
 1057 1088
 1058 1850
 1058 1089
 1058 1059
 1058 1088
 1059 1121
 1059 1090
 1059 1089
 1059 1793
 1059 1848
 1060 2100
 1060 1848
 1060 1091
 1060 1793
 1061 2100
 1062 1063
 1062 2051
 1062 2060
 1063 1954
 1063 1093
 1063 1092
 1063 1951
 1063 2051
 1064 1094
 1064 1930
 1064 1095
 1065 1095
 1067 1880
 1067 1098
 1067 1068
 1068 1988
 1068 1977
 1068 1795
 1068 1099
 1068 1794
 1068 1098
 1069 1794
 1069 1976
 1070 1101
 1070 2115
 1070 1071
 1070 2116
 1071 1072
 1071 1101
 1072 1103
 1072 1102
 1072 1073
 1073 1641
 1073 1135
 1073 1104
 1074 1105
 1074 1075
 1075 1076
 1075 1105
 1076 1106
 1076 1107
 1076 1077
 1077 1108
 1077 1107
 1077 1078
 1078 1140
 1078 1109
 1079 1110
 1079 1080
 1079 1109
 1080 1111
 1080 1081
 1080 1110
 1081 1082
 1081 1112
 1081 1642
 1082 1083
 1082 1113
 1082 1114
 1082 1642
 1083 1114
 1083 1116
 1083 1084
 1084 1116
 1085 1796
 1085 1117
 1086 1087
 1086 1118
 1086 1117
 1086 1792
 1087 1118
 1087 1119
 1088 1850
 1088 1119
 1089 1850
 1089 1798
 1090 1152
 1090 1123
 1090 1122
 1090 1793
 1090 1121
 1091 2096
 1091 1793
 1091 1123
 1092 1124
 1093 1125
 1093 1951
 1093 1954
 1094 1951
 1094 1126
 1095 1096
 1095 1711
 1095 1708
 1095 1126
 1096 1752
 1097 1709
 1098 1795
 1098 1129
 1098 1709
 1098 1712
 1099 1130
 1099 1794
 1099 1131
 1100 2116
 1100 1794
 1100 1101
 1100 1132
 1100 2081
 1101 1102
 1101 1132
 1101 1133
 1102 1103
 1102 1134
 1102 1163
 1103 1134
 1104 1137
 1104 1135
 1105 1641
 1105 1106
 1106 1107
 1106 1137
 1107 1799
 1107 1139
 1107 1138
 1108 1140
 1109 1142
 1109 1110
 1109 1140
 1110 1142
 1111 1172
 1111 1143
 1111 1142
 1112 1643
 1112 1143
 1113 1114
 1114 1644
 1114 1144
 1115 1116
 1115 1146
 1116 1146
 1116 1796
 1117 1148
 1117 1118
 1118 1149
 1118 1180
 1118 1119
 1119 1149
 1120 1149
 1121 1798
 1121 1122
 1121 1151
 1122 1183
 1122 1151
 1123 2113
 1123 1153
 1124 1154
 1124 1996
 1124 2100
 1124 2060
 1125 1996
 1125 1126
 1126 1156
 1126 1155
 1128 1712
 1129 1158
 1129 1190
 1130 1131
 1130 2040
 1130 1795
 1130 1160
 1131 2040
 1131 1132
 1131 1794
 1132 2117
 1132 1133
 1132 1161
 1132 1794
 1133 1163
 1133 2117
 1133 1162
 1134 1163
 1134 1135
 1135 1165
 1135 1136
 1135 1164
 1136 1137
 1137 1166
 1137 1165
 1137 1138
 1137 1641
 1138 1166
 1139 1140
 1139 1851
 1139 1799
 1140 1851
 1140 1141
 1141 1203
 1141 1142
 1141 1170
 1141 1169
 1142 1170
 1142 1172
 1143 1173
 1143 1172
 1144 1643
 1144 1174
 1144 1173
 1144 1644
 1145 1174
 1145 1176
 1145 1146
 1145 1175
 1145 1644
 1146 1208
 1146 1177
 1146 1796
 1146 1176
 1147 1796
 1147 1178
 1147 1148
 1147 1177
 1148 1180
 1148 1179
 1148 1178
 1149 1181
 1149 1180
 1150 1849
 1150 1797
 1150 1181
 1151 1183
 1151 1797
 1151 1798
 1152 1184
 1152 1153
 1152 1183
 1153 1184
 1154 1185
 1154 2096
 1155 1186
 1155 1187
 1155 1931
 1155 1156
 1156 1714
 1156 1157
 1156 1187
 1156 1711
 1157 1713
 1157 1711
 1158 1712
 1158 1190
 1159 1795
 1159 1886
 1159 1190
 1160 1192
 1161 1193
 1162 1195
 1162 1163
 1163 1164
 1164 1197
 1164 1646
 1164 1165
 1164 1196
 1165 1197
 1165 1198
 1165 1166
 1166 1199
 1166 1198
 1167 1231
 1167 1200
 1167 1799
 1167 1199
 1168 1800
 1168 1201
 1168 1851
 1168 1200
 1168 1799
 1170 1234
 1170 1204
 1170 1203
 1171 1205
 1171 1172
 1172 1205
 1173 1236
 1173 1174
 1173 1643
 1174 1644
 1174 1206
 1174 1207
 1176 1207
 1176 1208
 1177 1209
 1177 1208
 1177 1796
 1178 1210
 1178 1179
 1179 1211
 1179 1210
 1180 1212
 1180 1181
 1181 1212
 1181 1645
 1181 1797
 1182 1183
 1182 1797
 1183 1852
 1183 1215
 1183 1213
 1183 1184
 1184 1185
 1184 1215
 1184 2113
 1185 2113
 1185 1186
 1185 1216
 1185 1996
 1186 1217
 1186 2027
 1186 1996
 1187 1219
 1187 1218
 1189 1190
 1190 1253
 1190 1222
 1191 1939
 1191 1222
 1191 1192
 1191 1938
 1191 1886
 1192 1939
 1192 1193
 1192 1223
 1193 2042
 1193 1224
 1193 2118
 1193 1223
 1193 2037
 1194 1225
 1194 1195
 1194 2117
 1195 2117
 1195 1225
 1195 1257
 1195 1226
 1195 1196
 1196 1226
 1197 1646
 1197 1228
 1197 1229
 1197 1227
 1198 1230
 1198 1199
 1199 1231
 1200 1232
 1200 1231
 1200 1799
 1201 1800
 1202 1851
 1202 1233
 1202 1801
 1202 1203
 1203 1233
 1204 1266
 1204 1205
 1204 1235
 1204 1234
 1205 1236
 1205 1235
 1206 1237
 1206 1238
 1206 1207
 1206 1236
 1207 1240
 1207 1239
 1207 1208
 1207 1238
 1208 1803
 1208 1209
 1208 1828
 1209 1803
 1209 1210
 1209 1241
 1210 1241
 1210 1211
 1211 1242
 1211 1212
 1212 1244
 1212 1853
 1212 1243
 1213 1645
 1213 1245
 1213 1244
 1213 1214
 1214 1245
 1215 1802
 1215 1246
 1215 1852
 1216 2027
 1216 1247
 1217 1248
 1217 1931
 1218 1250
 1218 1219
 1218 1932
 1218 1931
 1219 1250
 1219 1220
 1219 1714
 1220 1753
 1221 1253
 1222 1886
 1222 1254
 1223 1255
 1223 2042
 1224 1256
 1224 1225
 1224 2118
 1225 2118
 1225 1257
 1226 1646
 1226 1259
 1226 1257
 1227 1228
 1227 1259
 1228 1291
 1228 1260
 1228 1259
 1229 1261
 1229 1260
 1229 1230
 1230 1854
 1230 1807
 1230 1262
 1230 1231
 1230 1261
 1231 1232
 1231 1262
 1232 1827
 1232 1294
 1232 1264
 1232 1233
 1232 1801
 1233 1801
 1233 1264
 1233 1234
 1234 1266
 1234 1265
 1235 1236
 1235 1266
 1236 1268
 1236 1267
 1238 1270
 1238 1269
 1239 1240
 1240 1270
 1241 1855
 1241 1242
 1241 1803
 1242 1855
 1242 1243
 1242 1274
 1243 1274
 1243 1805
 1243 1853
 1244 1245
 1244 1276
 1244 1645
 1245 1852
 1245 1277
 1246 1247
 1246 1278
 1246 1802
 1247 2067
 1247 2028
 1247 1278
 1248 2028
 1248 1281
 1248 1280
 1248 1925
 1248 1279
 1249 1806
 1250 1251
 1250 1282
 1252 1253
 1252 1754
 1253 1715
 1253 1254
 1254 1940
 1254 1809
 1254 1255
 1254 1715
 1255 1939
 1255 1809
 1256 2114
 1256 1288
 1256 1319
 1256 1257
 1256 1287
 1257 1289
 1257 1288
 1258 1259
 1258 1289
 1259 1291
 1259 1289
 1259 1646
 1260 1292
 1260 1291
 1262 1807
 1263 1326
 1263 1293
 1263 1294
 1264 1296
 1264 1265
 1264 1294
 1265 1266
 1266 1648
 1266 1297
 1266 1296
 1267 1298
 1267 1268
 1268 1649
 1268 1269
 1268 1299
 1268 1298
 1269 1300
 1269 1649
 1269 1270
 1270 1301
 1270 1271
 1270 1300
 1271 1828
 1271 1302
 1271 1804
 1271 1301
 1272 1804
 1272 1855
 1272 1302
 1272 1808
 1272 1829
 1273 1812
 1273 1274
 1273 1305
 1274 1805
 1274 1305
 1275 1853
 1275 1307
 1275 1338
 1275 1308
 1277 1852
 1277 1309
 1277 1278
 1277 1802
 1277 1308
 1278 1342
 1278 1310
 1278 1309
 1278 1802
 1279 1311
 1279 2028
 1280 1312
 1281 1806
 1281 1312
 1282 1716
 1282 1283
 1282 1806
 1283 1716
 1285 1316
 1285 1317
 1286 2121
 1286 1318
 1286 1287
 1286 1809
 1287 2114
 1287 2121
 1287 2042
 1288 1351
 1288 1289
 1288 1320
 1288 1319
 1289 1815
 1289 1290
 1289 1320
 1290 1815
 1290 1291
 1290 1322
 1290 1323
 1291 1323
 1291 1647
 1292 1854
 1293 1326
 1293 1325
 1293 1810
 1293 1807
 1294 1327
 1294 1326
 1295 1296
 1296 1328
 1296 1329
 1296 1297
 1297 1330
 1297 1329
 1298 1648
 1298 1331
 1298 1330
 1299 1331
 1300 1649
 1300 1364
 1300 1301
 1300 1333
 1301 1302
 1301 1365
 1301 1333
 1302 1804
 1302 1335
 1302 1334
 1303 1808
 1304 1812
 1304 1336
 1304 1305
 1305 1336
 1305 1337
 1306 1805
 1307 1873
 1307 1853
 1307 1338
 1307 1337
 1307 1805
 1308 1339
 1308 1340
 1308 1309
 1308 1338
 1309 1341
 1309 1342
 1310 2108
 1310 1343
 1310 1342
 1310 2067
 1311 2067
 1311 1813
 1312 1344
 1312 1813
 1312 1806
 1313 1806
 1313 1884
 1313 1345
 1315 1717
 1315 1316
 1316 1718
 1316 1715
 1316 1348
 1316 1347
 1316 1317
 1317 1920
 1317 1809
 1318 1809
 1318 1350
 1318 1349
 1319 1814
 1319 1351
 1320 1352
 1320 1353
 1320 1351
 1321 1815
 1322 1323
 1322 1815
 1323 1647
 1323 1355
 1323 1354
 1324 1356
 1324 1325
 1324 1355
 1325 1326
 1325 1856
 1325 1647
 1325 1356
 1325 1810
 1326 2086
 1326 1358
 1326 1327
 1327 1359
 1327 1358
 1327 1328
 1328 1360
 1328 1329
 1329 1330
 1329 1360
 1330 2119
 1330 1331
 1330 1361
 1330 1648
 1331 1394
 1331 1363
 1331 1362
 1331 1649
 1332 1363
 1332 1364
 1333 2125
 1333 1365
 1334 1366
 1334 1367
 1334 1335
 1334 1365
 1335 1862
 1335 1830
 1335 1368
 1335 1811
 1335 1367
 1336 1368
 1336 1812
 1336 1370
 1336 1337
 1336 1811
 1337 1370
 1338 1371
 1338 1873
 1339 1372
 1339 1371
 1341 1403
 1341 1373
 1341 1342
 1341 1372
 1342 2109
 1342 1373
 1343 1374
 1343 1375
 1343 1813
 1344 1985
 1344 1884
 1344 1813
 1344 1376
 1344 1375
 1345 1346
 1345 1716
 1346 1716
 1347 1718
 1348 1379
 1348 1719
 1349 1381
 1349 1650
 1349 1350
 1350 2114
 1350 1382
 1350 2121
 1351 1814
 1351 2087
 1351 1382
 1352 1383
 1352 1353
 1353 1383
 1353 1815
 1354 1384
 1354 1385
 1354 1815
 1354 1355
 1355 1417
 1355 2104
 1355 1386
 1356 2068
 1356 2104
 1356 2086
 1357 2052
 1357 2061
 1357 1358
 1357 2086
 1358 1359
 1358 1389
 1359 1390
 1359 1391
 1359 1360
 1359 1389
 1360 2119
 1360 1391
 1361 1393
 1361 2119
 1361 1362
 1362 1394
 1362 1393
 1363 2124
 1363 1364
 1363 1394
 1364 2125
 1365 1366
 1365 2125
 1366 1367
 1367 1398
 1367 1368
 1368 1811
 1368 1399
 1368 1398
 1369 1370
 1370 1431
 1370 1371
 1370 1399
 1370 1873
 1371 1873
 1371 1402
 1371 1400
 1371 1372
 1372 1403
 1372 1402
 1373 1404
 1373 1403
 1374 1405
 1374 2109
 1374 1375
 1375 2034
 1375 1813
 1376 1407
 1376 1406
 1376 1985
 1377 1884
 1378 1719
 1379 1719
 1379 1380
 1379 1410
 1380 1891
 1380 1381
 1380 1920
 1380 1410
 1381 2005
 1381 1920
 1382 2005
 1382 1650
 1382 1413
 1382 1412
 1382 2087
 1382 1814
 1383 2087
 1383 1414
 1383 1384
 1384 1415
 1384 1414
 1384 1385
 1385 2039
 1385 1386
 1386 1417
 1387 2068
 1387 1417
 1388 2072
 1388 1419
 1388 2052
 1389 1419
 1389 1421
 1389 1390
 1389 1420
 1390 1422
 1390 1391
 1391 2120
 1391 1422
 1392 1816
 1392 2101
 1392 2076
 1393 1816
 1393 2101
 1393 1394
 1393 2097
 1394 1425
 1395 1426
 1395 1425
 1395 2124
 1396 2125
 1396 1426
 1397 2125
 1397 2090
 1397 1427
 1397 1398
 1398 1429
 1398 1399
 1398 1430
 1399 1430
 1399 1431
 1400 2091
 1400 1652
 1400 1432
 1400 1431
 1400 1401
 1401 1433
 1401 1402
 1401 1432
 1402 1818
 1402 1403
 1402 1433
 1403 1404
 1403 1818
 1404 1435
 1404 2102
 1404 1405
 1404 2109
 1405 2109
 1405 1437
 1405 1436
 1405 1435
 1406 1946
 1406 1871
 1406 1407
 1407 1408
 1407 1721
 1407 1438
 1407 1884
 1408 1721
 1409 1719
 1409 1720
 1410 1891
 1410 1441
 1410 1722
 1410 1719
 1411 1442
 1411 1891
 1412 1413
 1412 1443
 1412 2005
 1413 2038
 1414 2038
 1414 1445
 1414 1415
 1415 1445
 1416 1446
 1416 1445
 1416 2039
 1417 2039
 1417 2014
 1417 1448
 1417 1446
 1418 2071
 1418 2015
 1418 1955
 1418 1448
 1419 2061
 1419 1955
 1419 1450
 1419 1956
 1420 2022
 1420 1421
 1420 1450
 1421 1451
 1421 1422
 1422 1451
 1422 1452
 1423 1453
 1423 1816
 1424 1857
 1424 1816
 1424 1820
 1424 1455
 1425 2097
 1425 1426
 1425 1455
 1426 1427
 1426 1456
 1426 2124
 1427 1458
 1427 2044
 1427 1457
 1428 2044
 1428 2053
 1428 1429
 1428 1459
 1429 1430
 1429 1817
 1429 2053
 1430 1817
 1430 1431
 1430 1651
 1431 1651
 1432 1433
 1432 1652
 1433 1818
 1433 1462
 1434 2106
 1434 2102
 1434 1818
 1435 2102
 1435 1436
 1436 1466
 1436 1465
 1437 1957
 1437 1985
 1437 1466
 1437 2034
 1438 1467
 1438 1468
 1441 1471
 1442 1474
 1442 1443
 1442 2005
 1442 1473
 1443 2008
 1443 1474
 1443 2005
 1444 1508
 1444 1476
 1444 1445
 1444 1477
 1444 1967
 1444 2008
 1445 1477
 1445 1978
 1446 1947
 1446 1978
 1446 1447
 1447 1448
 1447 1478
 1448 1941
 1448 1921
 1448 1479
 1448 2014
 1449 1956
 1449 1921
 1450 1482
 1450 2022
 1451 2022
 1451 1819
 1451 1452
 1452 1453
 1452 1819
 1452 2076
 1453 2076
 1453 1454
 1453 1483
 1453 1484
 1454 1857
 1455 1963
 1455 1456
 1455 1820
 1455 2097
 1456 1457
 1457 1963
 1457 1487
 1457 1962
 1458 1964
 1458 1962
 1459 1964
 1459 2053
 1459 1490
 1460 1492
 1460 1493
 1460 1817
 1461 1493
 1461 1462
 1461 1652
 1462 1979
 1462 1463
 1462 1495
 1463 1464
 1463 1495
 1463 1818
 1464 1997
 1465 1986
 1465 1466
 1465 2106
 1465 1497
 1465 2102
 1466 1948
 1466 1498
 1467 1871
 1467 1823
 1467 1957
 1467 1499
 1468 1721
 1468 1469
 1468 1500
 1469 1500
 1469 1723
 1470 1724
 1470 1722
 1470 1471
 1471 1503
 1471 1722
 1471 1725
 1471 1472
 1472 1504
 1472 1473
 1472 1503
 1472 1891
 1473 1505
 1473 1474
 1473 1891
 1474 1967
 1474 1505
 1475 1507
 1475 1892
 1476 1508
 1476 1507
 1477 1947
 1477 1510
 1477 1508
 1478 1511
 1478 1941
 1478 1947
 1479 1511
 1479 1512
 1479 1941
 1480 1956
 1480 1514
 1481 1515
 1481 1514
 1482 1956
 1482 1819
 1482 1515
 1483 1517
 1483 1484
 1483 1819
 1484 1519
 1484 1518
 1485 1858
 1486 1963
 1486 1821
 1486 1922
 1486 1520
 1487 1522
 1487 1887
 1487 1488
 1487 1963
 1488 1489
 1488 1962
 1489 1887
 1490 2053
 1490 1525
 1490 1491
 1490 1524
 1491 1860
 1491 2053
 1492 1860
 1492 1822
 1492 1653
 1492 1493
 1493 2091
 1493 1653
 1493 1979
 1493 1651
 1494 1527
 1494 1528
 1494 1495
 1494 1979
 1495 1654
 1495 1528
 1496 1654
 1496 1530
 1497 1986
 1497 1997
 1497 2002
 1497 1530
 1497 2106
 1498 1531
 1498 1986
 1498 1948
 1498 1561
 1499 1948
 1499 1532
 1499 1823
 1499 1885
 1499 1957
 1500 1534
 1500 1501
 1500 1823
 1503 1735
 1503 1726
 1503 1504
 1503 1537
 1504 1538
 1504 1505
 1505 1539
 1505 1538
 1505 1892
 1506 1540
 1506 1539
 1507 1877
 1507 1540
 1507 1508
 1508 1509
 1509 1877
 1509 1510
 1510 1542
 1510 1541
 1510 1947
 1511 1893
 1511 1738
 1511 1512
 1511 1542
 1512 1544
 1512 1738
 1512 1921
 1513 1514
 1513 1544
 1513 1921
 1514 1545
 1515 1729
 1515 1546
 1515 1956
 1516 1899
 1516 1546
 1516 1547
 1516 1819
 1517 1819
 1517 1548
 1517 1518
 1517 1899
 1518 1519
 1519 1942
 1519 1548
 1520 1550
 1520 1521
 1520 1942
 1520 1821
 1521 1552
 1521 1522
 1522 1922
 1522 1552
 1522 1887
 1523 1553
 1523 1964
 1523 1552
 1524 1525
 1524 1964
 1524 1553
 1525 1824
 1525 1860
 1526 1822
 1526 1898
 1527 1653
 1527 1898
 1527 1883
 1528 1888
 1528 1883
 1528 1558
 1528 1654
 1529 1559
 1529 1530
 1529 1888
 1530 2002
 1530 1531
 1530 1997
 1531 1561
 1531 1559
 1532 1561
 1532 1562
 1533 1563
 1533 1562
 1533 1823
 1534 1823
 1534 1564
 1534 1535
 1534 1563
 1536 1735
 1537 1566
 1537 1568
 1537 1567
 1537 1726
 1538 1569
 1538 1726
 1538 1987
 1539 1736
 1539 1987
 1539 1727
 1539 1571
 1539 1892
 1540 1573
 1540 1727
 1540 1877
 1541 1737
 1541 1728
 1541 1575
 1541 1877
 1542 1577
 1542 1728
 1542 1543
 1542 1893
 1543 1578
 1544 1581
 1544 1580
 1544 1545
 1544 1738
 1545 1729
 1545 1581
 1546 1583
 1546 1584
 1546 1547
 1546 1729
 1547 1585
 1547 1584
 1548 1587
 1548 1730
 1548 1588
 1548 1549
 1549 1589
 1549 1588
 1550 1743
 1550 1942
 1550 1551
 1550 1590
 1551 1593
 1551 1591
 1551 1552
 1552 1731
 1552 1594
 1552 1593
 1553 1731
 1553 1554
 1553 1596
 1553 1964
 1554 1599
 1554 1598
 1554 1824
 1555 1599
 1555 1601
 1555 1898
 1556 1557
 1556 1602
 1556 1745
 1556 1883
 1557 1603
 1557 1604
 1557 1558
 1558 1732
 1558 1605
 1559 1732
 1559 1560
 1559 1607
 1560 1609
 1560 1561
 1560 1608
 1561 1885
 1561 1733
 1561 1610
 1562 1612
 1562 1733
 1562 1563
 1563 1613
 1563 1734
 1563 1612
 1563 1823
 1564 1734
 1566 1735
 1569 1726
 1569 1736
 1571 1727
 1573 1727
 1573 1737
 1575 1728
 1577 1728
 1578 1738
 1581 1739
 1583 1740
 1585 1741
 1587 1742
 1589 1743
 1594 1744
 1596 1731
 1599 1824
 1601 1898
 1603 1745
 1605 1732
 1607 1732
 1610 1746
 1612 1747
 1615 1734
 1620 1755
 1621 2045
 1621 1952
 1622 2110
 1626 1768
 1637 1825
 1647 1856
 1650 2043
 1651 2091
 1652 2091
 1653 1898
 1654 1888
 1656 1657
 1656 1875
 1658 1667
 1659 1669
 1660 1912
 1660 1661
 1661 1912
 1665 1748
 1668 1669
 1672 1673
 1673 1674
 1674 1675
 1675 1676
 1676 1678
 1677 1679
 1678 1937
 1679 1680
 1680 1749
 1681 1682
 1682 1684
 1683 1685
 1684 1686
 1686 1750
 1687 1688
 1688 1690
 1689 1907
 1690 1691
 1691 1692
 1692 1694
 1693 1751
 1695 1696
 1697 1698
 1698 1699
 1701 1703
 1702 1879
 1703 1704
 1704 1705
 1706 1707
 1707 1708
 1709 1710
 1710 1712
 1711 1752
 1713 1714
 1714 1753
 1715 1754
 1715 1717
 1716 1806
 1719 1720
 1720 1722
 1721 1723
 1724 1725
 1725 1735
 1729 1739
 1729 1740
 1730 1899
 1730 1742
 1730 1741
 1731 1744
 1732 1888
 1733 1746
 1733 1747
 1741 1899
 1743 1942
 1756 1900
 1757 1832
 1758 1998
 1758 1833
 1760 1834
 1761 1762
 1767 1837
 1768 1826
 1768 1769
 1769 1771
 1772 1838
 1772 1906
 1775 1840
 1775 2036
 1777 2095
 1779 1782
 1779 1825
 1782 1842
 1795 1938
 1797 1798
 1798 1849
 1800 1827
 1801 1851
 1803 1829
 1804 1828
 1806 1925
 1807 1810
 1807 1856
 1808 1831
 1808 1861
 1809 1920
 1811 1831
 1811 1812
 1812 1855
 1814 2114
 1817 2053
 1820 1821
 1820 1858
 1820 1857
 1821 1858
 1822 1824
 1822 1860
 1826 1859
 1827 1851
 1828 1829
 1830 1861
 1830 1831
 1831 1855
 1833 1998
 1838 1906
 1840 2036
 1849 1850
 1854 1856
 1857 1858
 1858 1942
 1860 2009
 1860 2053
 1861 1862
 1863 1864
 1866 2016
 1867 1910
 1867 1868
 1870 1896
 1872 2085
 1872 2080
 1881 1933
 1882 1890
 1889 1890
 1892 1967
 1895 1901
 1895 1958
 1896 1943
 1897 1905
 1900 1903
 1902 1904
 1904 2029
 1908 1909
 1913 1924
 1914 1937
 1916 1928
 1918 1929
 1919 1973
 1920 1923
 1921 2015
 1924 2029
 1925 1932
 1927 1961
 1927 1933
 1930 1951
 1930 1953
 1931 1932
 1936 2003
 1939 1940
 1943 1944
 1943 1991
 1944 1945
 1946 1985
 1946 1957
 1948 1957
 1950 1952
 1954 1996
 1959 2082
 1960 1961
 1962 1965
 1964 1965
 1966 1969
 1974 1982
 1974 1981
 1974 1995
 1975 1983
 1975 1976
 1976 1988
 1976 1977
 1981 1983
 1981 1999
 1981 1982
 1982 1989
 1982 1995
 1983 1988
 1984 2023
 1986 2002
 1988 1999
 1989 1999
 1992 1993
 1993 1994
 1993 2030
 2000 2059
 2003 2105
 2005 2043
 2008 2038
 2011 2017
 2013 2018
 2014 2071
 2014 2068
 2019 2020
 2021 2023
 2024 2098
 2025 2035
 2027 2028
 2031 2036
 2036 2070
 2037 2040
 2038 2087
 2044 2090
 2045 2046
 2046 2084
 2048 2056
 2052 2068
 2052 2071
 2054 2055
 2056 2058
 2057 2062
 2059 2063
 2065 2077
 2068 2104
 2071 2072
 2075 2112
 2076 2120
 2079 2080
 2083 2110
 2088 2123
 2093 2094
 2096 2113
 2096 2100
 2101 2119
 2108 2109
 2117 2118
 2119 2120
 2122 2123
 2124 2125
