    2   53
    4 1669
    4   54
    5   55
    6   55
    8   56
    8 1661
    9   57
    9   56
   10   57
   12 1670
   12   58
   13   59
   14 1754
   14   59
   16 1672
   16   60
   18 1672
   18   61
   19   62
   20 1662
   20   62
   22   63
   22 1663
   23   63
   24   64
   25 1664
   25   65
   25   64
   27 1673
   27   66
   28   67
   30 1674
   30   68
   32 1676
   32   69
   32 1665
   34 1676
   34   70
   35   71
   36   71
   38   72
   39 1677
   39   73
   40   74
   41 1666
   41   74
   43   75
   43 1667
   44   75
   45   76
   45 1668
   46   77
   47   78
   47   77
   48 1873
   48   78
   49 1872
   49   79
   50   79
   51   79
   52   53
   53  113
   53   81
   53   54
   54   83
   54   82
   54 1669
   55   84
   55 1669
   55   85
   55 1661
   56   57
   56   86
   56   87
   56   85
   57   58
   58 1670
   58   87
   58   88
   59 1670
   59  119
   59   90
   59 1671
   59   89
   60   90
   60 1671
   60  120
   60   91
   60 1672
   61   92
   61   62
   61   93
   61 1672
   62   93
   63   95
   63   64
   64   95
   64   65
   65 1673
   65  126
   65   96
   66   96
   66 1621
   66   97
   66   67
   66 1673
   67 1674
   68   98
   68 1675
   68 1674
   69 1676
   69  100
   69 1675
   69   99
   70  101
   70   71
   70  100
   70 1676
   71  102
   71   72
   71  101
   72  103
   72   73
   72  102
   73  104
   73  103
   73 1677
   74  104
   74 1677
   74  105
   75  107
   75  135
   75  106
   75 1668
   75  105
   76   77
   76  108
   76  107
   77   78
   78  109
   78  108
   79 1872
   79   80
   79  110
   81  113
   82  114
   82   83
   82  113
   83   84
   83 1669
   84  144
   84  143
   84   85
   84  114
   84  115
   85 1762
   85  115
   85  116
   85 1661
   86   87
   87 1622
   87   88
   87  117
   87  116
   88 1622
   88  118
   88 1670
   90  120
   90  119
   91  121
   91   92
   91  120
   92 1672
   92   93
   92  121
   93  123
   93   94
   93 1662
   93 1663
   94   95
   94  124
   94  125
   94  123
   94 1663
   95  125
   96 1621
   96  156
   96  127
   96  126
   97  128
   97   98
   97 1674
   98 1675
   98  129
   98  128
   98   99
   99  100
   99  129
  100  130
  100  129
  100  101
  101  102
  101  131
  101  130
  102  103
  102  131
  103  132
  103  104
  104  134
  104  105
  104  133
  105 1761
  105  135
  105 1666
  105 1667
  106  136
  106  107
  107  137
  107  108
  107 1668
  108  109
  108 1624
  108  137
  109  139
  109 1624
  109 1872
  109  110
  110  111
  110  139
  110 1872
  112  113
  112 1678
  113  142
  113 1679
  113  114
  114  173
  114  143
  114  142
  115 1762
  116  145
  116  117
  116 1762
  117  145
  118  147
  118  119
  118  148
  118 1622
  119  149
  119  148
  119  120
  120 1840
  120  121
  120  149
  121 1763
  121 1840
  121  151
  122  152
  122  151
  122  123
  123  183
  123  153
  123  152
  124  153
  125  153
  125  126
  126  156
  126  155
  126  154
  127  157
  127  156
  128 1621
  128  129
  128  157
  129  158
  129  130
  130 1841
  130  131
  130  159
  131  160
  132  191
  132  133
  132  162
  132  161
  133  134
  134  163
  135  136
  135 1761
  136  166
  136  137
  136  165
  137 1765
  137 1624
  137  166
  138  169
  138  139
  139  169
  142  172
  142 1680
  142  173
  143  174
  143 1626
  143  173
  145  146
  145 1762
  146  206
  146 1622
  146  176
  146  177
  146  175
  147  148
  147 1622
  147  177
  148  149
  148 1842
  148 1623
  149 1842
  149  179
  150  180
  150  179
  151  152
  151 1763
  151  180
  152  183
  152  181
  153 1627
  153  184
  153  183
  154  155
  155  184
  155  185
  156  217
  156  185
  156  186
  156  157
  157  158
  157  186
  157 1621
  158  188
  158  187
  160 1764
  160  190
  160  189
  160  161
  160 1841
  161  191
  161  190
  162  163
  162  192
  162  191
  163  193
  163  164
  164 1761
  164  193
  165  195
  165  166
  165  194
  165 1625
  165 1761
  166  195
  167  197
  167  198
  167 1624
  167 1765
  168 1624
  168  230
  168  199
  168  169
  168  198
  169  200
  169  170
  169  199
  171 1679
  172  203
  173 1626
  173  204
  173  203
  174  205
  174  175
  174 1762
  175 1762
  175  206
  175  205
  176 1770
  176  207
  176  177
  177 1769
  177 1623
  177 1622
  178  208
  178 1766
  178 1842
  178 1769
  179  209
  179  210
  179  180
  180  212
  180  181
  180  210
  180 1840
  180 1763
  181  213
  183  213
  184  245
  184  215
  184  185
  184 1627
  184  214
  185  217
  185  215
  186  187
  186  217
  187  218
  187  188
  188 1841
  188  221
  188 1764
  188  220
  188  219
  189  190
  189  221
  189 1764
  190  223
  190  191
  191  253
  191  224
  191  192
  192  224
  193  225
  193 1625
  193  224
  194  227
  194  226
  194  195
  194  225
  195  227
  195  196
  196 1765
  197  229
  197 1768
  197 1765
  197  261
  198  261
  198  230
  198 1624
  199  263
  199  262
  199  231
  199  230
  200  231
  200  201
  202 1681
  202 1680
  203  234
  203 1680
  203 1682
  203  204
  204  236
  204  205
  204  235
  204  234
  205 1626
  205  237
  205  206
  206  237
  206 1770
  208 1769
  208 1766
  208  239
  209 1842
  209 1766
  209  274
  209  241
  209  240
  211  212
  211  242
  211  241
  212  213
  212  242
  212  243
  213 1627
  214  244
  214  245
  214  243
  215  216
  215  245
  216  217
  217 1628
  217  247
  218  248
  218  219
  218  247
  219  249
  219  248
  219  220
  220  285
  220  250
  220  221
  221  285
  221 1764
  222  252
  222  251
  223  253
  223  252
  224  225
  224  255
  224  253
  225  257
  225  226
  225  255
  225 1625
  226  227
  227  258
  227  257
  228  259
  228 1767
  229 1768
  229  259
  229  261
  229 1767
  230  261
  231  232
  231  263
  232  263
  234 1684
  234  235
  234  267
  234  266
  235  269
  235  236
  235  267
  236  304
  236  270
  236  237
  237  271
  237 1770
  238 1770
  238 1769
  238  239
  238  271
  239  307
  239  273
  239  272
  239 1769
  240  273
  240 1766
  241 1843
  241  276
  241  275
  241  242
  241  274
  242  276
  242  243
  243  277
  243  278
  243  244
  243 1627
  244  245
  244  278
  245  279
  245  280
  246 1628
  247  282
  247  248
  247  281
  248  282
  248  249
  249  283
  250  317
  250  285
  250  284
  251  286
  251  287
  251  252
  251  285
  252  287
  253  288
  253  287
  254  288
  256  290
  256  257
  256  289
  257  290
  257  258
  258  324
  258  293
  258  259
  258  292
  259 1767
  259  293
  259  260
  260  295
  261  295
  261  262
  262  297
  262  263
  262  295
  263 1685
  263  264
  263  297
  264 1683
  265 1682
  266  301
  266  267
  267  302
  267  301
  268  303
  268  269
  269  304
  270  305
  270  333
  271  306
  271  272
  271 1770
  272  307
  272  306
  273  274
  274  308
  274  307
  276 1843
  276  309
  276 1771
  277  310
  277  278
  278  340
  278  311
  278  310
  279 1630
  279  312
  279  280
  280  312
  280  313
  280  281
  280 1628
  281  282
  281  313
  281 1628
  282  344
  282  314
  282  315
  283  284
  284  317
  284  316
  285  318
  285  317
  286  348
  286  287
  286  319
  287  320
  287  288
  288  321
  288  289
  288  320
  290  351
  290  322
  290  321
  290  291
  291  323
  291  322
  291  292
  292  324
  292  323
  293 1629
  293  325
  293  324
  294  295
  295  325
  296  327
  296  357
  296  297
  296  326
  297  327
  299  300
  300 1687
  300  329
  300 1684
  301 1687
  301 1684
  301  302
  301  330
  302  330
  303  331
  303  304
  304  333
  304  332
  305  334
  305  306
  305  333
  306  366
  306  307
  306  334
  307  336
  307  308
  308  338
  308 1843
  308  337
  308  336
  309  339
  309 1771
  309  310
  309  338
  310  340
  310  339
  311  340
  312  374
  312  343
  312 1630
  312  342
  313  343
  314  375
  314  343
  315  316
  315  345
  315  344
  316  346
  316  345
  316  317
  317  378
  317  347
  317  346
  318  348
  319  320
  320  321
  320  380
  320  348
  321  351
  321  350
  321  349
  322  323
  322  351
  323  353
  323  352
  324 1629
  324  353
  325  355
  325  356
  325  326
  325 1629
  326  357
  326  356
  327  358
  327  357
  327 1685
  328 1685
  330  392
  330 1688
  330  362
  330  331
  330  361
  331  332
  331  362
  332  363
  332  364
  332  362
  332  333
  333  365
  333  334
  334  366
  335  397
  335  367
  335  336
  335  366
  336  369
  336  337
  336  367
  337  399
  338 1843
  338  370
  338  339
  338  399
  338 1771
  339  370
  339  340
  339  371
  340  371
  340  372
  341  373
  341  342
  341 1630
  343  375
  343  374
  344 1772
  344 1844
  344  345
  344  375
  345 1772
  345  346
  345  376
  346  377
  346  376
  347  408
  347  348
  347  379
  347  378
  349  350
  349  381
  349  380
  350  351
  350  381
  351  383
  351  352
  352  384
  352  353
  354  384
  355 1629
  355  385
  356  387
  356  386
  356  357
  357  388
  357  387
  357  358
  358 1686
  358 1689
  358  359
  358  388
  359 1755
  359 1689
  360 1688
  361 1690
  361  391
  361  392
  362  422
  362  393
  362  363
  363  364
  363  393
  364  394
  364  395
  364  365
  365 1631
  365  396
  365  395
  367  398
  367  397
  369  398
  369  399
  370  400
  370  371
  371  400
  371  401
  372  402
  372  401
  372  373
  373  404
  373  403
  373  374
  373  402
  374  404
  374  375
  375  404
  376  377
  376 1772
  377  407
  377  406
  378  407
  379  438
  379  409
  379  380
  379  408
  380  410
  380  381
  380  409
  381  411
  381  410
  382  411
  382  383
  383  412
  383  384
  384  414
  384  413
  384  385
  385  445
  385  416
  385  415
  385  386
  385  414
  385 1629
  386  387
  387  388
  387  416
  388  418
  388  417
  390 1688
  390 1690
  391  421
  391  392
  392  421
  393  454
  393  423
  393  422
  394  424
  394  423
  394  395
  395  426
  395  425
  395  396
  396 1774
  397 1631
  397 1774
  397  398
  398  399
  398  428
  398  427
  399 1632
  399  428
  399  400
  400  430
  400  431
  400  401
  401  431
  401  402
  402  463
  402  433
  402  432
  404  433
  404  434
  404  405
  405 1844
  405  466
  405  435
  405 1772
  405  434
  406  467
  406  407
  406  435
  406 1772
  407  468
  407  408
  407  436
  408  438
  408  437
  409  440
  409  410
  409  438
  410  440
  410  411
  411  442
  411  441
  412  443
  412  413
  413  414
  414 1773
  414  444
  415  444
  416  417
  416  445
  417  418
  417  446
  418 1689
  418  449
  418  448
  419 1689
  421  452
  421 1690
  421  483
  421  453
  421  422
  422  454
  422  453
  423 1633
  423  455
  423  454
  425  456
  425  426
  425  455
  426 1833
  426  456
  426  457
  427  459
  427 1775
  427  428
  427 1774
  428  429
  428  459
  429  461
  429  492
  430 1632
  430  461
  431  493
  431  432
  431  461
  432  463
  432  462
  433  464
  433  465
  433  434
  433  463
  434  465
  435  466
  435 1772
  436  468
  436  467
  437  469
  437  438
  437  468
  438  501
  438  470
  438  469
  440  503
  440  471
  440  441
  440  470
  441  471
  441  472
  441  442
  442  473
  442  443
  442  472
  443  473
  443 1773
  444  475
  444  445
  444 1773
  445  475
  445  446
  446  477
  446  447
  446  476
  447  478
  447  448
  447  479
  447  477
  448  480
  448  449
  449  450
  449  480
  449 1691
  451 1756
  451 1693
  451  452
  452  483
  452 1692
  452 1693
  453  454
  453  485
  453  483
  454  485
  455  518
  455  487
  455  486
  455  456
  455 1633
  456  519
  456  488
  456  487
  457  488
  458 1777
  458  459
  458  490
  458 1775
  459  490
  459  491
  460  492
  461  492
  462  494
  462  463
  462  493
  463  495
  463  494
  464  465
  465  496
  465  497
  466  498
  466  467
  467  499
  467  468
  467  498
  468 1634
  468  500
  468  499
  468  469
  469  500
  470  503
  470  502
  470  501
  471  536
  471  472
  471  503
  472  505
  472  506
  472  473
  473 1776
  473 1773
  473 1845
  473  506
  474 1773
  475  509
  475  476
  475  508
  477  541
  477  509
  477  478
  478  511
  478  510
  479 1778
  479 1846
  479  511
  479  480
  480  512
  480 1778
  480  481
  483 1694
  483  484
  483  515
  484  516
  484  515
  484  485
  485  517
  485  516
  485 1633
  486  549
  487  550
  487  519
  488 1867
  488  520
  488  519
  489 1775
  489 1833
  489  521
  489  520
  490  521
  490  554
  490  522
  490 1777
  491  523
  491  492
  491  522
  492  556
  492  523
  492  524
  493  494
  494  495
  494  525
  495  528
  495  527
  495  496
  495  526
  496  528
  496  497
  497  561
  497  530
  497  529
  497  498
  498  531
  498  499
  499  531
  500  564
  500  501
  500  533
  500 1634
  501  534
  501  533
  501  502
  502  535
  502  534
  503  536
  505  568
  505  537
  505  536
  506  537
  506  538
  506  507
  507  539
  507 1776
  508 1845
  508  539
  508  540
  508  509
  509  541
  509  540
  510  542
  510  511
  510  541
  511  542
  512  544
  512 1695
  512  545
  512  513
  512 1778
  514 1696
  514 1693
  515  547
  515  578
  515  516
  516  548
  516  578
  517 1660
  517  548
  518  550
  518  580
  518  549
  519  581
  519  551
  519  550
  520  521
  520  552
  521 1777
  521  554
  521  552
  522  555
  522  554
  523  556
  524  585
  524  525
  524  557
  524  556
  526  559
  526  527
  526  558
  527  528
  528  559
  528  560
  529  561
  530  562
  530  531
  530  561
  531  563
  531  562
  531 1634
  533  534
  533  564
  534 1635
  534  535
  534  566
  535  567
  535  536
  535  566
  536  568
  536  567
  537  569
  537 1636
  537  538
  539 1845
  539  598
  539  570
  539  540
  539  569
  539 1776
  540  541
  540  570
  541  571
  541  542
  542  572
  543  574
  543  573
  543  544
  543 1846
  544 1778
  544 1846
  545 1695
  547  577
  547 1694
  547 1697
  548  579
  548  549
  548 1637
  548  578
  549  580
  549  579
  549 1638
  551  582
  551  552
  551  581
  553  583
  553  554
  553  582
  554  555
  555  584
  555  583
  555  556
  556  584
  557  558
  557  585
  558  559
  558  586
  559  560
  559  587
  559  589
  560  590
  560  561
  561  591
  561  562
  562  592
  562  563
  563  564
  563  592
  564  593
  564  592
  564 1635
  565  624
  565  594
  566  567
  566  594
  567  568
  567  594
  568  596
  568  595
  569 1636
  569  628
  569  598
  569  597
  570  599
  570  598
  571  599
  571  572
  572  601
  572  600
  572  573
  572  599
  573  632
  573  602
  573  601
  573  574
  574  603
  574 1695
  574  602
  576 1696
  577  606
  577  578
  577 1698
  578  606
  578  607
  578 1637
  579 1638
  579  608
  579 1637
  580  581
  580  611
  581  582
  581 1779
  581  611
  582  583
  583  612
  583  584
  584  613
  585  614
  585  586
  586  616
  586  587
  586  615
  587  617
  587  616
  587  588
  588  618
  588  589
  589  619
  589  618
  589  590
  590  652
  590  620
  590  619
  590  591
  591  592
  592  622
  592  621
  592  623
  592  593
  593  624
  593  623
  593 1635
  594  626
  594  595
  594  624
  595  626
  595  596
  596  626
  596 1636
  597 1639
  597  628
  597  627
  598  630
  598  599
  598  628
  599  631
  599  600
  600  631
  601  664
  601  632
  601  631
  602  634
  602  603
  602  632
  603 1699
  603 1695
  603  635
  603  634
  603  604
  605 1697
  605 1700
  606  637
  606 1700
  606  607
  607  638
  608 1637
  608  640
  608  639
  608  638
  609  610
  609  640
  610 1638
  610  611
  610  641
  611  642
  611 1779
  612 1779
  612  675
  612  643
  612  613
  612  642
  613  644
  613  614
  613  643
  614  645
  614  646
  614  644
  614  615
  615  647
  615  646
  615  616
  616  648
  616  617
  617  650
  617  649
  617  648
  617  618
  618  651
  618  650
  619  651
  620  684
  620  653
  620  621
  620  652
  621  622
  621  686
  622  686
  622  655
  622  623
  623  655
  623  624
  624  625
  624  657
  624  656
  625  626
  625  657
  626  627
  626  690
  627  691
  627 1639
  627  659
  627  660
  628  661
  629  630
  630  663
  630  631
  630  662
  631  664
  631 1847
  632 1781
  632 1848
  632  633
  632  664
  633  634
  634  666
  634  665
  636  669
  637  669
  637  670
  638  671
  638  639
  638  670
  638 1637
  639  640
  639  672
  640  641
  640  673
  641  674
  641  642
  642  675
  642  674
  642 1779
  643  676
  643  706
  643  644
  643  675
  644  707
  644  677
  645  646
  645  677
  646  677
  646  678
  647  648
  647  678
  648  681
  648  649
  648  680
  649  681
  650  682
  650  651
  650  681
  651  683
  651  682
  652  684
  652  683
  653  685
  653  686
  653  684
  654  655
  655  688
  655  687
  656  657
  657  688
  658  689
  659  691
  659  690
  661 1639
  661  693
  661  662
  661  692
  662  694
  662  663
  663 1780
  663 1847
  664 1781
  665  697
  665  666
  666  698
  666 1699
  666  667
  666  697
  667 1757
  668  669
  669 1701
  669 1700
  669  700
  669  670
  670  671
  670  700
  671  672
  671  701
  672  733
  672  703
  672  673
  672  702
  673 1783
  673  704
  674  705
  674  675
  675  706
  676  707
  676 1782
  676 1849
  676  706
  677  708
  677  678
  678  740
  678  709
  678  708
  679  709
  680  710
  680  681
  680  709
  681  682
  681  710
  682  711
  683  744
  683  684
  683  712
  683  713
  684  715
  684  714
  684  713
  685 1641
  685  686
  686  716
  686 1641
  686  687
  687  688
  688  689
  688  716
  689  718
  689  690
  689  719
  689  717
  690  721
  690  720
  690  719
  690  691
  691  692
  691  722
  692  722
  692  693
  692 1639
  693  752
  693  723
  693  722
  693  694
  694 1780
  694  724
  694  723
  695 1847
  695  725
  695  726
  695  755
  695 1781
  696 1848
  696 1781
  696  727
  696  697
  697  728
  697  727
  700  731
  700  761
  700  732
  700  701
  701  732
  701  702
  702  762
  702  733
  702  732
  703 1783
  703  734
  703  733
  704  735
  704  705
  704  736
  704 1783
  705  737
  705  736
  706 1782
  707  738
  707  708
  708  738
  708  740
  709  710
  709  741
  711  712
  711  741
  712  743
  712  742
  712  744
  713  744
  714 1784
  714  745
  716  746
  716  747
  716  717
  716 1641
  717  718
  717  748
  717  747
  718  749
  718  748
  719  720
  720  721
  721  751
  721 1850
  721  722
  721  750
  722 1642
  722  752
  723  753
  723  724
  724  754
  724 1851
  724  753
  724 1780
  725 1847
  725  755
  725 1780
  726  756
  726  727
  726  757
  726  755
  726 1781
  727  787
  727  758
  727  728
  728  758
  728  729
  729  758
  730 1703
  730 1702
  730  731
  731 1701
  731 1703
  731  761
  732  761
  733  763
  733  734
  734  763
  735 1783
  735  736
  736  765
  736  737
  737  767
  737  766
  737 1782
  738 1849
  738 1782
  738  739
  738  767
  739  768
  739 1640
  739  769
  739  740
  740  770
  740  741
  740  769
  741  771
  741  770
  741  742
  742  743
  743  744
  743  773
  743  771
  744 1784
  744  773
  745 1852
  745  774
  745  746
  745 1641
  746 1641
  746  747
  746 1852
  747  776
  747  775
  748  778
  748  776
  748  749
  749  779
  749  750
  750  779
  751 1850
  751 1785
  752  782
  752  753
  752 1642
  754 1851
  754 1786
  755  785
  755  784
  755  756
  756  786
  757  787
  757  786
  758  819
  758  759
  758  787
  760 1704
  761  790
  761  791
  761  762
  762  763
  763  791
  764  793
  764  792
  764  765
  764 1783
  765  766
  765  793
  765 1783
  766  795
  766  794
  766  767
  767  796
  767  795
  767 1640
  767 1782
  768  798
  768  769
  769  770
  769  800
  770  771
  770  801
  771 1789
  771  802
  771  772
  771  801
  772  835
  772  773
  772  802
  772  803
  773  803
  773  804
  773 1784
  774 1784
  774  806
  774  805
  775 1787
  775  776
  775  807
  775 1852
  776  807
  776  808
  777  809
  777  840
  777  778
  778  810
  778 1643
  778  779
  778  809
  779  810
  779 1850
  780  843
  780  813
  780 1642
  780 1788
  780  812
  780 1785
  781 1642
  781  814
  781  782
  781  813
  782 1851
  782  815
  782  814
  782 1786
  783  784
  783 1786
  784  848
  784  817
  784  785
  784  816
  785  818
  785  786
  787  819
  787  818
  790  822
  790 1703
  790 1705
  790  791
  790  823
  791  823
  791  824
  791  792
  792  856
  792  793
  792  824
  793  857
  793  825
  793  826
  794  827
  794  795
  795  796
  795  828
  796  797
  796  829
  796 1640
  797  831
  797  830
  797  829
  797  798
  797 1640
  798  832
  798  799
  798  831
  800  833
  800  801
  800  832
  801 1789
  802  834
  803  836
  803  835
  804  836
  805 1853
  805 1784
  806 1852
  806 1853
  807  808
  807  838
  807 1787
  808  871
  808  839
  808  840
  810 1643
  810  873
  810  842
  810  841
  811 1788
  812  843
  812  842
  812 1788
  813  845
  813  814
  813  843
  813 1642
  814  845
  815  847
  815  816
  815 1786
  815  845
  816  848
  816  847
  816 1786
  817  849
  817  818
  817  848
  818  850
  818  819
  819  820
  819  850
  819 1706
  821 1705
  822  823
  822  854
  822  853
  823  854
  823  824
  824  886
  824  856
  825  857
  825  856
  826 1791
  826  859
  826  827
  826  857
  827  860
  828  860
  829  830
  829  860
  830 1792
  830  861
  831 1792
  831  863
  831  832
  832  863
  832  833
  833  864
  833  863
  833 1789
  834 1789
  834  835
  834  865
  835  836
  836 1790
  836 1853
  836  866
  837  868
  837 1852
  837  869
  837 1787
  837  838
  838  870
  838  869
  838 1787
  839  902
  839  901
  839  870
  840  872
  840 1643
  840  871
  841  903
  841  873
  841  872
  842  874
  842  843
  842  875
  842  873
  844  875
  844  845
  845  909
  845  877
  845  876
  846  878
  846  847
  847  878
  847  879
  848  849
  848  880
  849  881
  849  850
  849  880
  850 1707
  850  882
  850  851
  850  881
  851 1706
  852 1708
  852  853
  853 1708
  853 1705
  854 1708
  854  855
  854  884
  855  885
  855  884
  855  886
  856  887
  856  857
  856  886
  857  888
  857  858
  858 1791
  859  889
  859  890
  859  860
  860  861
  861  890
  862  863
  862  893
  862  892
  862 1792
  863  895
  863  893
  863  864
  864  897
  864  865
  864  895
  864 1789
  865  898
  865  897
  865 1789
  866  867
  867  899
  867  898
  867 1790
  868 1853
  868 1790
  868  869
  869  901
  869  900
  870  901
  871 1854
  871  872
  871  902
  872 1854
  872 1793
  872 1643
  873  904
  873  903
  874  906
  874  875
  874  904
  875  908
  875  906
  875  907
  875  876
  876  909
  876  908
  877  878
  877  909
  878  911
  878  879
  878  909
  879  912
  879  911
  879  880
  880  881
  880  912
  881  914
  881  913
  882 1707
  884  885
  884  918
  884  917
  885  951
  885  919
  886  887
  886  920
  887  920
  887  921
  887  888
  888  922
  888 1791
  888  921
  889 1791
  889  890
  889  922
  890  891
  891 1792
  891  926
  891  924
  892  957
  892  927
  892  893
  892 1792
  894  958
  894  927
  894  928
  894  895
  896  960
  896  897
  896  928
  897  930
  897  898
  898  931
  898  930
  898  899
  899  963
  899  933
  899  900
  899 1790
  899  931
  900  901
  900  934
  900 1790
  901  935
  901  902
  902  936
  902  935
  903  904
  903 1794
  903 1793
  905  939
  905  938
  907  940
  907  908
  908  941
  908  942
  908  940
  909  943
  909  942
  909  910
  910  944
  910  911
  910  943
  911 1644
  911  945
  911  912
  912  946
  912  945
  913  947
  913  946
  914 1707
  914  947
  915 1710
  916  917
  916 1708
  917  978
  917  918
  917 1708
  918  979
  918  951
  918  950
  919  952
  919  920
  919  951
  920  953
  920  952
  921  922
  922 1855
  922  954
  922  953
  922 1791
  923  955
  923  924
  923 1855
  924 1796
  924  925
  924  955
  925 1796
  925  926
  925  956
  926  956
  926 1792
  927  987
  927  958
  927  957
  928  959
  928  960
  928  958
  929  930
  930  991
  930  962
  930  961
  931  962
  932  962
  932  963
  933  994
  933  963
  934 1797
  934  964
  934  935
  935  965
  935 1797
  936  965
  936  966
  936 1854
  937 1793
  937  967
  937 1794
  937  966
  937 1854
  938 1794
  938  999
  938  939
  938  968
  938  967
  939  969
  939  968
  939  940
  940  970
  940  969
  940  941
  941  971
  941  970
  942  972
  942  943
  943  972
  944 1644
  944  972
  945  973
  946  974
  946  947
  947 1709
  947  975
  947  974
  949  978
  950 1009
  950  979
  950  978
  951  980
  951  952
  951  979
  952  953
  952  980
  953  954
  953  981
  953  982
  954  982
  955 1855
  955 1795
  956  985
  956  957
  956 1796
  957  987
  957  986
  958  988
  958  987
  959  989
  960  961
  961  990
  961  991
  961  989
  962  963
  962  992
  962  991
  963  993
  964 1797
  964  995
  964  994
  965  966
  965  997
  966  967
  966  998
  966 1854
  967 1029
  967  999
  967 1794
  968  999
  969 1000
  969  970
  970 1001
  970  971
  970 1000
  971 1003
  971 1002
  971  972
  972 1004
  972 1644
  973 1644
  973 1005
  973  974
  973 1004
  974 1006
  974  975
  975 1007
  975 1712
  975 1710
  975  976
  975 1006
  976 1711
  977  978
  978 1039
  978 1009
  979 1009
  979  980
  980 1011
  980 1010
  981 1013
  981  982
  981 1011
  982 1044
  982  983
  983 1855
  983 1044
  984  985
  984 1796
  984 1795
  985 1016
  985 1015
  985 1796
  986 1016
  986 1018
  986  987
  987  988
  988 1049
  988 1019
  988  989
  988 1020
  988 1018
  989 1021
  989  990
  990 1021
  991 1022
  991 1021
  991  992
  992 1023
  994 1054
  994 1024
  994  995
  994 1023
  995 1797
  995 1024
  996 1797
  996  997
  997 1645
  997 1028
  998 1028
  998 1029
  999 1030
  999 1000
 1000 1001
 1000 1030
 1001 1062
 1001 1032
 1001 1031
 1002 1003
 1003 1032
 1003 1004
 1004 1005
 1004 1033
 1004 1644
 1005 1036
 1005 1006
 1005 1034
 1006 1036
 1007 1713
 1009 1010
 1009 1040
 1010 1041
 1010 1011
 1011 1041
 1012 1013
 1012 1042
 1012 1041
 1013 1043
 1013 1074
 1013 1044
 1014 1855
 1014 1015
 1014 1045
 1014 1044
 1014 1795
 1015 1046
 1015 1045
 1015 1047
 1015 1016
 1015 1795
 1016 1047
 1017 1018
 1017 1047
 1018 1049
 1018 1048
 1018 1080
 1019 1050
 1019 1049
 1020 1050
 1020 1051
 1020 1021
 1021 1022
 1021 1051
 1022 1053
 1022 1023
 1022 1052
 1023 1054
 1023 1053
 1024 1647
 1024 1055
 1024 1054
 1025 1026
 1025 1797
 1026 1087
 1026 1056
 1026 1055
 1026 1645
 1026 1797
 1027 1058
 1027 1028
 1027 1056
 1028 1029
 1029 1059
 1029 1798
 1029 1030
 1030 1091
 1030 1060
 1030 1031
 1030 1059
 1031 1062
 1031 1060
 1031 1061
 1032 1033
 1032 1062
 1033 1064
 1033 1063
 1033 1034
 1034 1066
 1034 1035
 1034 1064
 1035 1067
 1035 1066
 1035 1036
 1036 1714
 1036 1712
 1036 1068
 1036 1067
 1037 1714
 1038 1715
 1038 1039
 1039 1071
 1039 1715
 1039 1040
 1040 1072
 1040 1071
 1041 1800
 1041 1042
 1041 1073
 1042 1073
 1043 1073
 1043 1074
 1044 1076
 1044 1045
 1044 1074
 1046 1646
 1046 1077
 1046 1078
 1046 1047
 1047 1048
 1047 1079
 1047 1078
 1048 1079
 1048 1080
 1049 1081
 1050 1051
 1051 1113
 1051 1082
 1051 1083
 1052 1084
 1052 1053
 1053 1085
 1053 1054
 1054 1085
 1055 1087
 1055 1647
 1056 1088
 1056 1087
 1056 1645
 1057 1058
 1057 1088
 1058 1121
 1058 1798
 1059 1798
 1059 1090
 1060 1092
 1060 1123
 1060 1091
 1061 1092
 1062 1858
 1062 1093
 1062 1063
 1062 1092
 1063 1125
 1063 1094
 1063 1093
 1063 1799
 1063 1856
 1064 1856
 1064 1095
 1064 1799
 1065 1096
 1066 1067
 1067 1097
 1067 1096
 1067 1068
 1068 1099
 1068 1098
 1068 1097
 1069 1099
 1071 1102
 1071 1072
 1072 1801
 1072 1103
 1072 1102
 1073 1074
 1073 1800
 1074 1105
 1074 1104
 1075 1076
 1075 1105
 1076 1107
 1076 1106
 1076 1077
 1077 1646
 1077 1139
 1077 1108
 1078 1109
 1078 1079
 1079 1080
 1079 1109
 1080 1110
 1080 1111
 1080 1081
 1081 1112
 1081 1111
 1081 1082
 1082 1144
 1082 1113
 1083 1114
 1083 1084
 1083 1113
 1084 1115
 1084 1085
 1084 1114
 1085 1086
 1085 1116
 1085 1647
 1086 1087
 1086 1117
 1086 1118
 1086 1647
 1087 1118
 1087 1120
 1087 1088
 1088 1120
 1089 1802
 1089 1121
 1090 1091
 1090 1122
 1090 1121
 1090 1798
 1091 1122
 1091 1123
 1092 1858
 1092 1123
 1093 1858
 1093 1804
 1094 1156
 1094 1127
 1094 1126
 1094 1799
 1094 1125
 1095 1799
 1095 1128
 1095 1096
 1095 1127
 1096 1129
 1096 1097
 1097 1129
 1098 1130
 1099 1100
 1099 1717
 1099 1714
 1099 1130
 1100 1758
 1101 1715
 1102 1801
 1102 1133
 1102 1715
 1102 1718
 1103 1134
 1103 1800
 1104 1800
 1104 1105
 1105 1106
 1105 1136
 1106 1107
 1106 1138
 1106 1167
 1107 1138
 1108 1141
 1108 1139
 1109 1646
 1109 1110
 1110 1111
 1110 1141
 1111 1805
 1111 1143
 1111 1142
 1112 1144
 1113 1146
 1113 1114
 1113 1144
 1114 1146
 1115 1176
 1115 1147
 1115 1146
 1116 1648
 1116 1147
 1117 1118
 1118 1649
 1118 1148
 1119 1120
 1119 1150
 1120 1150
 1120 1802
 1121 1152
 1121 1122
 1122 1153
 1122 1184
 1122 1123
 1123 1153
 1124 1153
 1125 1804
 1125 1126
 1125 1155
 1126 1187
 1126 1155
 1127 1158
 1127 1157
 1127 1128
 1128 1159
 1128 1158
 1128 1129
 1129 1130
 1130 1160
 1130 1159
 1132 1718
 1133 1162
 1133 1194
 1133 1801
 1134 1801
 1134 1164
 1135 1164
 1135 1165
 1135 1800
 1136 1166
 1136 1137
 1136 1800
 1137 1167
 1137 1166
 1138 1167
 1138 1139
 1139 1169
 1139 1140
 1139 1168
 1140 1141
 1141 1170
 1141 1169
 1141 1142
 1141 1646
 1142 1170
 1143 1144
 1143 1859
 1143 1805
 1144 1859
 1144 1145
 1145 1207
 1145 1146
 1145 1174
 1145 1173
 1146 1174
 1146 1176
 1147 1177
 1147 1176
 1148 1648
 1148 1178
 1148 1177
 1148 1649
 1149 1178
 1149 1180
 1149 1150
 1149 1179
 1149 1649
 1150 1212
 1150 1181
 1150 1802
 1150 1180
 1151 1802
 1151 1182
 1151 1152
 1151 1181
 1152 1184
 1152 1183
 1152 1182
 1153 1185
 1153 1184
 1154 1857
 1154 1803
 1154 1185
 1155 1187
 1155 1803
 1155 1804
 1156 1188
 1156 1187
 1157 1189
 1157 1158
 1158 1190
 1158 1159
 1159 1191
 1159 1160
 1159 1190
 1160 1720
 1160 1161
 1160 1191
 1160 1717
 1161 1719
 1161 1717
 1162 1718
 1162 1194
 1163 1195
 1163 1164
 1163 1194
 1163 1801
 1164 1196
 1164 1165
 1164 1195
 1164 1801
 1165 1228
 1165 1198
 1165 1197
 1165 1166
 1166 1199
 1166 1198
 1167 1168
 1168 1201
 1168 1651
 1168 1169
 1168 1200
 1169 1201
 1169 1202
 1169 1170
 1170 1203
 1170 1202
 1171 1235
 1171 1204
 1171 1805
 1171 1203
 1172 1806
 1172 1205
 1172 1859
 1172 1204
 1172 1805
 1174 1238
 1174 1208
 1174 1207
 1175 1209
 1175 1176
 1176 1209
 1177 1240
 1177 1178
 1177 1648
 1178 1649
 1178 1210
 1178 1211
 1180 1211
 1180 1212
 1181 1213
 1181 1212
 1181 1802
 1182 1214
 1182 1183
 1183 1215
 1183 1214
 1184 1216
 1184 1185
 1185 1216
 1185 1650
 1185 1803
 1186 1187
 1186 1803
 1187 1860
 1187 1219
 1187 1217
 1187 1188
 1188 1220
 1188 1189
 1188 1219
 1189 1221
 1189 1190
 1190 1222
 1190 1191
 1191 1223
 1191 1222
 1193 1194
 1194 1257
 1194 1226
 1194 1195
 1195 1227
 1195 1226
 1196 1227
 1197 1228
 1198 1199
 1198 1228
 1199 1229
 1199 1261
 1199 1230
 1199 1200
 1200 1230
 1201 1651
 1201 1232
 1201 1233
 1201 1231
 1202 1234
 1202 1203
 1203 1235
 1204 1236
 1204 1235
 1204 1805
 1205 1806
 1206 1859
 1206 1237
 1206 1807
 1206 1207
 1207 1237
 1208 1270
 1208 1209
 1208 1239
 1208 1238
 1209 1240
 1209 1239
 1210 1241
 1210 1242
 1210 1211
 1210 1240
 1211 1244
 1211 1243
 1211 1212
 1211 1242
 1212 1809
 1212 1213
 1212 1835
 1213 1809
 1213 1214
 1213 1245
 1214 1245
 1214 1215
 1215 1246
 1215 1216
 1216 1248
 1216 1861
 1216 1247
 1217 1650
 1217 1249
 1217 1248
 1217 1218
 1218 1249
 1219 1808
 1219 1250
 1219 1860
 1220 1221
 1220 1250
 1221 1253
 1221 1252
 1221 1222
 1221 1251
 1222 1223
 1222 1253
 1223 1254
 1223 1224
 1223 1720
 1224 1759
 1225 1257
 1226 1259
 1226 1227
 1226 1258
 1227 1259
 1227 1228
 1228 1291
 1228 1229
 1228 1259
 1229 1261
 1230 1651
 1230 1263
 1230 1261
 1231 1232
 1231 1263
 1232 1295
 1232 1264
 1232 1263
 1233 1265
 1233 1264
 1233 1234
 1234 1862
 1234 1813
 1234 1266
 1234 1235
 1234 1265
 1235 1236
 1235 1266
 1236 1834
 1236 1298
 1236 1268
 1236 1237
 1236 1807
 1237 1807
 1237 1268
 1237 1238
 1238 1270
 1238 1269
 1239 1240
 1239 1270
 1240 1272
 1240 1271
 1242 1274
 1242 1273
 1243 1244
 1244 1274
 1245 1863
 1245 1246
 1245 1809
 1246 1863
 1246 1247
 1246 1278
 1247 1278
 1247 1811
 1247 1861
 1248 1249
 1248 1280
 1248 1650
 1249 1860
 1249 1281
 1250 1282
 1250 1808
 1251 1283
 1251 1252
 1251 1282
 1252 1285
 1252 1253
 1252 1283
 1253 1285
 1254 1812
 1254 1255
 1254 1286
 1256 1257
 1256 1760
 1257 1721
 1257 1258
 1258 1815
 1258 1259
 1258 1721
 1259 1291
 1259 1815
 1260 1292
 1260 1323
 1260 1261
 1260 1291
 1261 1293
 1261 1292
 1262 1263
 1262 1293
 1263 1295
 1263 1293
 1263 1651
 1264 1296
 1264 1295
 1266 1813
 1267 1330
 1267 1297
 1267 1298
 1268 1300
 1268 1269
 1268 1298
 1269 1270
 1270 1653
 1270 1301
 1270 1300
 1271 1302
 1271 1272
 1272 1654
 1272 1273
 1272 1303
 1272 1302
 1273 1304
 1273 1654
 1273 1274
 1274 1305
 1274 1275
 1274 1304
 1275 1835
 1275 1306
 1275 1810
 1275 1305
 1276 1810
 1276 1863
 1276 1306
 1276 1814
 1276 1836
 1277 1818
 1277 1278
 1277 1309
 1278 1811
 1278 1309
 1279 1861
 1279 1311
 1279 1342
 1279 1312
 1281 1860
 1281 1313
 1281 1282
 1281 1808
 1281 1312
 1282 1346
 1282 1314
 1282 1313
 1282 1283
 1282 1808
 1283 1315
 1283 1314
 1284 1819
 1284 1316
 1285 1812
 1286 1722
 1286 1287
 1286 1812
 1287 1722
 1289 1815
 1289 1320
 1289 1321
 1291 1354
 1291 1323
 1291 1322
 1292 1355
 1292 1293
 1292 1324
 1293 1821
 1293 1294
 1293 1324
 1294 1821
 1294 1295
 1294 1326
 1294 1327
 1295 1327
 1295 1652
 1296 1862
 1297 1330
 1297 1329
 1297 1816
 1297 1813
 1298 1331
 1298 1330
 1299 1300
 1300 1332
 1300 1333
 1300 1301
 1301 1334
 1301 1333
 1302 1653
 1302 1335
 1302 1334
 1303 1335
 1304 1654
 1304 1368
 1304 1305
 1304 1337
 1305 1306
 1305 1369
 1305 1337
 1306 1810
 1306 1339
 1306 1338
 1307 1814
 1308 1818
 1308 1340
 1308 1309
 1309 1340
 1309 1341
 1310 1811
 1311 1861
 1311 1342
 1311 1341
 1311 1811
 1312 1343
 1312 1344
 1312 1313
 1312 1342
 1313 1345
 1313 1346
 1314 1347
 1314 1346
 1316 1317
 1316 1819
 1316 1812
 1317 1812
 1317 1349
 1317 1348
 1319 1723
 1319 1320
 1320 1724
 1320 1721
 1320 1352
 1320 1351
 1321 1352
 1321 1815
 1322 1815
 1322 1354
 1322 1353
 1323 1355
 1323 1354
 1324 1356
 1324 1357
 1324 1355
 1326 1327
 1326 1821
 1327 1652
 1327 1359
 1327 1358
 1328 1391
 1328 1359
 1329 1864
 1329 1652
 1329 1360
 1329 1361
 1329 1330
 1329 1816
 1330 1362
 1330 1331
 1331 1363
 1331 1362
 1331 1332
 1332 1364
 1332 1333
 1333 1396
 1333 1365
 1333 1334
 1334 1335
 1334 1365
 1334 1653
 1335 1398
 1335 1367
 1335 1366
 1335 1654
 1336 1367
 1336 1368
 1337 1369
 1338 1370
 1338 1371
 1338 1339
 1338 1369
 1339 1871
 1339 1837
 1339 1372
 1339 1817
 1340 1372
 1340 1818
 1340 1374
 1340 1341
 1340 1817
 1341 1375
 1341 1374
 1341 1342
 1342 1375
 1343 1376
 1343 1375
 1345 1407
 1345 1377
 1345 1346
 1345 1376
 1346 1347
 1347 1379
 1347 1378
 1347 1819
 1347 1377
 1348 1819
 1348 1380
 1348 1349
 1348 1379
 1349 1411
 1349 1350
 1349 1380
 1349 1722
 1350 1722
 1351 1724
 1352 1383
 1352 1725
 1352 1353
 1352 1384
 1352 1815
 1353 1655
 1353 1384
 1353 1354
 1353 1815
 1354 1386
 1354 1820
 1355 1820
 1355 1417
 1355 1386
 1356 1387
 1356 1417
 1357 1388
 1357 1821
 1358 1388
 1358 1389
 1358 1821
 1358 1359
 1359 1391
 1359 1421
 1360 1422
 1360 1392
 1360 1361
 1360 1391
 1361 1392
 1361 1393
 1362 1363
 1363 1394
 1363 1395
 1363 1364
 1363 1393
 1364 1396
 1364 1395
 1365 1822
 1365 1397
 1365 1396
 1366 1398
 1367 1368
 1367 1398
 1368 1400
 1368 1399
 1368 1369
 1369 1401
 1369 1400
 1371 1401
 1371 1402
 1371 1372
 1372 1817
 1372 1403
 1372 1402
 1373 1374
 1374 1435
 1374 1375
 1374 1403
 1375 1406
 1375 1404
 1375 1376
 1376 1407
 1376 1406
 1377 1408
 1377 1378
 1377 1407
 1378 1408
 1378 1379
 1379 1410
 1379 1441
 1379 1380
 1379 1819
 1380 1411
 1380 1410
 1383 1384
 1383 1414
 1384 1445
 1384 1385
 1384 1414
 1385 1416
 1385 1386
 1386 1655
 1386 1416
 1386 1820
 1387 1418
 1387 1388
 1387 1448
 1387 1417
 1388 1821
 1388 1419
 1388 1418
 1388 1420
 1389 1390
 1390 1450
 1390 1420
 1390 1421
 1391 1422
 1391 1421
 1392 1453
 1392 1393
 1392 1422
 1393 1425
 1393 1394
 1393 1424
 1393 1423
 1394 1426
 1394 1425
 1395 1396
 1396 1822
 1396 1426
 1398 1429
 1398 1428
 1399 1430
 1399 1429
 1399 1400
 1400 1401
 1401 1462
 1401 1432
 1401 1431
 1401 1402
 1402 1403
 1402 1434
 1402 1432
 1403 1435
 1404 1657
 1404 1436
 1404 1435
 1404 1405
 1405 1437
 1405 1406
 1406 1824
 1406 1407
 1407 1438
 1407 1824
 1408 1438
 1408 1439
 1408 1409
 1409 1441
 1409 1439
 1410 1442
 1410 1411
 1411 1412
 1411 1727
 1411 1442
 1412 1727
 1413 1725
 1413 1726
 1414 1445
 1414 1728
 1414 1725
 1415 1416
 1415 1445
 1416 1446
 1417 1448
 1417 1447
 1418 1449
 1418 1448
 1420 1449
 1420 1450
 1421 1422
 1421 1452
 1421 1450
 1422 1453
 1423 1454
 1423 1453
 1423 1424
 1425 1426
 1425 1454
 1425 1455
 1425 1487
 1426 1455
 1426 1456
 1426 1427
 1427 1822
 1427 1457
 1427 1456
 1428 1865
 1428 1822
 1428 1826
 1428 1459
 1428 1429
 1428 1458
 1429 1460
 1429 1459
 1430 1461
 1430 1431
 1430 1460
 1431 1494
 1431 1462
 1431 1461
 1432 1462
 1433 1434
 1433 1464
 1434 1823
 1434 1435
 1434 1656
 1434 1465
 1435 1466
 1435 1657
 1436 1437
 1437 1468
 1437 1467
 1438 1470
 1438 1439
 1438 1824
 1439 1470
 1441 1471
 1441 1442
 1442 1473
 1442 1472
 1442 1471
 1445 1476
 1445 1446
 1446 1479
 1446 1478
 1446 1447
 1446 1477
 1447 1480
 1447 1448
 1447 1479
 1448 1513
 1448 1482
 1448 1449
 1448 1480
 1449 1482
 1449 1483
 1449 1450
 1450 1451
 1451 1516
 1451 1484
 1451 1483
 1452 1485
 1452 1453
 1453 1486
 1453 1454
 1454 1487
 1454 1486
 1455 1825
 1455 1487
 1456 1457
 1456 1825
 1456 1488
 1457 1458
 1457 1488
 1457 1489
 1458 1865
 1458 1822
 1459 1491
 1459 1826
 1460 1492
 1460 1461
 1460 1491
 1461 1492
 1461 1494
 1462 1495
 1462 1494
 1463 1464
 1464 1496
 1464 1495
 1464 1823
 1465 1498
 1465 1497
 1465 1823
 1466 1656
 1466 1532
 1466 1499
 1466 1467
 1466 1498
 1467 1657
 1467 1468
 1467 1500
 1468 1469
 1468 1824
 1469 1824
 1469 1470
 1470 1536
 1470 1503
 1470 1471
 1470 1502
 1471 1504
 1471 1503
 1471 1472
 1472 1830
 1472 1504
 1473 1727
 1473 1830
 1473 1474
 1473 1505
 1474 1505
 1474 1729
 1475 1730
 1475 1728
 1475 1476
 1476 1508
 1476 1728
 1476 1731
 1476 1477
 1477 1509
 1477 1508
 1477 1478
 1478 1479
 1479 1511
 1479 1510
 1480 1512
 1480 1511
 1481 1513
 1482 1483
 1482 1515
 1482 1513
 1483 1516
 1483 1515
 1484 1485
 1484 1516
 1485 1517
 1485 1519
 1486 1520
 1486 1487
 1486 1519
 1487 1825
 1487 1520
 1488 1522
 1488 1489
 1489 1524
 1489 1523
 1491 1826
 1491 1827
 1491 1492
 1491 1525
 1492 1527
 1492 1526
 1493 1528
 1493 1527
 1494 1529
 1494 1528
 1494 1495
 1495 1530
 1495 1496
 1495 1529
 1496 1823
 1497 1829
 1497 1658
 1497 1498
 1497 1869
 1497 1823
 1498 1656
 1499 1562
 1499 1500
 1499 1533
 1499 1532
 1500 1501
 1500 1659
 1500 1533
 1501 1534
 1501 1502
 1501 1535
 1502 1535
 1502 1536
 1503 1566
 1503 1537
 1503 1504
 1504 1537
 1505 1539
 1505 1506
 1505 1830
 1508 1741
 1508 1732
 1508 1509
 1508 1542
 1509 1543
 1509 1510
 1510 1742
 1510 1544
 1510 1543
 1510 1511
 1511 1545
 1511 1512
 1511 1544
 1512 1545
 1512 1513
 1513 1743
 1513 1546
 1513 1545
 1514 1515
 1514 1546
 1515 1547
 1515 1516
 1515 1546
 1516 1744
 1516 1547
 1516 1517
 1517 1549
 1517 1518
 1517 1744
 1518 1519
 1518 1549
 1519 1550
 1520 1735
 1520 1551
 1521 1551
 1521 1552
 1521 1825
 1522 1825
 1522 1553
 1522 1523
 1522 1552
 1523 1553
 1523 1524
 1524 1554
 1524 1866
 1524 1553
 1525 1555
 1525 1556
 1525 1827
 1526 1557
 1526 1527
 1526 1556
 1527 1557
 1528 1558
 1528 1529
 1528 1557
 1529 1559
 1529 1558
 1530 1559
 1530 1839
 1531 1829
 1531 1560
 1531 1561
 1531 1828
 1532 1658
 1532 1562
 1532 1561
 1533 1563
 1533 1659
 1534 1564
 1534 1659
 1534 1535
 1534 1563
 1535 1564
 1535 1536
 1536 1565
 1536 1566
 1536 1564
 1537 1567
 1537 1566
 1538 1568
 1538 1567
 1538 1830
 1539 1830
 1539 1569
 1539 1540
 1539 1568
 1541 1741
 1542 1571
 1542 1573
 1542 1572
 1542 1732
 1543 1574
 1543 1732
 1544 1733
 1544 1576
 1544 1742
 1545 1578
 1545 1733
 1546 1734
 1546 1580
 1546 1743
 1547 1582
 1547 1734
 1547 1548
 1548 1583
 1549 1586
 1549 1585
 1549 1550
 1549 1744
 1550 1735
 1550 1586
 1551 1588
 1551 1589
 1551 1552
 1551 1735
 1552 1736
 1552 1590
 1552 1589
 1552 1825
 1553 1592
 1553 1736
 1553 1593
 1553 1554
 1554 1866
 1554 1555
 1554 1594
 1554 1593
 1554 1827
 1555 1827
 1555 1749
 1555 1556
 1555 1595
 1556 1598
 1556 1596
 1556 1557
 1557 1737
 1557 1599
 1557 1598
 1558 1737
 1558 1559
 1558 1601
 1559 1604
 1559 1603
 1559 1831
 1560 1828
 1560 1606
 1560 1831
 1560 1561
 1560 1604
 1561 1562
 1561 1607
 1561 1751
 1561 1658
 1562 1608
 1562 1609
 1562 1563
 1563 1738
 1563 1610
 1563 1659
 1564 1738
 1564 1565
 1564 1612
 1565 1614
 1565 1566
 1565 1613
 1566 1739
 1566 1615
 1567 1617
 1567 1739
 1567 1568
 1568 1618
 1568 1740
 1568 1617
 1568 1830
 1569 1740
 1571 1741
 1574 1732
 1574 1742
 1576 1733
 1578 1733
 1578 1743
 1580 1734
 1582 1734
 1583 1744
 1586 1745
 1588 1746
 1590 1747
 1592 1748
 1594 1749
 1599 1750
 1601 1737
 1604 1831
 1608 1751
 1610 1738
 1612 1738
 1615 1752
 1617 1753
 1620 1740
 1623 1769
 1625 1761
 1631 1774
 1633 1660
 1642 1832
 1652 1864
 1662 1663
 1664 1673
 1665 1675
 1666 1667
 1671 1754
 1678 1679
 1679 1680
 1680 1681
 1681 1682
 1682 1684
 1683 1685
 1685 1686
 1686 1755
 1687 1688
 1688 1690
 1689 1691
 1690 1692
 1692 1756
 1693 1694
 1694 1696
 1696 1697
 1697 1698
 1698 1700
 1699 1757
 1701 1702
 1703 1704
 1704 1705
 1707 1709
 1709 1710
 1710 1711
 1712 1713
 1713 1714
 1715 1716
 1716 1718
 1717 1758
 1719 1720
 1720 1759
 1721 1760
 1721 1723
 1722 1812
 1724 1725
 1725 1726
 1726 1728
 1727 1729
 1730 1731
 1731 1741
 1735 1745
 1735 1746
 1736 1747
 1736 1748
 1737 1750
 1739 1752
 1739 1753
 1765 1768
 1767 1768
 1773 1845
 1774 1833
 1774 1775
 1775 1777
 1785 1788
 1785 1832
 1788 1850
 1803 1804
 1804 1857
 1806 1834
 1807 1859
 1809 1836
 1810 1835
 1813 1816
 1813 1864
 1814 1838
 1814 1870
 1817 1838
 1817 1818
 1818 1863
 1823 1869
 1826 1827
 1826 1866
 1828 1831
 1828 1829
 1829 1868
 1829 1839
 1831 1839
 1831 1868
 1833 1867
 1834 1859
 1835 1836
 1837 1870
 1837 1838
 1838 1863
 1839 1869
 1857 1858
 1862 1864
 1865 1866
 1870 1871
 1872 1873
