   0.000          0.000          0.000    1
   0.000          0.000          0.000    2
   0.000          0.000          0.000    3
   0.000          0.000          0.000    4
   0.000          0.000          0.000    5
   0.000          0.000          0.000    6
   0.000          0.000          0.000    7
   0.000          0.000          0.000    8
   0.000          0.000          0.000    9
   0.000          0.000          0.000   10
   0.000          0.000          0.000   11
   0.000          0.000          0.000   12
   0.000          0.000          0.000   13
   0.000          0.000          0.000   14
   0.000          0.000          0.000   15
   0.000          0.000          0.000   16
   0.000          0.000          0.000   17
   0.000          0.000          0.000   18
   0.000          0.000          0.000   19
   0.000          0.000          0.000   20
   0.000          0.000          0.000   21
   0.000          0.000          0.000   22
   0.000          0.000          0.000   23
   0.000          0.000          0.000   24
   0.000          0.000          0.000   25
   0.000          0.000          0.000   26
   0.000          0.000          0.000   27
   0.000          0.000          0.000   28
   0.000          0.000          0.000   29
   0.000          0.000          0.000   30
   0.000          0.000          0.000   31
   0.000          0.000          0.000   32
   0.000          0.000          0.000   33
   0.000          0.000          0.000   34
   0.000          0.000          0.000   35
   0.000          0.000          0.000   36
   0.000          0.000          0.000   37
   0.000          0.000          0.000   38
   0.000          0.000          0.000   39
   0.000          0.000          0.000   40
   0.000          0.000          0.000   41
   0.000          0.000          0.000   42
   0.000          0.000          0.000   43
   0.000          0.000          0.000   44
   0.000          0.000          0.000   45
   0.000          0.000          0.000   46
   0.000          0.000          0.000   47
   0.000          0.000          0.000   48
   0.000          0.000          0.000   49
   0.000          0.000          0.000   50
   0.000          0.000          0.000   51
   0.000          0.000          0.000   52
 175.605    9369667.145          0.000    3
 229.660   12397413.412          0.000    3
 197.434   10939758.938          0.000    7
 139.449    7476672.947          0.000    7
  66.538    3525734.815          0.000   11
 343.177   22492408.982          0.000   11
 281.535   16228353.762          0.000   15
 202.163   11511038.269          0.000   15
 213.565   11868337.947          0.000   19
 368.715   18055842.846          0.000   20
  55.278    2765073.990          0.000   21
 362.571   26259688.876          0.000   23
  85.537    4426423.744          0.000   26
 314.431   20737393.233          0.000   28
  74.946    3701094.578          0.000   29
 326.810   12958660.840          0.000   33
 128.147    6673964.359          0.000   35
 168.491    8837551.145          0.000   37
  47.156    2345775.631          0.000   37
 295.721   16561261.714          0.000   38
 287.372   12794359.373          0.000   42
 120.277    6034864.610          0.000   42
 311.145   16058876.176          0.000   44
  90.303    4499016.475          0.000   45
 162.062    7914826.097          0.000   49
 244.414   12155867.659          0.000  110
   0.000          0.000          0.000   79
   0.000          0.000          0.000   80
 446.211   25632697.113          0.000    3
 270.076   12953158.171          0.000    5
 125.776    6620492.906          0.000    5
 328.175   16906337.909          0.000    7
 205.189   10931863.337          0.000    7
  95.867    5060574.981          0.000   11
 255.717   12592913.471          0.000   13
  81.940    4082614.651          0.000   13
 266.262   14582368.805          0.000   15
 109.640    5780469.471          0.000   17
 358.439   17588399.854          0.000   17
 243.476   12737867.894          0.000   21
  77.504    3843176.614          0.000   21
 156.608    7872155.439          0.000   26
 112.445    5182228.085          0.000   26
 119.400    5785622.871          0.000   29
 148.454    7712654.174          0.000   29
 355.006   20290509.166          0.000   31
  84.436    4038291.238          0.000   33
 237.816   12160741.299          0.000   35
 455.099   23315482.620          0.000   37
  85.805    4146846.152          0.000   37
 304.085   17353499.369          0.000   40
 110.576    4835970.604          0.000   42
 518.591   33245066.362          0.001   42
 182.452    8393150.369          0.000   44
 150.336    7467117.293          0.000   45
 379.033   17455899.162          0.000   49
 173.271    8444937.156          0.000  138
   0.000          0.000          0.000  110
   0.000          0.000          0.000  111
 183.175    9561857.646          0.000  139
 534.712   24329872.780          0.000    5
 386.852   19147718.759          0.000    7
 178.684    8989594.370          0.000   11
 168.408    8036243.796          0.000   13
 152.450    7102297.174          0.000   13
 491.649   22062707.715          0.000   17
 311.144   13953519.181          0.000   17
 649.501   38349184.356          0.001   21
 134.611    6401512.098          0.000   21
 500.874   27688205.469          0.001   21
 561.805   26771808.160          0.000   26
 433.627   23419790.751          0.000   26
 386.075   17723651.551          0.000   29
 494.305   25450553.822          0.000   29
 441.265   20337532.626          0.000   29
 169.554    7266561.363          0.000   33
 528.597   25166483.970          0.000   35
 444.589   18781605.404          0.000   37
 141.953    6436532.943          0.000   37
 207.705    8394370.348          0.000   42
 320.053   15034906.324          0.000   42
 279.041   11947772.595          0.000   44
 267.580   12786936.878          0.000   45
 611.531   30303702.746          0.001  138
 189.059    9337601.961          0.000  138
   0.000          0.000          0.000  138
   0.000          0.000          0.000  139
 234.417   12417026.175          0.000  139
 523.327   25200621.959          0.000    5
 351.044   16536980.904          0.000    5
 475.426   19345808.135          0.000   11
 385.111   16686002.829          0.000   11
 267.721   11819733.287          0.000   13
 342.679   14888345.743          0.000   13
 634.923   35705381.669          0.001   13
 560.356   23578938.967          0.000   13
 657.050   25800792.692          0.000   17
 414.621   15775659.697          0.000   21
 419.313   15322131.192          0.000   21
 376.796   15961393.362          0.000   26
 660.937   31205474.655          0.001   26
 241.389    9813514.340          0.000   26
 315.244   13130847.123          0.000   29
 531.684   23393125.649          0.000   29
 547.289   18295917.154          0.000   33
 237.537    9238459.052          0.000   33
 817.062   35657277.483          0.001   33
 288.297   11019277.408          0.000   37
 179.256    7812474.691          0.000   37
 294.140   11091101.398          0.000   42
 523.511   22469267.925          0.000   42
 591.047   19824048.418          0.000   44
 520.643   22703025.424          0.000   45
 592.962   26580676.380          0.001  168
 213.219   11396570.678          0.000  138
   0.000          0.000          0.000  168
   0.000          0.000          0.000  169
 197.763   11289301.503          0.000  169
 301.832   17563998.037          0.000  169
 603.989   25362461.066          0.000    5
 696.706   26735186.398          0.000   11
 686.101   26225920.164          0.000   11
 602.869   21495594.268          0.000   13
 565.210   22380318.194          0.000   13
 677.795   18608524.885          0.000   13
 816.669   28598418.666          0.001   17
 647.121   22121791.020          0.000   21
 311.792   11869103.605          0.000   21
 531.486   20356225.058          0.000   21
 558.377   20884878.614          0.000   26
 421.838   13581627.640          0.000   26
 747.033   25580067.183          0.000   26
 597.207   20303247.478          0.000   29
 798.973   26548539.961          0.000   33
 777.203   25221466.415          0.000   33
 682.470   17801687.538          0.000   33
 702.978   21547747.760          0.000   37
 286.294   10596991.108          0.000   37
 610.953   22219199.193          0.000   37
 502.648   15823379.973          0.000   42
 945.075   40698703.131          0.001   42
 927.324   29048811.903          0.001   44
 795.396   32296989.237          0.001  168
 504.123   20431169.623          0.000  168
 158.215    7662288.807          0.000  168
  85.675    4208475.755          0.000  168
   0.000          0.000          0.000  199
   0.000          0.000          0.000  200
 120.387    6027495.291          0.000  231
 329.654   13801131.829          0.000  231
 844.521   29803251.426          0.001  231
 644.124   23044924.446          0.000   11
 971.635   36297509.783          0.001   13
 934.439   36655377.650          0.001   13
 971.445   25921257.398          0.000   13
1031.047   28435817.146          0.001   13
1100.431          0.000          0.000  209
 878.729   25917985.968          0.000   21
 502.502   14901930.295          0.000   21
 950.013   37446099.510          0.001   26
 835.968   35898039.672          0.001   26
 701.980   17818566.619          0.000   26
 779.851   27164425.049          0.000   26
1009.114   34515892.618          0.001   29
 798.826   25333967.045          0.000   29
1100.257   17617338.140          0.000  247
 938.906   20331972.534          0.000   33
1025.767   27430247.125          0.001   33
1030.768   38040134.299          0.001   37
 798.739   22772361.744          0.000   37
 861.749   28310226.714          0.001   42
 932.908   32143224.520          0.001   42
 988.405   30095199.923          0.001   42
1100.465          0.000          0.000  226
 983.789   36079656.273          0.001  296
 462.147   19671944.526          0.000  168
 271.996   13580306.299          0.000  199
   0.000          0.000          0.000  230
   0.000          0.000          0.000  231
 379.571   21625836.230          0.000  231
 520.423   19319294.444          0.000  231
 773.148   25770666.155          0.000  231
1031.633   42241218.915          0.001   11
1100.313          0.000          0.000  236
1096.927   36615597.245          0.001   13
1051.792   26175080.390          0.000   13
1091.798   36648659.110          0.001   13
1091.389   41766986.070          0.001   21
 731.582   18277816.784          0.000   21
1100.272   22890010.677          0.000  309
 974.990   34687657.540          0.001   26
1042.000   25848415.697          0.000   26
1038.544   29007889.456          0.001   26
1042.960   35630279.564          0.001   29
1100.257          0.000          0.000  247
1100.257   10694026.332          0.000  247
1066.002   26552175.551          0.000   33
1087.859   38759411.415          0.001   37
1036.218   29065129.811          0.001   37
 860.002   21093458.248          0.000   37
 698.020   17497021.175          0.000   37
 982.665   27595175.666          0.001   37
1071.617   28848255.955          0.001   42
1100.465   17047788.401          0.000  226
 901.421   26017316.268          0.001  296
 762.687   24168619.326          0.000  296
 782.021   25612996.115          0.000  296
 518.974   28174573.677          0.001  296
 171.965    8992516.124          0.000  296
   0.000          0.000          0.000  262
   0.000          0.000          0.000  263
 516.316   32654515.476          0.001  263
 594.684   32449003.061          0.001  263
 683.889   30044108.068          0.001  327
 970.233   36280947.607          0.001  327
1100.308          0.000          0.000  268
1100.309    6582166.073          0.000  268
1100.313   13864590.349          0.000  236
1100.218   20368007.386          0.000  333
1100.401    8869962.297          0.000  273
1100.401          0.000          0.000  273
1099.229   39625406.857          0.001   21
1079.986   29859453.221          0.001   21
1069.432   28697972.492          0.001   21
1100.272    4571580.732          0.000  309
1095.691   36329423.714          0.001   26
1100.536   11231805.620          0.000  312
1100.304   13335914.170          0.000  281
1100.304          0.000          0.000  281
1100.257    8175140.759          0.000  247
1100.238    8398194.705          0.000  284
1100.238          0.000          0.000  284
1100.240   14388595.648          0.000  317
 988.705   26922384.606          0.001   37
 926.803   22422007.482          0.000   37
1059.844   30607725.561          0.001   37
1098.930   39087185.659          0.001   42
1099.224   41862749.085          0.001   42
 930.124   27456709.864          0.001  296
 739.923   21161061.829          0.000  296
 308.757   11149841.287          0.000  296
 189.425    7907399.551          0.000  296
 107.783    4967793.351          0.000  296
   0.000          0.000          0.000  296
   0.000          0.000          0.000  297
 129.003    7106944.640          0.000  263
 260.587   14438397.311          0.000  263
 377.209   15894450.680          0.000  327
 593.218   19632759.401          0.000  327
 982.265   29747802.472          0.001  327
1100.309   17041647.399          0.000  268
1100.218   12456826.195          0.000  333
1100.218    6450781.306          0.000  333
1100.401    8867428.236          0.000  273
1099.556   43925806.490          0.001   21
1100.029          0.000          0.000  308
1100.272          0.000          0.000  309
1100.536   19135607.018          0.000  312
1100.536    9367533.210          0.000  312
1100.536          0.000          0.000  312
1100.304   16003438.579          0.000  281
1100.304   11150515.522          0.000  281
1100.238   12249684.942          0.000  284
1100.238    6804841.881          0.000  284
1100.240          0.000          0.000  317
1100.333          0.000          0.000  318
1043.353   28050091.358          0.001   37
1100.319   17213356.112          0.000  381
1100.290   12405084.979          0.000  352
1100.290    6212873.248          0.000  352
 835.103   25430591.742          0.000  296
 650.915   22963386.017          0.000  296
 308.776   15781099.986          0.000  326
   0.000          0.000          0.000  326
   0.000          0.000          0.000  327
 101.429    4851284.154          0.000  327
 223.253    9527295.128          0.000  327
 509.411   15451881.847          0.000  327
1053.932   30759304.421          0.001  327
1100.343   17463585.000          0.000  364
1100.217          0.000          0.000  333
1100.408   11785028.206          0.000  366
1100.407    8596485.991          0.000  366
1100.407   17414625.277          0.000  366
1100.417          0.000          0.000  337
1100.272   14357370.675          0.000  309
1100.272    5128412.221          0.000  309
1100.272    8106368.013          0.000  309
1100.282          0.000          0.000  341
1100.537   15793885.696          0.000  312
1100.264          0.000          0.000  343
1100.337   15628514.037          0.000  406
1100.238   17720281.473          0.000  284
1100.240    3948739.945          0.000  317
1100.333    8780137.721          0.000  318
1100.321   10557998.104          0.000  380
1100.321   13657759.558          0.000  380
1100.316    5757843.430          0.000  381
1100.290    6771887.645          0.000  352
1100.290          0.000          0.000  352
 934.418   28474026.953          0.001  387
 692.781   27183396.705          0.001  387
 249.788   11445651.207          0.000  387
 299.178   15841396.419          0.000  326
   0.000          0.000          0.000  357
   0.000          0.000          0.000  358
 324.010   18736350.022          0.000  327
 541.380   25760653.695          0.000  418
 896.721   31014683.714          0.001  327
1067.314   31911556.137          0.001  327
1100.343    8097221.188          0.000  364
1100.343          0.000          0.000  364
1100.407    9954715.737          0.000  366
1100.407          0.000          0.000  366
1100.407    4291262.129          0.000  366
1100.397   22653563.971          0.000  427
1100.272   20197441.166          0.000  309
1100.272   12324970.953          0.000  309
1100.272   15593923.792          0.000  309
1100.272   20888710.348          0.000  309
1100.211          0.000          0.000  373
1100.241   13175697.794          0.000  404
1100.337   16196011.933          0.000  406
1100.337    6541122.356          0.000  406
1100.240   15514615.533          0.000  317
1100.240   14685222.032          0.000  317
1100.321    8898422.643          0.000  380
1100.321          0.000          0.000  380
1100.315          0.000          0.000  381
1100.290   15766852.168          0.000  352
1006.652   25054119.631          0.000  387
 822.551   27033631.017          0.001  387
 450.983   18039711.624          0.000  387
  71.541    3377838.182          0.000  387
   0.000          0.000          0.000  387
   0.000          0.000          0.000  388
 439.300   29130913.389          0.001  418
 262.448   12416527.213          0.000  418
 646.133   21216941.225          0.000  418
 839.125   21883390.229          0.000  418
1094.028   31050317.821          0.001  418
1100.343    8727958.891          0.000  364
1100.343    5524106.528          0.000  364
1100.407    6852572.864          0.000  366
1100.395    7455461.573          0.000  427
1100.395   12049333.735          0.000  427
1100.268    9662937.886          0.000  430
1100.263   13729685.775          0.000  402
1100.263    5319138.967          0.000  402
1100.263          0.000          0.000  402
1100.212   13080696.427          0.000  373
1100.241          0.000          0.000  404
1100.275   12413075.264          0.000  435
1100.337          0.000          0.000  406
1100.257    8818663.288          0.000  437
1100.248    9487331.728          0.000  439
1100.321   17668452.532          0.000  380
1100.321    5093938.364          0.000  380
1100.315    5006659.521          0.000  381
1098.711   40020476.763          0.001  387
1084.478   30302698.943          0.001  387
 604.308   14979861.629          0.000  387
 204.456    8327346.870          0.000  387
 331.585   16922997.744          0.000  417
   0.000          0.000          0.000  417
   0.000          0.000          0.000  418
  84.216    4033889.514          0.000  418
 195.424    8229392.002          0.000  418
 701.590   16774807.596          0.000  418
1018.260   21599192.707          0.000  418
1088.702   26404871.310          0.000  418
1100.343   13475662.935          0.000  364
1100.343   12579753.116          0.000  364
1100.395   13639617.546          0.000  427
1100.395          0.000          0.000  427
1100.395    6148927.574          0.000  427
1100.395   12016874.269          0.000  427
1100.268          0.000          0.000  430
1100.263   10452385.174          0.000  402
1100.436   15067110.795          0.000  464
1100.134   17767326.126          0.000  465
1100.261   17097577.409          0.000  404
1100.274          0.000          0.000  435
1100.257   10709442.201          0.000  437
1100.257          0.000          0.000  437
1100.257    6247475.838          0.000  437
1100.248          0.000          0.000  439
1100.321   13784820.406          0.000  380
1100.316   12126787.920          0.000  381
1100.313    9526956.879          0.000  472
 990.446   21908022.271          0.000  387
 763.305   22706059.207          0.000  387
 571.439   20296830.979          0.000  387
 545.056   22828889.540          0.000  387
 245.846   12772538.927          0.000  417
   0.000          0.000          0.000  448
   0.000          0.000          0.000  449
 289.655   16414639.454          0.000  418
 297.207   14215546.477          0.000  418
 603.942   19873593.618          0.000  418
1053.934   26384718.580          0.000  418
1100.284    7980178.319          0.000  455
1100.284          0.000          0.000  455
1100.344   23263200.617          0.000  364
1100.395   12409016.080          0.000  427
1100.395    4589871.634          0.000  427
1100.284   17297528.736          0.000  523
1100.404   26061784.033          0.000  427
1100.352   20372192.473          0.000  527
1100.352   11014085.372          0.000  527
1100.436   11442282.558          0.000  464
1100.435          0.000          0.000  464
1100.127          0.000          0.000  465
1100.081          0.000          0.000  466
1100.364   11314939.627          0.000  499
1100.257    6898349.465          0.000  437
1100.146   20611758.330          0.000  534
1100.146   13549079.130          0.000  534
1100.448   17144931.471          0.000  536
1100.313          0.000          0.000  472
1100.313   13383229.407          0.000  472
1087.426   32253201.568          0.001  387
 917.395   30653588.602          0.001  387
 548.717   24432598.733          0.000  448
 359.004   16945064.536          0.000  448
 109.182    5477893.772          0.000  448
   0.000          0.000          0.000  479
   0.000          0.000          0.000  480
 227.369   13178373.463          0.000  480
 476.677   29803231.467          0.001  480
 779.780   34194934.068          0.001  512
 955.745   25917182.749          0.000  512
1095.960   42875879.861          0.001  512
1100.284   15786393.372          0.000  455
1100.284    7700097.439          0.000  455
1100.395   21647154.890          0.000  427
1100.395   13935196.804          0.000  427
1100.284   13502482.274          0.000  523
1100.284    5463367.557          0.000  523
1100.284   14309929.560          0.000  523
1100.352   20212652.550          0.000  527
1100.352    4878049.548          0.000  527
1100.436    9740310.842          0.000  464
1100.245          0.000          0.000  496
1100.326   17752380.731          0.000  530
1100.326   12750252.110          0.000  530
1100.362          0.000          0.000  499
1100.372   10239055.987          0.000  501
1100.372          0.000          0.000  501
1100.146    2616552.648          0.000  534
1100.146    6977353.409          0.000  534
1100.146   17847463.213          0.000  534
1100.448    7532249.535          0.000  536
1100.313    9255460.394          0.000  472
1098.367   38273854.507          0.001  387
 903.693   36554489.209          0.001  573
 443.102   18604707.467          0.000  573
 229.547   11917761.653          0.000  479
   0.000          0.000          0.000  511
   0.000          0.000          0.000  512
 131.509    6129562.684          0.000  512
 325.364   12732155.541          0.000  512
 617.114   18578175.858          0.000  512
1061.859   31405685.907          0.001  512
1100.475   10578904.404          0.000  518
1100.475          0.000          0.000  518
1100.342   15767087.615          0.000  550
1100.560    7695536.261          0.000  521
1100.560          0.000          0.000  521
1100.284   16361147.841          0.000  523
1100.284          0.000          0.000  523
1100.284    5323702.457          0.000  523
1100.463   20550827.145          0.000  586
1100.352    7658517.671          0.000  527
1100.352          0.000          0.000  527
1100.245    8035010.517          0.000  496
1100.326    8792351.475          0.000  530
1100.326          0.000          0.000  530
1100.261   16087558.409          0.000  563
1100.261   10201195.285          0.000  563
1100.372   10518492.101          0.000  501
1100.145          0.000          0.000  534
1100.133   21826190.732          0.000  595
1100.447          0.000          0.000  536
1100.448    4494703.798          0.000  536
1100.307    9281127.326          0.000  569
 745.400   20945847.717          0.000  573
 307.428   11703527.830          0.000  573
 195.408    8563004.169          0.000  573
  95.826    4678064.424          0.000  573
   0.000          0.000          0.000  543
   0.000          0.000          0.000  544
 138.590    7615207.773          0.000  544
 449.882   21721797.623          0.000  544
 847.989   37814322.592          0.001  544
1008.124   27019196.689          0.000  634
1100.475    9089734.862          0.000  518
1100.342          0.000          0.000  550
1100.342    7892655.188          0.000  550
1100.193    6303323.289          0.000  581
1100.560   10744790.924          0.000  521
1100.362    6777486.666          0.000  583
1100.284    6101830.687          0.000  523
1100.284    6689543.483          0.000  523
1100.462    8467420.347          0.000  586
1100.352    8471160.911          0.000  527
1100.390    8200734.290          0.000  588
1100.257    9089085.844          0.000  589
1100.326   12273999.837          0.000  530
1100.326   11644979.002          0.000  530
1100.261          0.000          0.000  563
1100.261    4500612.917          0.000  563
1100.096    6660657.580          0.000  593
1100.132    7675330.411          0.000  595
1100.448   12471766.295          0.000  536
1100.308   12626290.925          0.000  569
1100.307          0.000          0.000  569
 811.557   23666824.701          0.000  573
 484.109   17285401.560          0.000  573
 352.191   19120912.891          0.000  573
   0.000          0.000          0.000  573
   0.000          0.000          0.000  574
 375.481   21775087.087          0.000  574
 260.558   13781250.252          0.000  544
 352.910   12894268.066          0.000  634
 789.468   20104574.455          0.000  634
1083.644   36768162.374          0.001  634
1100.342    5795912.317          0.000  550
1100.192          0.000          0.000  581
1100.362    7273887.907          0.000  583
1100.362          0.000          0.000  583
1100.284   16692076.546          0.000  523
1100.284   14461212.236          0.000  523
1100.462          0.000          0.000  586
1100.352   16719904.813          0.000  527
1100.390          0.000          0.000  588
1100.257          0.000          0.000  589
1100.225          0.000          0.000  590
1100.263   13670056.613          0.000  563
1100.349   19690905.961          0.000  656
1100.096          0.000          0.000  593
1100.132    6508339.792          0.000  595
1100.132          0.000          0.000  595
1100.320    8833513.429          0.000  627
1100.214   13017600.146          0.000  628
 897.142   27692804.178          0.001  695
 642.240   19342192.416          0.000  695
 492.783   23981992.807          0.000  573
 141.174    7049638.932          0.000  573
   0.000          0.000          0.000  602
   0.000          0.000          0.000  603
 418.114   18798149.889          0.000  634
 135.839    6375350.118          0.000  634
 610.703   27809806.921          0.000  634
 739.948   27940884.114          0.000  634
 937.327   27724054.126          0.000  634
1072.462   38938998.593          0.001  634
1100.342   15125219.034          0.000  550
1100.193    8728610.567          0.000  581
1100.363   15098932.836          0.000  583
1100.362   11011533.566          0.000  583
1100.322   14826776.774          0.000  676
1100.462    7190219.858          0.000  586
1100.325   19242593.973          0.000  650
1100.324    8857535.163          0.000  650
1100.257   13674767.990          0.000  589
1100.257    5255659.127          0.000  589
1100.433   10656511.586          0.000  652
1100.328    8178342.295          0.000  654
1100.127          0.000          0.000  622
1100.347    8703518.061          0.000  656
1100.347    6922668.288          0.000  656
1100.133   12436896.012          0.000  595
1100.320    2425771.795          0.000  627
1100.320          0.000          0.000  627
1100.214          0.000          0.000  628
 885.248   24916854.189          0.000  695
 284.201   11103978.536          0.000  695
 618.772   29653796.844          0.001  695
 292.237   16060066.615          0.000  633
   0.000          0.000          0.000  633
   0.000          0.000          0.000  634
  72.455    3707743.409          0.000  634
 132.568    6299855.380          0.000  634
 270.028   10713747.455          0.000  634
 456.499   14196987.256          0.000  634
 958.660   27346627.024          0.000  634
1100.197          0.000          0.000  640
1100.162          0.000          0.000  641
1100.262          0.000          0.000  642
1100.262   10480481.062          0.000  642
1100.322   14171709.041          0.000  676
1100.322    3726961.417          0.000  676
1100.322    7596173.138          0.000  676
1100.542    8769681.121          0.000  648
1100.542          0.000          0.000  648
1100.324   11653727.642          0.000  650
1100.324          0.000          0.000  650
1100.257   15559610.414          0.000  589
1100.432          0.000          0.000  652
1100.328    5980169.790          0.000  654
1100.328          0.000          0.000  654
1100.347    8029888.493          0.000  656
1100.347          0.000          0.000  656
1100.348   18486219.543          0.000  656
1100.320    8319071.650          0.000  627
1100.320    9314879.348          0.000  627
1100.320    8370655.800          0.000  627
1100.269          0.000          0.000  661
 694.214   21839040.421          0.000  695
 172.464    7657669.801          0.000  695
 264.814   13437419.130          0.000  633
   0.000          0.000          0.000  665
   0.000          0.000          0.000  666
 217.610   12529506.591          0.000  696
 325.040   14414914.534          0.000  634
 682.098   28514580.878          0.001  634
 938.146   25270566.695          0.000  634
1064.788   35017566.758          0.001  634
1100.387   16584281.518          0.000  703
1100.275   16813451.566          0.000  642
1100.344          0.000          0.000  674
1100.322   12523246.857          0.000  676
1100.322          0.000          0.000  676
1100.322   11198697.866          0.000  676
1100.518   12700938.054          0.000  708
1100.311          0.000          0.000  679
1100.311   10197405.505          0.000  679
1100.412   17460678.106          0.000  712
1100.412    6526256.225          0.000  712
1100.433    9603953.151          0.000  652
1100.432    5334954.187          0.000  652
1100.328    6251268.779          0.000  654
1100.347   15894084.551          0.000  656
1100.347    8728832.730          0.000  656
1100.320   14211842.063          0.000  627
1100.320   19093278.177          0.000  627
1100.320   16404210.880          0.000  627
1100.269    9301828.543          0.000  661
 734.734   23977218.350          0.000  695
 185.841    7844293.885          0.000  695
  45.709    2252164.969          0.000  695
   0.000          0.000          0.000  695
   0.000          0.000          0.000  696
 191.046   10557377.840          0.000  696
 329.946   17828881.387          0.000  696
 656.015   27548783.889          0.000  757
 929.549   38762704.547          0.001  757
1095.319   47950563.604          0.001  634
1100.387    4193463.148          0.000  703
1100.387          0.000          0.000  703
1100.344    8223758.490          0.000  674
1100.164          0.000          0.000  705
1100.162    8529877.936          0.000  737
1100.518    5569993.272          0.000  708
1100.518          0.000          0.000  708
1100.311    6738191.008          0.000  679
1100.412   13878096.120          0.000  712
1100.412    6346251.332          0.000  712
1100.412          0.000          0.000  712
1100.433   12905300.679          0.000  652
1100.328   14251359.096          0.000  654
1100.340   20040825.418          0.000  775
1100.340   12124600.074          0.000  775
1100.340   10459787.398          0.000  775
1100.320   24104406.784          0.000  627
1100.393    9899221.550          0.000  748
1100.337   14570448.415          0.000  749
1022.525   29708392.767          0.001  695
 854.028   22485572.004          0.000  695
 287.069   10743151.726          0.000  695
 363.193   16121356.001          0.000  695
 292.319   15755168.087          0.000  695
   0.000          0.000          0.000  726
   0.000          0.000          0.000  727
 380.121   16240421.440          0.000  757
 355.107   16030524.969          0.000  757
 421.522   17387268.512          0.000  757
 667.500   21838821.421          0.000  757
1074.305   40490917.578          0.001  757
1100.332          0.000          0.000  733
1100.387   11172744.779          0.000  703
1100.316   13910255.275          0.000  765
1100.164    7659465.716          0.000  705
1100.162          0.000          0.000  737
1100.518   15667553.927          0.000  708
1100.518    5876163.631          0.000  708
1100.318          0.000          0.000  740
1100.413   16897342.920          0.000  712
1100.412    7648610.542          0.000  712
1100.314    7427975.093          0.000  772
1100.366   17961147.802          0.000  774
1100.366    8050075.926          0.000  774
1100.340    3311977.091          0.000  775
1100.340   19501518.796          0.000  775
1100.393          0.000          0.000  748
1100.336          0.000          0.000  749
1100.086          0.000          0.000  750
1026.980   30733642.785          0.001  695
 819.150   24814412.791          0.000  695
 776.840   29645651.712          0.001  695
 601.039   31366598.591          0.001  785
 113.416    5775148.677          0.000  785
   0.000          0.000          0.000  756
   0.000          0.000          0.000  757
  79.481    4176762.819          0.000  757
 167.942    8295529.659          0.000  757
 315.358   13081935.442          0.000  757
 528.302   17357222.937          0.000  757
 979.227   30215104.440          0.001  757
1100.332   13182673.762          0.000  733
1100.230          0.000          0.000  764
1100.316          0.000          0.000  765
1100.421    6512921.907          0.000  796
1100.421   15160042.762          0.000  796
1100.518   14751745.824          0.000  708
1100.319    8885452.496          0.000  740
1100.444   12213363.767          0.000  802
1100.244          0.000          0.000  771
1100.314          0.000          0.000  772
1100.366   10684504.407          0.000  774
1100.366          0.000          0.000  774
1100.340          0.000          0.000  775
1100.417    7599555.284          0.000  808
1100.394   11731432.179          0.000  748
1100.338   11064711.327          0.000  749
1100.086    8133667.353          0.000  750
1095.628   54388240.196          0.001  695
 937.874   32056228.100          0.001  912
 793.505   31768439.301          0.001  785
 512.668   23758863.390          0.000  785
 257.095   13051848.896          0.000  785
   0.000          0.000          0.000  785
   0.000          0.000          0.000  786
 170.740    9630148.755          0.000  786
 499.968   29808894.976          0.001  786
 561.543   20300674.568          0.000  757
 944.753   30966269.984          0.001  757
1085.748   36520359.665          0.001  757
1100.346   13240744.701          0.000  824
1100.346   11752126.206          0.000  824
1100.316    5402087.760          0.000  765
1100.421   15807353.169          0.000  796
1100.421          0.000          0.000  796
1100.421    7183690.839          0.000  796
1100.526          0.000          0.000  798
1100.372   10792725.268          0.000  863
1100.444   18098681.695          0.000  802
1100.444    7751515.750          0.000  802
1100.444          0.000          0.000  802
1100.444    6540665.391          0.000  802
1100.227   13052607.561          0.000  836
1100.366    9973357.622          0.000  774
1100.183   11508278.680          0.000  838
1100.417    7755373.183          0.000  808
1100.417          0.000          0.000  808
1100.417    9262707.822          0.000  808
1100.406    7133414.479          0.000  841
1097.893   38032291.922          0.001  912
1076.637   28526346.477          0.001  912
 781.746   21859050.483          0.000  912
 728.212   24468940.556          0.000  912
 393.717   16707718.741          0.000  785
 127.393    6033071.299          0.000  785
   0.000          0.000          0.000  817
   0.000          0.000          0.000  818
 425.214   26247891.508          0.000  786
 398.798   20366962.565          0.000  786
 493.288   19721691.567          0.000  880
 871.167   30986229.174          0.001  757
1100.404          0.000          0.000  823
1100.345          0.000          0.000  824
1100.346    3092899.448          0.000  824
1100.346    7487603.745          0.000  824
1100.328          0.000          0.000  827
1100.328    3676438.895          0.000  827
1100.421    6576216.593          0.000  796
1100.526    7484251.432          0.000  798
1100.372   13928331.738          0.000  863
1100.372    4522494.249          0.000  863
1100.444    8387069.768          0.000  802
1100.444   11533556.285          0.000  802
1100.227   10115964.896          0.000  836
1100.227          0.000          0.000  836
1100.183   22045642.708          0.000  838
1100.182          0.000          0.000  838
1100.417   11284681.762          0.000  808
1100.406    6662073.762          0.000  841
1100.406          0.000          0.000  841
1085.213   32601863.828          0.001  912
 979.434   22787634.545          0.000  912
 622.884   16358522.837          0.000  912
 360.051   12109754.063          0.000  912
 549.419   22499087.209          0.000  912
 172.405    8949562.331          0.000  817
   0.000          0.000          0.000  848
   0.000          0.000          0.000  849
 190.705   10933041.425          0.000  818
 378.111   23170252.015          0.000  818
 217.228   10550687.505          0.000  880
 778.314   26254353.516          0.000  880
1100.511          0.000          0.000  854
1100.404    6828198.370          0.000  823
1100.346    4872861.859          0.000  824
1100.304   16556870.084          0.000  887
1100.346   12105436.504          0.000  824
1100.330   14834723.173          0.000  827
1100.517    6944272.915          0.000  891
1100.426   11311665.499          0.000  926
1100.372    8406645.414          0.000  863
1100.372          0.000          0.000  863
1100.449   23345022.930          0.000  802
1100.275   17109364.893          0.000  930
1100.333    7540925.907          0.000  867
1100.333          0.000          0.000  867
1100.229   10532836.271          0.000  836
1100.261          0.000          0.000  869
1100.341   13345078.390          0.000  902
1100.341    7209179.864          0.000  902
1100.406   12869001.385          0.000  841
1100.408   13718517.553          0.000  841
1090.689   39221984.991          0.001  912
 978.193   37194574.358          0.001  912
 528.777   21507259.547          0.000  912
 149.422    6594830.097          0.000  912
 336.490   11558428.217          0.000  912
   0.000          0.000          0.000  879
   0.000          0.000          0.000  880
  94.962    5047514.455          0.000  880
 496.280   21360102.644          0.000  880
 501.900   18686905.413          0.000  880
 937.087   32418163.694          0.001  880
1100.404   20200706.949          0.000  823
1100.306   19418982.682          0.000  887
1100.304          0.000          0.000  887
1100.346   21986801.743          0.000  824
1100.521   12687644.313          0.000  923
1100.517    7360760.484          0.000  891
1100.517          0.000          0.000  891
1100.426   13657637.595          0.000  926
1100.426    5407298.698          0.000  926
1100.426   10133027.462          0.000  926
1100.372    6066752.815          0.000  863
1100.358   14270079.455          0.000  928
1100.274    7808810.906          0.000  930
1100.276   19863865.593          0.000  930
1100.363          0.000          0.000  899
1100.261    4858882.218          0.000  869
1100.341    5021319.684          0.000  902
1100.341          0.000          0.000  902
1100.341    5153676.196          0.000  902
1100.341   13976547.921          0.000  902
1100.331    9028730.017          0.000  906
1100.331          0.000          0.000  906
 912.121   28788117.817          0.001  912
 471.813   16015912.385          0.000  912
 165.237    7334245.372          0.000  912
 107.445    4940204.338          0.000  912
  60.303    2888786.038          0.000  912
   0.000          0.000          0.000  912
   0.000          0.000          0.000  913
  65.288    3616287.664          0.000  946
 225.994   11914027.433          0.000  946
 783.228   37541571.163          0.001  946
1008.177   41820238.164          0.001  880
1100.474          0.000          0.000  918
1100.304   15673507.380          0.000  887
1100.304    7094846.479          0.000  887
1100.304    6099457.212          0.000  887
1100.346   30566739.582          0.001  824
1100.521          0.000          0.000  923
1100.517   17642871.287          0.000  891
1100.426   22038443.532          0.000  926
1100.426          0.000          0.000  926
1100.358    8630194.804          0.000  928
1100.358          0.000          0.000  928
1100.358    4759367.468          0.000  928
1100.274          0.000          0.000  930
1100.274    6660601.694          0.000  930
1100.325          0.000          0.000  932
1100.325    8973818.021          0.000  932
1100.261   14742544.178          0.000  869
1100.341   13727737.212          0.000  902
1100.342   15515968.620          0.000  902
1100.341   14373290.388          0.000  902
1100.283   15738396.004          0.000  968
1100.283    7971147.830          0.000  968
 907.592   27640608.343          0.001  912
 720.504   21908937.499          0.000  912
 465.822   16459182.874          0.000  912
 265.968   10818919.466          0.000  912
 196.093    9789319.488          0.000  945
   0.000          0.000          0.000  945
   0.000          0.000          0.000  946
 199.643   10984184.286          0.000  946
 579.859   24675746.623          0.000  946
 762.159   27412003.300          0.000 1005
1100.474   18895055.981          0.000  918
1100.289          0.000          0.000  951
1100.368   12751824.451          0.000 1012
1100.421   19769835.442          0.000 1014
1100.521   10466061.342          0.000  923
1100.426   20015357.698          0.000  926
1100.426    8671350.824          0.000  926
1100.426    3753595.658          0.000  926
1100.429   11933692.890          0.000  926
1100.270   10017464.054          0.000  990
1100.271   16808653.430          0.000  990
1100.274   11801117.250          0.000  930
1100.427   17622334.940          0.000 1085
1100.427   20006422.750          0.000 1085
1100.427   27342745.407          0.000 1085
1100.186          0.000          0.000  965
1100.186    8546955.495          0.000  965
1100.365   17462174.587          0.000 1029
1100.283          0.000          0.000  968
1030.926   35273479.595          0.001  912
 587.693   20480984.958          0.000  912
 480.355   22958537.924          0.000  945
 294.617   15302747.854          0.000  945
   0.000          0.000          0.000  973
   0.000          0.000          0.000  974
 197.607   11092460.178          0.000 1005
 487.667   26239902.194          0.000  946
 802.335   42960753.709          0.001 1005
 491.471   17792115.989          0.000 1005
 850.939   27183550.195          0.000 1005
1100.289   10592934.630          0.000  951
1100.368    6094898.467          0.000 1012
1100.421   17421399.713          0.000 1014
1100.421    7085007.843          0.000 1014
1100.281    4584464.535          0.000 1015
1100.426   19381267.199          0.000  926
1100.426    9303335.338          0.000  926
1100.187    9341007.896          0.000  988
1100.186          0.000          0.000  988
1100.270    7146895.272          0.000  990
1100.270          0.000          0.000  990
1100.270    6834481.886          0.000  990
1100.357   10268797.063          0.000 1022
1100.427   11854979.517          0.000 1085
1100.427    9953848.562          0.000 1085
1100.427   18156254.174          0.000 1085
1100.478          0.000          0.000  996
1100.186    7495177.792          0.000  965
1100.364   17691609.744          0.000 1029
1100.364    5062201.064          0.000 1029
1100.155   10659602.779          0.000 1030
 932.208   30963546.943          0.001 1034
 562.438   29740191.283          0.001 1004
 224.659   11838496.202          0.000 1004
   0.000          0.000          0.000 1004
   0.000          0.000          0.000 1005
 147.780    7825846.652          0.000 1005
 306.057   15427357.434          0.000 1005
 564.485   24485209.733          0.000 1005
 299.681   13028107.488          0.000 1005
 694.693   21621727.594          0.000 1005
1100.291   22888104.214          0.000  951
1100.368          0.000          0.000 1012
1100.421   10344958.464          0.000 1014
1100.421          0.000          0.000 1014
1100.281          0.000          0.000 1015
1100.426   27651794.724          0.000  926
1100.426   18155994.097          0.000  926
1100.368    8066860.458          0.000 1048
1100.271   18143608.981          0.000  990
1100.270   13247747.400          0.000  990
1100.357    9752856.372          0.000 1022
1100.357          0.000          0.000 1022
1100.427   21009239.492          0.000 1085
1100.427    4906870.824          0.000 1085
1100.427   14934228.449          0.000 1085
1100.478    7442492.194          0.000  996
1100.145          0.000          0.000 1027
1100.187   22279466.231          0.000  965
1100.363          0.000          0.000 1029
1100.155          0.000          0.000 1030
 790.919   25403415.041          0.000 1034
 368.356   13822007.551          0.000 1034
 137.761    6288801.859          0.000 1034
   0.000          0.000          0.000 1034
   0.000          0.000          0.000 1035
  43.583    2353228.089          0.000 1005
 111.708    5828275.534          0.000 1005
 149.076    7578184.620          0.000 1005
 628.006   21153365.680          0.000 1005
1051.906   32518695.993          0.001 1005
1100.140          0.000          0.000 1041
1100.140   11169705.018          0.000 1041
1100.285          0.000          0.000 1043
1100.421   12806978.985          0.000 1014
1100.362   15929502.345          0.000 1108
1100.362   10764285.070          0.000 1108
1100.368    8205620.127          0.000 1048
1100.368          0.000          0.000 1048
1100.332   25398633.596          0.000 1113
1100.157          0.000          0.000 1050
1100.357    6096127.881          0.000 1022
1100.427   13599410.356          0.000 1085
1100.427    2734992.212          0.000 1085
1100.427    5894722.420          0.000 1085
1100.193   12255606.880          0.000 1087
1100.286   16584194.465          0.000 1058
1100.286    8651954.936          0.000 1058
1100.286          0.000          0.000 1058
1100.364   17099119.495          0.000 1029
 958.510   34183282.181          0.001 1127
 772.610   26078068.829          0.000 1127
 725.942   27138340.851          0.001 1127
 642.797   28150326.631          0.001 1034
 288.482   16355721.895          0.000 1065
   0.000          0.000          0.000 1065
   0.000          0.000          0.000 1066
 298.295   17908887.555          0.000 1066
 343.355   15409101.609          0.000 1005
 459.351   16223125.153          0.000 1005
 971.847   33922610.754          0.001 1005
1100.318          0.000          0.000 1071
1100.140    7573804.341          0.000 1041
1100.140    4866080.362          0.000 1041
1100.245   19431505.248          0.000 1136
1100.321   20514471.265          0.000 1167
1100.362   26795176.524          0.000 1108
1100.362   17949137.496          0.000 1108
1100.362    5106088.380          0.000 1108
1100.368    7386488.539          0.000 1048
1100.329   12400303.668          0.000 1113
1100.329    7676129.192          0.000 1113
1100.357   14833364.882          0.000 1022
1100.331   10163504.225          0.000 1115
1100.427   10196959.253          0.000 1085
1100.426          0.000          0.000 1085
1100.438   23368640.912          0.000 1085
1100.192          0.000          0.000 1087
1100.271    9029988.283          0.000 1120
1100.213          0.000          0.000 1089
1043.937   36218197.832          0.001 1127
 897.104   27144861.058          0.001 1127
 384.039   14225006.377          0.000 1127
 427.554   21180823.542          0.000 1127
 111.138    5242171.645          0.000 1127
  53.817    2678865.818          0.000 1127
   0.000          0.000          0.000 1096
   0.000          0.000          0.000 1097
 307.748   18529782.220          0.000 1097
 582.838   26420772.699          0.000 1097
 850.233   26285531.795          0.000 1005
1068.554   39798372.344          0.001 1005
1100.318    8718607.441          0.000 1071
1100.140   11319548.576          0.000 1041
1100.244    4953380.875          0.000 1136
1100.212    9731288.433          0.000 1137
1100.320   11581212.898          0.000 1167
1100.361    5397639.121          0.000 1108
1100.361          0.000          0.000 1108
1100.486   11968968.974          0.000 1141
1100.329   20350841.965          0.000 1113
1100.329   11988887.276          0.000 1113
1100.329    4915249.844          0.000 1113
1100.329          0.000          0.000 1113
1100.333   12308787.675          0.000 1115
1100.331          0.000          0.000 1115
1100.427   15764602.588          0.000 1085
1100.130          0.000          0.000 1117
1100.283          0.000          0.000 1118
1100.271   10930155.902          0.000 1120
1100.271          0.000          0.000 1120
1100.213    6926492.329          0.000 1089
1092.174   43255727.609          0.001 1127
 913.610   24764529.153          0.000 1127
 510.792   15900295.335          0.000 1127
 180.072    7974261.519          0.000 1127
 338.536   18906179.624          0.000 1127
   0.000          0.000          0.000 1127
   0.000          0.000          0.000 1128
  93.932    4925531.110          0.000 1097
 614.634   29986863.903          0.001 1097
 803.360   28871159.895          0.001 1097
 807.749   25756149.762          0.000 1097
1100.318   31088969.065          0.001 1071
1100.117   13691735.013          0.000 1164
1100.140   22268574.925          0.000 1041
1100.244          0.000          0.000 1136
1100.212          0.000          0.000 1137
1100.320    6207558.886          0.000 1167
1100.362    8004585.413          0.000 1108
1100.184   11138079.842          0.000 1169
1100.486          0.000          0.000 1141
1100.278   11068250.246          0.000 1171
1100.329   16445263.344          0.000 1113
1100.329   12314232.687          0.000 1113
1100.331   12123532.174          0.000 1115
1100.147          0.000          0.000 1146
1100.130    9427744.374          0.000 1117
1100.284    8787617.339          0.000 1118
1100.272   18224032.429          0.000 1120
1100.271    7050429.692          0.000 1120
1100.399   12918348.798          0.000 1182
1047.317   31909835.303          0.001 1127
1068.189   49633999.423          0.001 1127
 678.389   23484198.347          0.000 1127
 301.521   12109385.180          0.000 1127
 266.023   13612187.601          0.000 1188
   0.000          0.000          0.000 1157
   0.000          0.000          0.000 1158
 134.374    6861445.159          0.000 1097
 284.273   12294050.211          0.000 1097
 672.725   20801600.660          0.000 1097
1069.179   42107830.255          0.001 1097
1100.298          0.000          0.000 1163
1100.114          0.000          0.000 1164
1100.244    7635959.224          0.000 1136
1100.320   10490719.689          0.000 1167
1100.320          0.000          0.000 1167
1100.362   24533582.252          0.000 1108
1100.184          0.000          0.000 1169
1100.279   11848116.543          0.000 1171
1100.277          0.000          0.000 1171
1100.214   11597894.719          0.000 1173
1100.214          0.000          0.000 1173
1100.233   15268655.525          0.000 1176
1100.233    4500573.415          0.000 1176
1100.233          0.000          0.000 1176
1100.203   12436187.996          0.000 1178
1100.203          0.000          0.000 1178
1100.342    9920250.733          0.000 1180
1100.342          0.000          0.000 1180
1100.399   12523113.106          0.000 1182
1100.399          0.000          0.000 1182
1100.597   13198892.190          0.000 1214
1008.362   31302761.421          0.001 1220
 752.630   25522796.666          0.000 1220
 599.054   31318317.151          0.001 1188
 189.539    9708215.763          0.000 1188
   0.000          0.000          0.000 1188
   0.000          0.000          0.000 1189
 158.637    9434158.708          0.000 1221
 545.555   27742716.240          0.001 1097
 621.646   31743335.903          0.001 1097
 702.587   23034982.619          0.000 1097
1066.579   47657754.147          0.001 1097
1100.298    8834631.134          0.000 1163
1100.298    7765171.311          0.000 1163
1100.239    7792518.436          0.000 1198
1100.239          0.000          0.000 1198
1100.122    9770622.567          0.000 1230
1100.221   22095421.824          0.000 1263
1100.221   14501494.018          0.000 1263
1100.185   12857180.584          0.000 1169
1100.184    6866665.248          0.000 1169
1100.278    6873395.129          0.000 1171
1100.214   13887158.169          0.000 1173
1100.214    9794804.585          0.000 1173
1100.233   12796574.084          0.000 1176
1100.282   10958003.582          0.000 1240
1100.203    6706578.586          0.000 1178
1100.121   14240487.533          0.000 1273
1100.342    7926278.987          0.000 1180
1100.399   14741435.109          0.000 1182
1100.399   12441607.196          0.000 1182
1100.596          0.000          0.000 1214
 914.480   27884525.625          0.001 1220
 626.390   18582135.466          0.000 1220
 261.967   10538331.936          0.000 1220
 411.619   14573428.073          0.000 1220
 354.403   17937831.207          0.000 1188
   0.000          0.000          0.000 1220
   0.000          0.000          0.000 1221
 141.199    7176979.287          0.000 1284
 600.109   31279728.208          0.001 1284
 826.471   27964329.090          0.000 1284
1031.909   37034278.928          0.001 1284
1100.334    7091187.391          0.000 1258
1100.301   24913605.011          0.000 1163
1100.240   15725621.581          0.000 1198
1100.240    8127001.149          0.000 1198
1100.122          0.000          0.000 1230
1100.221   11489735.336          0.000 1263
1100.221    6521123.028          0.000 1263
1100.203   10841772.591          0.000 1265
1100.184   19517820.962          0.000 1169
1100.166    8933631.121          0.000 1267
1100.372   11124589.427          0.000 1237
1100.372          0.000          0.000 1237
1100.372    8644804.665          0.000 1237
1100.372   14296427.842          0.000 1237
1100.282          0.000          0.000 1240
1100.300   19269326.568          0.000 1335
1100.121    6539172.150          0.000 1273
1100.342   20156447.471          0.000 1180
1100.289          0.000          0.000 1244
1100.294   21570068.662          0.000 1244
1007.212   42885788.690          0.001 1220
 757.815   28600645.760          0.001 1220
 559.317   29536195.088          0.001 1220
  98.210    4618222.002          0.000 1220
  52.753    2549093.601          0.000 1220
   0.000          0.000          0.000 1251
   0.000          0.000          0.000 1252
  65.364    3571613.536          0.000 1284
 329.586   19696426.168          0.000 1284
 311.995   13229816.854          0.000 1284
 814.694   24572838.743          0.000 1284
1100.334    6571507.495          0.000 1258
1100.334          0.000          0.000 1258
1100.423    9610530.459          0.000 1290
1099.608   44054159.687          0.001 1582
1094.074   33001657.676          0.001 1582
1100.221    9412731.024          0.000 1263
1100.221          0.000          0.000 1263
1100.482   18512063.561          0.000 1328
1100.203          0.000          0.000 1265
1100.166   12549658.803          0.000 1267
1100.166          0.000          0.000 1267
1100.372   14571277.943          0.000 1237
1100.372    6407412.124          0.000 1237
1100.372   20132220.103          0.000 1237
1100.282    7692249.813          0.000 1240
1100.300   10545776.037          0.000 1335
1100.121          0.000          0.000 1273
1100.288   12025773.495          0.000 1306
1100.289    4043259.512          0.000 1244
1100.289    8066892.683          0.000 1244
1100.290   20608000.904          0.000 1244
 842.746   25426894.477          0.000 1220
 376.247   14020756.291          0.000 1220
 253.126   10606558.838          0.000 1220
 193.492    8526677.287          0.000 1220
 280.400   14341788.354          0.000 1251
   0.000          0.000          0.000 1283
   0.000          0.000          0.000 1284
 168.288    9751530.367          0.000 1284
 669.477   28364448.195          0.001 1284
 681.666   25780000.955          0.000 1284
1100.443          0.000          0.000 1288
1099.020   40639778.823          0.001 1576
1100.423          0.000          0.000 1290
1093.487   32382580.393          0.001 1582
1068.593   27022907.982          0.000 1582
1100.221   24139244.806          0.000 1263
1100.482   17850943.622          0.000 1328
1100.482    7161740.148          0.000 1328
1100.203    8027148.290          0.000 1265
1100.166    9765415.998          0.000 1267
1100.411   21575147.421          0.000 1332
1100.411   11561920.477          0.000 1332
1100.412   11229414.869          0.000 1332
1100.337          0.000          0.000 1301
1100.300   10284710.489          0.000 1335
1100.300    3028654.246          0.000 1335
1100.136   20298296.093          0.000 1273
1100.288   12895509.575          0.000 1306
1100.288          0.000          0.000 1306
1100.288    6592708.056          0.000 1306
1100.289   16371984.369          0.000 1244
1100.419   19140986.166          0.000 1339
 806.277   28049128.978          0.001 1220
 412.601   14713739.531          0.000 1220
 407.366   18582221.120          0.000 1314
 168.315    8271241.584          0.000 1314
   0.000          0.000          0.000 1314
   0.000          0.000          0.000 1315
 254.166   14718579.049          0.000 1284
 459.519   23236301.142          0.000 1378
 461.872   16703998.418          0.000 1378
1050.388   42697233.187          0.001 1378
1098.891   39840463.053          0.001 1576
1086.400   31314885.081          0.001 1576
1021.893   39800846.183          0.001 1576
1072.991   34430271.807          0.001 1582
 895.024   20839240.415          0.000 1582
 951.428   28720086.031          0.001 1582
 844.608   24758876.781          0.000 1582
1100.482   14774234.595          0.000 1328
1100.482          0.000          0.000 1328
1055.855   30878263.114          0.001 1590
1100.289   12175602.328          0.000 1362
1100.411    9026968.811          0.000 1332
1100.411          0.000          0.000 1332
1098.536   47963508.640          0.001 1595
1100.337   10728410.695          0.000 1301
1100.300          0.000          0.000 1335
1100.321   16515296.915          0.000 1399
1100.288    6953995.050          0.000 1306
1100.417    7281849.661          0.000 1339
1100.417          0.000          0.000 1339
1100.417    6447734.406          0.000 1339
1100.417   17683048.486          0.000 1339
1042.884   37697703.265          0.001 1220
 627.145   19424942.917          0.000 1220
 390.781   17478598.361          0.000 1314
 151.030    7701004.170          0.000 1377
   0.000          0.000          0.000 1346
   0.000          0.000          0.000 1347
  98.077    5166115.978          0.000 1378
 502.927   24045323.924          0.000 1378
 695.458   27608603.487          0.000 1378
1048.867   39478876.805          0.001 1572
 947.727   32370423.463          0.001 1572
1021.429   25828614.908          0.000 1576
 894.088   31684682.344          0.001 1576
 907.863   26398518.168          0.000 1582
 857.050   27237857.736          0.000 1582
 632.301   19514940.136          0.000 1582
 879.448   26594180.927          0.000 1582
1100.482   10037021.452          0.000 1328
1046.889   30312164.131          0.001 1590
1017.922   37311529.348          0.001 1590
1100.289          0.000          0.000 1362
1093.119   43303392.282          0.001 1590
1060.349   30201236.477          0.001 1595
1056.743   33390115.562          0.001 1595
1045.381   29218942.489          0.001 1595
1064.912   30965138.058          0.001 1595
1100.321   17567955.564          0.000 1399
1100.321    7421334.297          0.000 1399
1100.170          0.000          0.000 1370
1100.436   11866133.984          0.000 1401
1100.417   17599185.809          0.000 1339
1065.873   42540291.024          0.001 1220
 881.358   39519363.902          0.001 1439
 552.346   18634812.480          0.000 1439
 499.392   27980316.734          0.001 1377
   0.000          0.000          0.000 1377
   0.000          0.000          0.000 1378
 240.785   11797547.607          0.000 1378
 178.486    9295750.110          0.000 1378
 363.898   16879306.037          0.000 1378
 728.469   27897673.864          0.000 1378
 849.446   32210554.480          0.001 1572
 672.016   18363180.044          0.000 1576
 614.794   21541200.650          0.000 1576
 632.428   22548020.542          0.000 1576
 516.297   14806310.519          0.000 1582
 319.728   12561338.567          0.000 1582
 735.299   22165249.240          0.000 1582
1074.706   53107862.287          0.001 1582
1051.042   35708940.687          0.001 1590
 671.142   17558736.063          0.000 1590
 914.836   32197065.605          0.001 1590
 885.632   21722288.461          0.000 1590
1046.918   30363298.520          0.001 1590
 704.249   18969156.175          0.000 1595
 712.862   18122816.959          0.000 1595
 928.787   26322921.456          0.000 1595
1100.321          0.000          0.000 1399
1100.170   12571352.519          0.000 1370
1100.436          0.000          0.000 1401
1100.301          0.000          0.000 1402
 873.711   23095374.383          0.000 1606
 958.989   29928325.783          0.001 1606
 709.391   21910411.340          0.000 1439
 209.862    9193802.932          0.000 1439
 208.296   10777645.785          0.000 1377
   0.000          0.000          0.000 1408
   0.000          0.000          0.000 1409
 379.412   23728079.823          0.000 1440
 271.568   13421660.273          0.000 1378
 762.313   30920893.457          0.001 1572
 522.959   19192863.782          0.000 1572
 774.116   30436988.326          0.001 1572
 780.124   36549256.205          0.001 1576
 366.060   13379560.983          0.000 1576
 635.008   31708557.598          0.001 1579
 268.885   10403108.724          0.000 1582
 471.313   18821260.353          0.000 1582
 879.175   46694465.313          0.001 1582
 729.888   30568668.144          0.001 1582
 984.464   34429191.547          0.001 1590
 416.952   12912676.401          0.000 1590
 476.938   13729666.492          0.000 1590
 862.885   34574781.909          0.001 1592
 727.341   26205844.755          0.000 1595
 355.842   11786953.234          0.000 1595
 477.458   14740649.409          0.000 1595
 758.591   23240220.902          0.000 1595
 871.658   27913912.714          0.001 1600
 999.349   34341467.557          0.001 1601
 903.503   34850588.427          0.001 1602
 823.306   26177779.747          0.001 1606
 546.804   16470207.364          0.000 1606
1002.772   45743079.603          0.001 1611
 834.536   35602679.265          0.001 1439
 450.196   18887649.001          0.000 1439
 102.277    4980311.872          0.000 1439
   0.000          0.000          0.000 1439
   0.000          0.000          0.000 1440
 160.523    8877420.300          0.000 1440
 410.993   22483653.118          0.000 1440
 560.155   20880745.880          0.000 1572
 300.698   13020124.621          0.000 1572
 473.782   19135128.956          0.000 1576
 286.944   12796873.157          0.000 1576
 438.103   22941437.065          0.000 1579
 591.145   25074297.355          0.000 1582
 155.618    7296522.359          0.000 1582
 604.895   26930716.261          0.000 1582
 711.379   30905178.666          0.001 1582
 754.238   33280064.591          0.001 1586
 510.481   17372092.341          0.000 1590
 223.859    9005496.781          0.000 1590
 526.201   21669384.289          0.000 1592
 475.311   20160872.875          0.000 1592
 385.692   15959819.048          0.000 1595
 242.871    9595765.532          0.000 1595
 591.248   18668780.404          0.000 1595
 454.566   16406394.564          0.000 1600
 566.696   19105157.559          0.000 1601
 425.969   16843909.582          0.000 1602
 433.280   14047995.936          0.000 1606
 348.346   12067798.200          0.000 1606
 661.813   24188635.286          0.000 1611
 473.626   18937971.164          0.000 1439
 432.777   21586849.360          0.000 1439
 239.775   11775572.953          0.000 1439
   0.000          0.000          0.000 1469
   0.000          0.000          0.000 1470
 247.446   13320368.016          0.000 1502
 426.359   24050715.281          0.000 1440
 355.413   21186050.156          0.000 1568
 329.386   15353733.170          0.000 1572
 136.207    7166297.662          0.000 1572
 510.634   22676468.959          0.000 1572
 495.638   30563757.795          0.001 1574
 169.812    8401726.908          0.000 1576
 523.342   27227996.335          0.000 1582
 100.101    5006825.477          0.000 1582
 260.573   12130448.663          0.000 1582
 418.294   19662847.730          0.000 1582
 387.893   18732258.218          0.000 1586
 502.829   21424105.615          0.000 1590
 138.922    6402975.641          0.000 1590
 241.511   11757940.615          0.000 1592
 550.731   28084106.639          0.001 1592
 249.903   11238693.179          0.000 1595
 123.467    5632990.012          0.000 1595
 578.645   20818415.765          0.000 1595
 637.665   30982259.057          0.001 1597
 243.293   10545414.332          0.000 1600
 513.853   18908597.376          0.000 1601
 253.703   11668161.649          0.000 1602
 643.489   30031307.214          0.001 1606
 174.664    7374777.370          0.000 1606
 774.385   33962560.375          0.001 1606
 309.276   13713513.038          0.000 1611
 355.419   17310373.254          0.000 1611
 266.530   13194367.602          0.000 1535
   0.000          0.000          0.000 1501
   0.000          0.000          0.000 1502
 341.308   18683092.389          0.000 1502
 165.652    9208149.971          0.000 1568
 550.507   29496326.065          0.001 1570
  76.958    4189031.501          0.000 1572
 471.292   23151009.577          0.000 1572
 314.173   17270903.081          0.000 1574
 282.661   16581430.973          0.000 1574
  71.674    3703928.862          0.000 1576
 205.924   11418814.857          0.000 1579
 354.118   15345358.221          0.000 1582
  65.498    3401098.633          0.000 1582
 129.887    6763673.393          0.000 1582
 219.558   11081511.177          0.000 1582
 310.071   15150692.174          0.000 1582
 339.823   19812430.696          0.000 1586
 255.674   13061450.266          0.000 1586
  90.133    4408911.548          0.000 1590
 475.259   25372241.333          0.000 1592
 104.535    5502037.403          0.000 1592
 347.339   17074188.770          0.000 1595
  63.937    3115887.847          0.000 1595
 426.574   22436480.841          0.000 1597
 374.473   18223186.320          0.000 1597
 121.325    5989150.173          0.000 1600
 208.284    9168003.195          0.000 1601
 350.902   17849342.874          0.000 1602
  90.496    4173775.441          0.000 1606
 405.593   19624928.561          0.000 1608
 297.945   13944501.820          0.000 1610
 125.693    6037923.600          0.000 1611
 238.330   11448122.229          0.000 1611
 327.250   15950849.438          0.000 1614
   0.000          0.000          0.000 1535
   0.000          0.000          0.000 1536
 370.796   20285930.339          0.000 1502
 259.664   13784481.791          0.000 1570
 183.687   10151271.226          0.000 1570
 272.223   15150420.261          0.000 1574
 138.823    7948081.350          0.000 1574
 273.429   16388676.148          0.000 1578
 116.068    6472635.112          0.000 1579
 248.394   14018048.045          0.000 1579
  45.900    2426829.832          0.000 1582
 284.085   15597580.871          0.000 1582
 157.976    8355719.953          0.000 1586
 123.864    6605960.118          0.000 1586
  54.432    2759822.206          0.000 1590
 255.514   14696107.266          0.000 1591
  68.115    3590510.583          0.000 1592
 286.763   15332564.678          0.000 1595
 217.157   11208751.869          0.000 1597
 103.706    5476598.655          0.000 1597
  71.358    3586071.143          0.000 1600
 107.019    5041407.997          0.000 1601
 100.993    5010188.515          0.000 1602
 181.338    9262392.321          0.000 1604
 145.520    7224679.771          0.000 1608
 124.767    6137201.785          0.000 1610
 289.624   15183415.646          0.000 1611
 434.026   23681194.869          0.000 1611
 175.864    8561584.397          0.000 1614
   0.000          0.000          0.000 1564
   0.000          0.000          0.000 1565
   0.000          0.000          0.000 1566
   0.000          0.000          0.000 1567
   0.000          0.000          0.000 1568
   0.000          0.000          0.000 1569
   0.000          0.000          0.000 1570
   0.000          0.000          0.000 1571
   0.000          0.000          0.000 1572
   0.000          0.000          0.000 1573
   0.000          0.000          0.000 1574
   0.000          0.000          0.000 1575
   0.000          0.000          0.000 1576
   0.000          0.000          0.000 1577
   0.000          0.000          0.000 1578
   0.000          0.000          0.000 1579
   0.000          0.000          0.000 1580
   0.000          0.000          0.000 1581
   0.000          0.000          0.000 1582
   0.000          0.000          0.000 1583
   0.000          0.000          0.000 1584
   0.000          0.000          0.000 1585
   0.000          0.000          0.000 1586
   0.000          0.000          0.000 1587
   0.000          0.000          0.000 1588
   0.000          0.000          0.000 1589
   0.000          0.000          0.000 1590
   0.000          0.000          0.000 1591
   0.000          0.000          0.000 1592
   0.000          0.000          0.000 1593
   0.000          0.000          0.000 1594
   0.000          0.000          0.000 1595
   0.000          0.000          0.000 1596
   0.000          0.000          0.000 1597
   0.000          0.000          0.000 1598
   0.000          0.000          0.000 1599
   0.000          0.000          0.000 1600
   0.000          0.000          0.000 1601
   0.000          0.000          0.000 1602
   0.000          0.000          0.000 1603
   0.000          0.000          0.000 1604
   0.000          0.000          0.000 1605
   0.000          0.000          0.000 1606
   0.000          0.000          0.000 1607
   0.000          0.000          0.000 1608
   0.000          0.000          0.000 1609
   0.000          0.000          0.000 1610
   0.000          0.000          0.000 1611
   0.000          0.000          0.000 1612
   0.000          0.000          0.000 1613
   0.000          0.000          0.000 1614
   0.000          0.000          0.000 1615
 175.215    8199998.911          0.000   29
 469.233   23660818.934          0.000   11
 432.140   16166932.113          0.000   13
 652.254   31842336.086          0.001   45
 385.896   13484086.424          0.000   42
 701.338   34495761.805          0.001  231
 752.640   28822855.665          0.001   21
 898.848   21932952.646          0.000   26
1100.290    9998438.442          0.000  352
1100.272    4126917.485          0.000  309
1100.343    3782089.709          0.000  364
1100.395    5176170.471          0.000  427
 931.346   29297140.672          0.001  418
1100.326    6708777.700          0.000  530
1100.261    6064111.077          0.000  563
1100.132    3533812.158          0.000  595
 194.273    8544787.020          0.000  634
 893.999   30094075.053          0.001  634
1100.320    5357671.059          0.000  627
1100.316    5026428.699          0.000  765
1100.412    6927562.292          0.000  712
1100.394    7415183.521          0.000  748
1100.182    5118877.795          0.000  838
 650.156   21208732.216          0.000  912
1100.427    7895869.556          0.000 1085
1100.245   10487980.555          0.000 1136
1100.157    7757537.096          0.000 1050
1100.329    6248191.630          0.000 1113
1100.331    9392442.713          0.000 1115
1100.399    6500367.660          0.000 1182
1100.298   13780461.969          0.000 1163
1015.398   24054170.012          0.000 1582
1100.166    4486542.856          0.000 1267
1100.411    4797570.789          0.000 1332
 521.338   21948626.342          0.000 1378
 868.166   29959693.560          0.001 1600
 844.934   30795082.572          0.001 1602
 504.568   22404654.753          0.000 1600
 449.297   16799534.241          0.000 1606
  58.243    3131626.607          0.000    7
 204.897   13654572.514          0.000   21
  24.124    1228781.127          0.000   21
  39.620    2083895.444          0.000   26
 315.501   22769391.170          0.000   31
  40.919    1874938.882          0.000   42
  60.730    3058120.184          0.000   42
  46.358    2288558.061          0.000   44
  61.998    3281687.795          0.000    5
  39.018    2001705.006          0.000   13
 119.890    6487756.167          0.000   15
  53.794    2875485.081          0.000   17
  48.327    2374273.823          0.000   26
  72.348    3795112.587          0.000   29
 142.360    7585008.532          0.000   31
  38.914    1937326.875          0.000   33
 142.963    7627442.429          0.000   40
  86.349    4509093.813          0.000  139
  95.022    5002580.042          0.000  139
  97.824    5441974.746          0.000  169
  56.340    2947662.320          0.000  231
 160.562    8828368.315          0.000  231
  82.933    4246607.257          0.000  296
 176.196    9557464.619          0.000  263
  47.878    2333230.100          0.000  296
 136.094    6859557.341          0.000  326
  47.338    2361931.343          0.000  327
 131.288    7242793.705          0.000  327
  31.274    1531540.265          0.000  387
 150.435    8342529.249          0.000  418
 161.111    8108041.038          0.000  417
  37.335    1856905.654          0.000  418
  97.752    5476872.266          0.000  480
  64.614    3191244.573          0.000  512
  42.474    2121052.631          0.000  573
  62.126    3456115.125          0.000  544
 150.940    8322015.947          0.000  574
 228.199   14792897.394          0.000  603
 130.818    6782507.510          0.000  633
  36.667    1950796.220          0.000  634
  91.801    5068529.374          0.000  696
 201.637   15561048.896          0.000  696
  39.632    2126048.448          0.000  757
  77.581    4336566.414          0.000  786
 171.498    9658754.664          0.000  786
  92.560    4712337.289          0.000  817
 200.314   12377396.239          0.000  912
  45.867    2492643.426          0.000  880
  28.842    1419911.380          0.000  912
  86.276    4284357.436          0.000  945
 132.728    6636963.615          0.000  945
 113.560    5922130.281          0.000 1004
  61.473    2974890.587          0.000 1034
 126.769    6739937.625          0.000 1065
 116.706    6549359.832          0.000 1066
 143.236    8257827.931          0.000 1097
 137.206    7048922.037          0.000 1127
  42.872    2316398.133          0.000 1097
 128.025    6425282.908          0.000 1188
  90.928    4603355.053          0.000 1188
  78.127    4442849.376          0.000 1284
  82.298    4060330.993          0.000 1314
 118.098    6592638.582          0.000 1284
  44.371    2380206.666          0.000 1378
 115.873    6151045.003          0.000 1378
 154.067    8800467.726          0.000 1440
  46.266    2289882.469          0.000 1439
  73.403    4035354.394          0.000 1440
 128.784    6322734.019          0.000 1439
 113.680    6118746.824          0.000 1502
 146.102    7893922.769          0.000 1502
  83.325    4577916.867          0.000 1568
  38.281    2104118.184          0.000 1572
  33.481    1776150.608          0.000 1576
  58.635    3111473.759          0.000 1582
 136.165    7463772.033          0.000 1586
  32.502    1617888.633          0.000 1595
  44.844    2128994.200          0.000 1606
  59.915    2901711.460          0.000 1611
 144.328    6996527.355          0.000 1614
 148.168    7950463.608          0.000 1502
 101.331    5445444.448          0.000 1570
  77.743    4272171.390          0.000 1574
  52.543    2903150.899          0.000 1579
  22.653    1224113.199          0.000 1582
 124.719    6741003.936          0.000 1582
  75.110    4002677.082          0.000 1586
  60.446    3233019.472          0.000 1586
  26.540    1381465.746          0.000 1590
 149.242    7877095.834          0.000 1595
  54.389    2714563.634          0.000 1602
 141.572    7229614.056          0.000 1611
 206.886   10619084.448          0.000 1611
 133.593    7448432.844          0.000   15
 141.530    7177000.178          0.000  326
 135.050    7463095.210          0.000  418
 126.098    6249446.405          0.000  633
  26.437    1335622.874          0.000 1127
 161.868    7977323.235          0.000 1188
  32.036    1776470.980          0.000 1284
 599.360   29622845.186          0.001   42
 540.280   23003830.809          0.000    5
 786.663   38110750.432          0.001   17
 576.275   14200086.938          0.000   33
 698.618   28016085.363          0.001   45
 731.371   18894879.519          0.000   13
1082.445   54306929.262          0.001   44
 887.174   33194156.839          0.001   45
 901.825   29181607.334          0.001   13
1002.112   36061267.028          0.001   11
1100.401   14822670.619          0.000  273
1100.211   11269139.080          0.000  373
1100.316   15928750.505          0.000  381
1100.350   24444966.182          0.000  364
1100.284   14298618.421          0.000  455
1100.313   16528760.849          0.000  472
1100.285   23357811.521          0.000  455
 512.640   27641325.075          0.001  573
1100.342   23484966.192          0.000  550
1045.121   43661792.276          0.001  695
 663.945   26886517.406          0.001  695
1100.344   24285726.663          0.000  674
 841.719   26849268.390          0.000  757
1100.425   23271342.059          0.000  712
1100.369   43632048.351          0.001  775
1100.086   17151420.991          0.000  750
1100.245   13973775.743          0.000  771
1100.445   26240182.715          0.000  808
1100.372   21994012.984          0.000  863
1100.444   26087547.545          0.000  802
1100.351   18783544.789          0.000  824
1100.346   24584304.976          0.000  824
1100.363   21867376.926          0.000  899
1100.341   17847865.286          0.000  902
1100.289   13733366.079          0.000  951
1100.368   19123965.250          0.000 1012
1100.427   24633928.266          0.000 1085
1100.429   27516351.502          0.000 1085
1100.155   15983131.428          0.000 1030
 603.477   20383496.169          0.000 1005
 213.764   10700873.730          0.000 1097
1100.130    5806457.716          0.000 1117
1100.271   15304976.928          0.000 1120
1100.271   17836826.837          0.000 1120
1100.321   21021623.561          0.000 1167
1100.184   25948761.432          0.000 1169
1100.223   32820832.084          0.001 1263
1100.596   13644623.548          0.000 1214
1100.282   16048070.574          0.000 1240
1100.301   36424255.465          0.001 1335
1100.289   16244620.657          0.000 1244
 504.602   31015534.092          0.001 1220
1100.164   54038296.771          0.001 1582
1100.121   21046465.625          0.000 1273
 312.469   17991504.245          0.000 1284
1099.917   51955829.572          0.001 1582
1100.300   18460628.299          0.000 1335
1100.300   21387947.749          0.000 1335
 744.775   33045781.754          0.001 1220
1038.958   44273243.960          0.001 1378
1039.301   29721168.713          0.001 1576
 568.482   16579906.777          0.000 1590
 649.130   22257866.699          0.000 1600
 786.838   24504575.290          0.000 1606
 420.784   20514350.263          0.000 1586
 400.336   17786961.207          0.000 1592
 584.690   29788122.910          0.001 1590
 473.763   28229597.921          0.001 1600
 630.910   35233041.704          0.001 1439
 230.532   10666115.262          0.000 1600
1100.394    5571566.741          0.000  748
1100.284    6155781.381          0.000  455
1100.221   22591515.083          0.000 1263
1100.282    6732486.418          0.000 1240
1100.300   26897408.937          0.000 1335
1100.300   10202467.607          0.000 1335
1100.300   11063695.865          0.000 1335
 471.832   18496838.935          0.000   17
 707.652   27332184.480          0.001   33
 628.033   17945828.468          0.000   13
1100.401    5340902.960          0.000  273
1100.211    5076692.019          0.000  373
1100.313    5629931.869          0.000  472
 521.429   25751424.878          0.001  573
 882.437   28067446.580          0.001  695
 484.271   18644285.850          0.000  695
1100.344   14776280.648          0.000  674
1100.340   28119910.456          0.001  775
1100.086    6562320.805          0.000  750
1100.244    5374984.475          0.000  771
1100.444   17348476.558          0.000  802
1100.363    6799716.964          0.000  899
1100.289    4410939.591          0.000  951
1100.155    7065943.087          0.000 1030
1100.271    6957493.694          0.000 1120
1100.271    6566405.918          0.000 1120
1100.184    6501091.827          0.000 1169
1100.596    4684726.963          0.000 1214
1100.289    5604446.292          0.000 1244
1099.370   40719734.874          0.001 1582
1100.121    5005724.007          0.000 1273
1096.251   37101765.784          0.001 1582
 466.859   17770088.041          0.000 1590
 464.619   22241610.465          0.000 1590
1100.284    3767147.468          0.000  455
 560.212   23692177.238          0.000 1600
1100.300    6965265.640          0.000 1335
1100.300    6532454.416          0.000 1335
 360.466   17614269.685          0.000   49
  78.893    3863804.201          0.000   49
1100.372   11298715.739          0.000  863
 242.889   11063965.205          0.000   13
 190.160    9414784.061          0.000   21
 274.055   12179044.219          0.000   21
 173.096    8349390.965          0.000  231
 105.458    4832575.071          0.000  387
 165.977    7872607.806          0.000 1439
 821.918   25649354.120          0.000 1005
1100.289   14856625.913          0.000 1306
1100.312   14465837.153          0.000  679
 132.343    6984284.002          0.000   21
 180.074    9579650.343          0.000    7
 178.056    9857612.137          0.000 1574
 109.396    5247295.587          0.000   44
 137.110    7525078.245          0.000  946
  74.170    3956038.623          0.000 1005
 272.315   12775610.354          0.000  634
 187.730    8675500.965          0.000  695
 165.317    8039270.427          0.000 1602
 266.182   13771759.034          0.000 1377
 194.513    9198823.085          0.000 1611
 364.742   24599741.494          0.000 1221
 144.099    6843748.279          0.000 1595
 420.202   23417518.018          0.000 1604
 106.706    5025251.249          0.000  695
 110.282    5078349.676          0.000  695
 269.192   14923673.456          0.000 1440
 167.000    8612282.865          0.000 1572
 104.806    5310311.897          0.000 1576
 226.990   11665524.536          0.000   11
 441.193   27220734.010          0.001   15
 150.306    7049393.678          0.000  387
 177.625    8618261.468          0.000  418
 338.697   15585159.674          0.000 1601
 261.506   13515632.507          0.000 1586
 200.961   10383789.247          0.000    5
 194.591    9721021.883          0.000   17
 335.963   16516424.435          0.000  138
 289.010   14582001.217          0.000    5
 399.430   22586833.461          0.000  138
 133.223    6052154.806          0.000  418
 215.952   10679468.985          0.000  448
 288.101   14239670.228          0.000  573
 242.331   11042916.386          0.000  785
 325.277   17856683.002          0.000  817
 214.372   10497016.051          0.000   26
 221.999   11325320.487          0.000   29
 217.971   10659439.732          0.000   42
 306.413   16331120.828          0.000  296
 156.402    7173710.391          0.000  327
 205.219    9010212.866          0.000  512
 120.010    6153926.926          0.000  757
 148.990    7664611.388          0.000  880
 311.690   15437115.390          0.000  945
 306.535   16762934.726          0.000  946
 201.737    9665951.167          0.000 1378
 257.293   12362109.687          0.000 1582
 188.197    9605199.446          0.000 1592
 137.113    7190386.621          0.000 1378
 242.341   11416096.179          0.000  168
 141.058    6462143.416          0.000 1220
 165.489    7277036.543          0.000   26
 192.553    8490970.506          0.000  634
 321.011   18595212.866          0.000  786
 179.178    7778449.499          0.000  912
 228.857    9690097.182          0.000 1034
 342.988   17694629.488          0.000 1188
 163.901    7315484.558          0.000 1220
 223.712   10114159.697          0.000  634
 240.634   10655330.074          0.000   37
 334.535   16010622.416          0.000   45
 238.289   10629064.483          0.000   29
 371.757   20521385.922          0.000  263
 202.650    9631326.217          0.000 1097
 308.159   14880402.252          0.000 1284
 214.561   10133486.503          0.000 1284
 312.789   16996725.159          0.000 1579
 228.874   10557214.013          0.000 1590
 232.493    9976712.990          0.000  387
 148.944    6509788.414          0.000  387
 455.120   22786317.084          0.000  387
 286.032   12886919.788          0.000 1439
 178.668    8233388.097          0.000 1576
 478.982   23627409.736          0.000 1611
 322.470   14780421.675          0.000   42
 229.384   10585053.578          0.000  231
 500.226   31483153.084          0.001 1065
 437.055   26286248.999          0.000  169
 354.853   18731168.578          0.000 1004
 250.384   10426329.550          0.000 1127
 213.558    9443310.236          0.000 1582
 372.792   17069514.048          0.000 1582
 295.917   12912079.001          0.000 1439
 373.617   16433363.445          0.000   13
 571.055   27951595.815          0.001  573
 264.837   10727842.881          0.000  634
 405.385   20495455.931          0.000  634
 208.542    8404110.813          0.000 1595
 307.224   14550366.929          0.000 1592
 283.456   11426966.284          0.000 1595
 176.777    7601834.024          0.000 1595
 238.499   10024462.495          0.000  912
 216.886   10539148.990          0.000 1572
 357.004   17035398.146          0.000   29
 226.748    9056472.461          0.000  912
 266.050   12498034.692          0.000   11
 412.869   20960721.912          0.000  785
 188.177    8498292.389          0.000   21
 337.168   16581690.529          0.000  946
 337.827   14323629.655          0.000 1005
 209.133   10151568.286          0.000 1005
 474.577   21069749.974          0.000 1005
 264.409   11730606.459          0.000 1005
 250.381   10537523.677          0.000 1576
 355.275   13803844.618          0.000 1601
 440.330   19323218.668          0.000   45
 177.669    8862255.162          0.000 1005
 217.598   12557614.942          0.000 1005
 300.909   13992670.516          0.000 1005
 222.575   10406523.136          0.000  757
 311.403   12424891.729          0.000 1439
 585.077   27265332.199          0.001 1610
 282.596   14751844.894          0.000 1570
 199.719    9630345.729          0.000 1005
 163.132    8219949.209          0.000 1005
 329.803   12332246.771          0.000   33
 437.828   18141834.211          0.000  387
 281.526   10457772.017          0.000  418
 379.613   13938354.455          0.000  418
 502.959   23380948.375          0.000  418
 502.354   24187441.551          0.000 1005
 456.768   17033829.934          0.000 1127
 555.672   23383569.311          0.000 1606
 505.547   20476192.503          0.000   33
 221.440   10740899.720          0.000 1005
 431.514   14964433.925          0.000  912
 306.683   13592035.171          0.000  880
 540.198   26184670.425          0.001 1610
 407.539   14493053.417          0.000   26
 482.545   20806569.811          0.000  634
 531.173   24163215.689          0.000 1378
 536.644   20952334.075          0.000  296
 319.758   12446811.925          0.000  912
 337.897   14442045.558          0.000 1572
 346.552   13673228.317          0.000 1600
 335.207   12234976.027          0.000   13
 331.200   13760948.290          0.000   21
 429.159   17473216.329          0.000   11
 329.134   12257977.338          0.000  327
 372.313   12571971.247          0.000 1582
 346.152   14763796.051          0.000 1582
 228.824    9630244.974          0.000   13
 242.575   10177453.678          0.000   21
 390.411   14417886.441          0.000  327
 331.757   11122307.473          0.000  387
 446.859   15003117.133          0.000  387
 370.768   15930617.714          0.000  757
 550.726   24588145.714          0.000 1582
 283.316   12736557.535          0.000  757
 345.792   14303812.534          0.000  757
 456.820   15461068.289          0.000   37
 554.194   25687994.978          0.000  946
 513.408   17951437.322          0.000 1220
 401.675   13981820.662          0.000 1220
 336.352   15116682.218          0.000  168
 450.556   13438075.096          0.000  418
 403.244   13961938.066          0.000  695
 454.070   14324760.367          0.000  695
 504.480   18744061.614          0.000  880
 470.737   16578811.007          0.000 1439
 380.580   12518924.896          0.000   37
 481.544   16303044.331          0.000  695
 421.146   15666856.762          0.000 1097
 557.715   21031838.470          0.000 1572
 434.011   17210625.341          0.000 1576
 598.529   26887543.608          0.000 1097
 606.658   19834192.183          0.000   42
 492.590   17606218.539          0.000 1284
 542.996   22442375.838          0.000 1378
 457.978   13706673.047          0.000 1595
 568.375   20460633.210          0.000  231
 545.292   19585227.801          0.000  231
 616.974   22463290.457          0.000  327
 714.805   29740966.572          0.001  573
 642.527   24804449.231          0.000  757
 452.036   16652405.986          0.000 1005
 531.940   17927879.677          0.000 1034
 508.523   16636496.020          0.000 1582
 615.626   21569203.657          0.000 1600
 498.532   15360224.902          0.000  296
 561.850   17348868.399          0.000  296
 496.627   15724697.218          0.000  573
 640.634   29285849.050          0.001  544
 550.715   17253281.088          0.000  573
 636.404   19373047.168          0.000  912
 539.686   18139652.910          0.000 1127
 491.445   16552261.968          0.000 1582
 489.541   15459562.561          0.000  634
 569.197   16779149.356          0.000  912
 518.051   18036608.216          0.000   33
 718.386   29892742.993          0.001   42
 553.092   16170880.117          0.000  387
 595.889   19165570.236          0.000 1220
 685.847   32223720.677          0.001 1582
 684.230   22000862.446          0.000  387
 636.635   18895978.051          0.000  695
 429.381   18019764.808          0.000 1582
 342.890   12986548.800          0.000 1582
 665.067   21972725.122          0.000   13
 651.314   18172822.961          0.000  695
 707.003   23332338.321          0.000  912
 696.036   19314556.058          0.000 1590
 734.885   20291928.854          0.000   42
 504.371   14559023.622          0.000   37
 729.380   25160600.768          0.000  880
 748.376   26226608.458          0.000  880
 709.482   22447114.310          0.000 1005
 318.450   18035018.595          0.000  573
 755.403   26597521.307          0.000   26
 788.103   32953496.462          0.001  231
 652.409   21643967.713          0.000 1005
 716.128   21414926.659          0.000 1582
 735.107   24990433.475          0.000 1572
 693.977   19099261.746          0.000  327
 781.961   33842810.895          0.001  757
 689.134   19041575.227          0.000 1595
 773.538   24833273.055          0.000 1601
 395.081   16710313.863          0.000   21
 726.651   20145674.662          0.000  634
 713.671   19432594.223          0.000  634
 752.570   22197543.354          0.000  757
 708.035   19961570.204          0.000 1127
 674.115   17288916.735          0.000 1590
 538.870   20306251.294          0.000  757
 693.508   22461356.978          0.000   29
 716.907   22520969.453          0.000 1127
 799.500   23459379.213          0.000 1590
 778.126   27899253.618          0.001 1606
 761.509   20105990.506          0.000   37
 714.492   17886286.932          0.000 1582
 489.029   17445369.793          0.000   29
 553.281   17971950.635          0.000 1606
 848.102   27939929.093          0.001  912
 848.828   27502034.252          0.001 1220
 849.037   26766084.048          0.001 1220
 755.435   27796898.627          0.001   26
 798.850   18109237.591          0.000  387
 807.146   19621742.447          0.000  912
 875.434   32418761.741          0.001 1127
 851.556   30187194.239          0.001 1378
 872.501   26110613.977          0.000 1005
 893.085   29630908.144          0.001 1005
 875.461   27970759.514          0.000 1097
 877.122   29298717.872          0.001 1097
 870.582   23379427.147          0.000 1590
 863.491   22833351.973          0.000 1590
 655.583   22624124.238          0.000 1378
 875.941   24250694.367          0.000  327
 864.652   23904387.634          0.000  327
 882.433   23698276.761          0.000 1595
 768.804   25744966.458          0.000 1595
