   0.000          0.000          0.000    1
   0.000          0.000          0.000    2
   0.000          0.000          0.000    3
   0.000          0.000          0.000    4
   0.000          0.000          0.000    5
   0.000          0.000          0.000    6
   0.000          0.000          0.000    7
   0.000          0.000          0.000    8
   0.000          0.000          0.000    9
   0.000          0.000          0.000   10
   0.000          0.000          0.000   11
   0.000          0.000          0.000   12
   0.000          0.000          0.000   13
   0.000          0.000          0.000   14
   0.000          0.000          0.000   15
   0.000          0.000          0.000   16
   0.000          0.000          0.000   17
   0.000          0.000          0.000   18
   0.000          0.000          0.000   19
   0.000          0.000          0.000   20
   0.000          0.000          0.000   21
   0.000          0.000          0.000   22
   0.000          0.000          0.000   23
   0.000          0.000          0.000   24
   0.000          0.000          0.000   25
   0.000          0.000          0.000   26
   0.000          0.000          0.000   27
   0.000          0.000          0.000   28
   0.000          0.000          0.000   29
   0.000          0.000          0.000   30
   0.000          0.000          0.000   31
   0.000          0.000          0.000   32
   0.000          0.000          0.000   33
   0.000          0.000          0.000   34
   0.000          0.000          0.000   35
   0.000          0.000          0.000   36
   0.000          0.000          0.000   37
   0.000          0.000          0.000   38
   0.000          0.000          0.000   39
   0.000          0.000          0.000   40
   0.000          0.000          0.000   41
   0.000          0.000          0.000   42
   0.000          0.000          0.000   43
   0.000          0.000          0.000   44
   0.000          0.000          0.000   45
   0.000          0.000          0.000   46
   0.000          0.000          0.000   47
   0.000          0.000          0.000   48
   0.000          0.000          0.000   49
   0.000          0.000          0.000   50
   0.000          0.000          0.000   51
   0.000          0.000          0.000   52
 164.442    8801610.152          0.000    3
 212.122   11837004.080          0.000    3
 187.907   10429294.686          0.000    7
 215.075    8926762.535          0.000    7
 121.621    5074577.929          0.000   11
 252.932   16786719.496          0.000   11
 239.356   13491428.491          0.000   15
 193.863   10775225.219          0.000   15
 192.154   10545552.880          0.000   19
 321.497   19160964.815          0.000   21
 141.001    7135229.673          0.000   21
 264.367   17091928.682          0.000   23
 131.911    6700069.428          0.000   26
 233.172   13861156.748          0.000   28
 131.256    6676048.479          0.000   29
 305.468   22921376.050          0.000   31
 358.830   24280042.426          0.000   31
 230.094    9310736.220          0.000   35
 191.867    8682166.264          0.000   37
 144.855    4082715.811          0.000   37
 229.756   12721294.499          0.000   38
 333.188   14181968.281          0.000   42
 215.292    9116636.226          0.000   42
 301.114   13682548.677          0.000   44
 140.985    6725544.575          0.000   45
 195.174    8538116.235          0.000   49
 217.841   11794847.633          0.000  111
   0.000          0.000          0.000   80
   0.000          0.000          0.000   81
 365.439   22159217.605          0.000    3
 419.723   16024388.761          0.000    5
 208.234   10157493.409          0.000    5
 505.518   19284782.910          0.000    7
 411.736   13489494.354          0.000    7
 183.481    7394097.497          0.000   11
 265.490   14007063.310          0.000   13
 146.454    7603214.035          0.000   13
 243.112   12996473.597          0.000   15
 228.526   11433608.470          0.000   17
 475.052   20447120.507          0.000   17
 488.668   18419604.420          0.000   21
 230.758   12167593.546          0.000   21
 250.026   12730534.656          0.000   26
 264.580   13722479.907          0.000   26
 210.077   10689885.618          0.000   29
 241.076   12436765.155          0.000   29
 314.955   17298824.075          0.000   31
 216.734   10644153.450          0.000   33
 548.346   18477409.486          0.000   35
 551.764   22784784.376          0.000   37
 383.451    7436982.406          0.000   37
 247.359   11905834.689          0.000   40
 407.372    7059943.858          0.000   42
 572.731   26582052.011          0.001   42
 484.436   13560201.172          0.000   44
 243.977   11588006.754          0.000   45
 525.024   19035893.822          0.000   49
 178.617    8997857.853          0.000  140
   0.000          0.000          0.000  111
   0.000          0.000          0.000  112
 185.870    9637916.427          0.000  141
 556.198   27162767.102          0.001    5
 600.431   14863730.474          0.000  144
 571.785   26801744.312          0.001    7
 523.820   14531408.428          0.000   11
 299.132   16030460.361          0.000   13
 286.987   15107330.437          0.000   13
 600.720   12676468.202          0.000  150
 600.250    9807919.676          0.000  122
 600.239          0.000          0.000  122
 600.519   24048384.464          0.000  154
 600.519   12831033.898          0.000  154
 600.519    7109456.404          0.000  154
 422.481   24239557.612          0.000   26
 428.252   23672656.748          0.000   29
 600.146   21172587.410          0.000  159
 600.161   13668096.971          0.000  159
 600.163    7607350.956          0.000  160
 600.275          0.000          0.000  131
 600.275    7981543.784          0.000  131
 537.592   11888390.460          0.000   37
 555.338   12432307.485          0.000   42
 600.248          0.000          0.000  135
 576.120   20460691.774          0.000   44
 600.159          0.000          0.000  137
 600.491          0.000          0.000  138
 208.241   10234653.823          0.000  140
   0.000          0.000          0.000  140
   0.000          0.000          0.000  141
 226.997   12094107.614          0.000  141
 600.437   13032708.822          0.000  144
 600.430          0.000          0.000  144
 600.354          0.000          0.000  145
 592.982   24618745.981          0.000   11
 600.479   18119608.953          0.000  178
 600.474    8492818.335          0.000  178
 600.723   12145247.637          0.000  150
 600.720          0.000          0.000  150
 600.237   18565210.399          0.000  182
 600.237    6394653.817          0.000  182
 600.519    8740563.151          0.000  154
 600.518          0.000          0.000  154
 600.383   12886394.345          0.000  156
 600.382          0.000          0.000  156
 600.205   14151296.641          0.000  187
 600.146    8149435.557          0.000  159
 600.146          0.000          0.000  159
 600.163          0.000          0.000  160
 600.281   12981963.898          0.000  131
 592.978   21864178.001          0.000   37
 579.297   14694950.370          0.000   37
 590.980   17122996.245          0.000   42
 600.248    8737460.971          0.000  135
 600.452   11650160.224          0.000  228
 600.193   11802710.546          0.000  137
 600.491   14104113.281          0.000  138
 203.378   10196904.159          0.000  140
   0.000          0.000          0.000  170
   0.000          0.000          0.000  171
 208.277   10943083.917          0.000  171
 317.103   17095805.775          0.000  171
 600.431    6528938.970          0.000  144
 600.354    8433893.088          0.000  145
 600.214   12413065.191          0.000  206
 600.309   14453185.785          0.000  238
 600.474          0.000          0.000  178
 600.572          0.000          0.000  179
 600.426    9363985.657          0.000  211
 600.237    5657498.758          0.000  182
 600.237          0.000          0.000  182
 600.237    3096516.180          0.000  182
 600.531    9966059.218          0.000  154
 600.333   14793783.453          0.000  246
 600.301   11075387.930          0.000  218
 600.170          0.000          0.000  187
 600.146    8981289.533          0.000  159
 600.317   17629487.081          0.000  222
 600.317    9851933.938          0.000  222
 600.318   15352657.754          0.000  222
 597.011   21125660.077          0.000   37
 599.924   30235724.005          0.001   37
 600.175   27010117.633          0.001   42
 600.452   11195632.847          0.000  228
 600.452    4988322.100          0.000  228
 600.542   12756154.643          0.000  198
 600.511          0.000          0.000  198
 248.125   12255942.474          0.000  170
 134.082    6546851.229          0.000  170
   0.000          0.000          0.000  201
   0.000          0.000          0.000  202
 225.972   11810230.316          0.000  233
 600.440   24409438.158          0.000  144
 600.234    7633321.381          0.000  236
 600.171          0.000          0.000  206
 600.309    4476718.811          0.000  238
 600.398   24448611.620          0.000  275
 600.435   17403781.448          0.000  211
 600.426    5138614.252          0.000  211
 600.426          0.000          0.000  211
 600.237   13466441.506          0.000  182
 600.237    6251625.853          0.000  182
 600.237   14609812.584          0.000  182
 600.318    8748337.095          0.000  246
 600.318    5302978.555          0.000  246
 600.302   10443381.518          0.000  218
 600.300          0.000          0.000  218
 600.170    6683912.363          0.000  187
 600.253   12017654.901          0.000  249
 600.316    8945658.807          0.000  222
 600.316          0.000          0.000  222
 600.317    6092201.454          0.000  222
 600.347   10908553.045          0.000  255
 600.349   15615158.506          0.000  255
 600.362    8808801.919          0.000  257
 600.452    9220107.526          0.000  228
 600.452          0.000          0.000  228
 600.379    9008207.286          0.000  260
 600.261   16660233.022          0.000  296
 265.924   16254338.439          0.000  201
   0.000          0.000          0.000  232
   0.000          0.000          0.000  233
 349.927   22298813.384          0.000  233
 600.248   29151213.697          0.001  236
 600.233          0.000          0.000  236
 600.307   11115633.732          0.000  270
 600.309          0.000          0.000  238
 600.398   23008712.536          0.000  275
 600.398   12735626.199          0.000  275
 600.436   15576766.522          0.000  211
 600.344    9522200.821          0.000  277
 600.248   13792100.362          0.000  182
 600.278   14342221.278          0.000  311
 600.318    7578139.427          0.000  246
 600.318          0.000          0.000  246
 600.319   15807330.921          0.000  246
 600.325   10225336.652          0.000  283
 600.253          0.000          0.000  249
 600.257   10694025.139          0.000  249
 600.325   17567244.881          0.000  222
 600.354   19512793.888          0.000  255
 600.347   10606252.807          0.000  255
 600.347    4575887.202          0.000  255
 600.347          0.000          0.000  255
 600.347    6809236.470          0.000  255
 600.348          0.000          0.000  257
 600.458   13922328.957          0.000  228
 600.367   15782349.853          0.000  260
 600.366          0.000          0.000  260
 600.366    7736607.818          0.000  260
 600.260    7648082.889          0.000  296
 199.296    9761532.465          0.000  298
   0.000          0.000          0.000  264
   0.000          0.000          0.000  265
 395.816   27306245.727          0.001  265
 600.234   30747356.059          0.001  236
 600.234   18309819.449          0.000  236
 600.233    2797101.022          0.000  236
 600.305          0.000          0.000  270
 600.305    6436966.870          0.000  270
 600.312   12868881.508          0.000  238
 600.229   16224934.845          0.000  335
 600.397    4992545.609          0.000  275
 600.397          0.000          0.000  275
 600.344    7534047.742          0.000  277
 600.343          0.000          0.000  277
 600.269   15311161.453          0.000  311
 600.269    3588242.273          0.000  311
 600.318    9023922.467          0.000  246
 600.538   10812862.266          0.000  314
 600.299   12688649.560          0.000  283
 600.298          0.000          0.000  283
 600.261    8175620.204          0.000  249
 600.247    7480613.294          0.000  286
 600.234          0.000          0.000  286
 600.240   10946844.602          0.000  319
 600.347   10027305.145          0.000  255
 600.347    5710647.344          0.000  255
 600.347   15396484.263          0.000  255
 600.366   10111550.709          0.000  257
 600.348   13425719.706          0.000  257
 600.367   13331236.881          0.000  260
 600.366    6414053.607          0.000  260
 600.260    7398290.705          0.000  296
 600.259          0.000          0.000  296
 309.512   16244745.632          0.000  298
   0.000          0.000          0.000  298
   0.000          0.000          0.000  299
 147.173    7925482.539          0.000  265
 293.538   16537520.806          0.000  265
 600.233   11620153.874          0.000  236
 600.233    6543767.807          0.000  236
 600.314   11338054.032          0.000  270
 600.308   16421858.734          0.000  270
 600.233   12455867.938          0.000  335
 600.212    6221018.287          0.000  335
 600.410    8736817.487          0.000  275
 600.361   13985657.683          0.000  277
 600.029          0.000          0.000  310
 600.269          0.000          0.000  311
 600.531   18388947.942          0.000  314
 600.531    9119584.342          0.000  314
 600.531          0.000          0.000  314
 600.306   16003882.348          0.000  283
 600.299   11112959.395          0.000  283
 600.234   11881850.341          0.000  286
 600.234    6471729.589          0.000  286
 600.237          0.000          0.000  319
 600.330          0.000          0.000  320
 600.350   12431930.851          0.000  255
 600.364   18228760.156          0.000  383
 600.286   11476156.124          0.000  354
 600.285    5861689.619          0.000  354
 600.388   16186980.389          0.000  260
 600.265   16267239.553          0.000  296
 334.445   15817897.929          0.000  328
   0.000          0.000          0.000  328
   0.000          0.000          0.000  329
 222.999   11471133.567          0.000  329
 600.248   20661381.884          0.000  236
 600.233   13964971.449          0.000  236
 600.313    7800375.348          0.000  364
 600.344   16304072.197          0.000  366
 600.211          0.000          0.000  335
 600.431   11785994.566          0.000  368
 600.401    8573544.488          0.000  368
 600.402   17339762.876          0.000  368
 600.417          0.000          0.000  339
 600.277   13358285.574          0.000  311
 600.269    5002699.240          0.000  311
 600.269    8260360.860          0.000  311
 600.282          0.000          0.000  343
 600.546   15697121.336          0.000  314
 600.264          0.000          0.000  345
 600.345   15796941.840          0.000  408
 600.234   16309860.823          0.000  286
 600.237    4091525.786          0.000  319
 600.333    7998449.295          0.000  320
 600.321   10058048.098          0.000  382
 600.317   11446813.048          0.000  382
 600.308    5911102.351          0.000  383
 600.285    6380947.519          0.000  354
 600.285          0.000          0.000  354
 600.221    9704926.390          0.000  416
 600.221   16563388.693          0.000  416
 600.244          0.000          0.000  357
 241.354   11618984.114          0.000  328
   0.000          0.000          0.000  359
   0.000          0.000          0.000  360
 323.925   18267762.788          0.000  329
 600.392   11744412.502          0.000  392
 600.424    6964681.739          0.000  394
 600.313          0.000          0.000  364
 600.333    7136638.572          0.000  366
 600.333          0.000          0.000  366
 600.401   10072851.436          0.000  368
 600.401          0.000          0.000  368
 600.401    4281688.365          0.000  368
 600.417   22663183.693          0.000  429
 600.269   20068081.449          0.000  311
 600.269   12197955.555          0.000  311
 600.269   15748145.604          0.000  311
 600.269   21518362.988          0.000  311
 600.206          0.000          0.000  375
 600.241   13076217.875          0.000  406
 600.333   16287691.508          0.000  408
 600.333    6633268.674          0.000  408
 600.237   15657327.490          0.000  319
 600.239   14825814.355          0.000  319
 600.317    8898238.446          0.000  382
 600.317          0.000          0.000  382
 600.308          0.000          0.000  383
 600.286   14545667.591          0.000  354
 600.304    9853834.849          0.000  354
 600.221    3916243.568          0.000  416
 600.506   19072293.455          0.000  448
 204.941    9420194.916          0.000  389
   0.000          0.000          0.000  389
   0.000          0.000          0.000  390
 345.791   20189165.577          0.000  420
 600.392          0.000          0.000  392
 600.421    5022835.589          0.000  394
 600.421          0.000          0.000  394
 600.516   13792336.237          0.000  424
 600.333    8066682.827          0.000  366
 600.333    5089177.476          0.000  366
 600.401    7650245.513          0.000  368
 600.389    7456503.836          0.000  429
 600.389   12048907.105          0.000  429
 600.275    9663589.221          0.000  432
 600.261   13729174.212          0.000  404
 600.261    5321675.970          0.000  404
 600.261          0.000          0.000  404
 600.225   13038194.793          0.000  375
 600.226          0.000          0.000  406
 600.284   12202298.166          0.000  437
 600.333          0.000          0.000  408
 600.254    8725485.262          0.000  439
 600.247    9352352.646          0.000  441
 600.317   17674709.187          0.000  382
 600.317    5143506.241          0.000  382
 600.308    5039564.158          0.000  383
 600.350   17254306.597          0.000  445
 600.344    8084780.056          0.000  445
 600.221          0.000          0.000  416
 600.506    6552118.873          0.000  448
 338.412   18221346.924          0.000  419
   0.000          0.000          0.000  419
   0.000          0.000          0.000  420
 222.549   11540449.679          0.000  420
 600.394   10340313.916          0.000  392
 600.516    9887972.274          0.000  424
 600.516          0.000          0.000  424
 600.516    6520561.008          0.000  424
 600.334   12606535.132          0.000  366
 600.334   11554663.681          0.000  366
 600.395   14253161.087          0.000  429
 600.388          0.000          0.000  429
 600.389    6291348.691          0.000  429
 600.389   12345822.372          0.000  429
 600.262          0.000          0.000  432
 600.261   10462014.316          0.000  404
 600.430   14994707.998          0.000  466
 600.168   17656181.299          0.000  467
 600.348   17101839.602          0.000  406
 600.268          0.000          0.000  437
 600.254   10709314.694          0.000  439
 600.254          0.000          0.000  439
 600.254    6556961.950          0.000  439
 600.245          0.000          0.000  441
 600.331   13851396.757          0.000  382
 600.309   12009487.042          0.000  383
 600.316    8871892.722          0.000  474
 600.344          0.000          0.000  445
 600.222    9074640.957          0.000  416
 600.532   18179785.108          0.000  448
 600.506          0.000          0.000  448
 209.615   10326685.001          0.000  419
   0.000          0.000          0.000  450
   0.000          0.000          0.000  451
 265.838   15564788.019          0.000  420
 600.560   11849660.549          0.000  484
 600.447   11438333.283          0.000  486
 600.519    9722262.258          0.000  424
 600.283    6577034.395          0.000  457
 600.282          0.000          0.000  457
 600.372   22074380.219          0.000  366
 600.389   12360375.348          0.000  429
 600.389    4541448.022          0.000  429
 600.292   17500015.453          0.000  525
 600.459   28092919.859          0.001  429
 600.349   19599600.752          0.000  529
 600.349   10762469.363          0.000  529
 600.450   11328100.719          0.000  466
 600.430          0.000          0.000  466
 600.118          0.000          0.000  467
 600.081          0.000          0.000  468
 600.395   12158294.423          0.000  501
 600.255    6895209.978          0.000  439
 600.142   20138941.525          0.000  536
 600.142   13544709.417          0.000  536
 600.452   16880996.263          0.000  538
 600.309          0.000          0.000  474
 600.309   13949759.184          0.000  474
 600.344    5574420.364          0.000  445
 600.344   11672743.733          0.000  445
 600.524   19123184.272          0.000  448
 600.506    8405882.319          0.000  448
 175.759    8473920.077          0.000  450
   0.000          0.000          0.000  481
   0.000          0.000          0.000  482
 254.588   13745611.199          0.000  482
 600.560          0.000          0.000  484
 600.447   12484959.872          0.000  486
 600.447          0.000          0.000  486
 600.480   17753508.673          0.000  486
 600.282   16036033.811          0.000  457
 600.282    7975276.085          0.000  457
 600.389   21126358.792          0.000  429
 600.389   13483417.418          0.000  429
 600.280   14215413.087          0.000  525
 600.280    5565467.716          0.000  525
 600.291   14249391.733          0.000  525
 600.349   19348058.333          0.000  529
 600.349    4885211.241          0.000  529
 600.430    9341668.005          0.000  466
 600.242          0.000          0.000  498
 600.323   17752196.662          0.000  532
 600.328   12341686.250          0.000  532
 600.353          0.000          0.000  501
 600.367   10015141.770          0.000  503
 600.367          0.000          0.000  503
 600.142    2612372.646          0.000  536
 600.142    6992428.741          0.000  536
 600.158   17862537.447          0.000  536
 600.443    7426564.562          0.000  538
 600.313    8570963.372          0.000  474
 600.344   11214544.201          0.000  445
 600.344   20175393.026          0.000  445
 599.202   27565099.467          0.001  575
 196.413    8784081.663          0.000  481
   0.000          0.000          0.000  513
   0.000          0.000          0.000  514
 230.088   12105944.134          0.000  514
 600.481   25877859.694          0.000  486
 600.447    8067132.658          0.000  486
 600.447    5339064.158          0.000  486
 600.471    9548642.845          0.000  520
 600.471          0.000          0.000  520
 600.344   14944534.087          0.000  552
 600.556    7695029.456          0.000  523
 600.556          0.000          0.000  523
 600.293   15684709.846          0.000  525
 600.279          0.000          0.000  525
 600.280    5348583.558          0.000  525
 600.482   20715046.465          0.000  588
 600.349    7263825.597          0.000  529
 600.348          0.000          0.000  529
 600.242    8030501.841          0.000  498
 600.324    8797987.564          0.000  532
 600.323          0.000          0.000  532
 600.267   16088103.194          0.000  565
 600.254   10061836.073          0.000  565
 600.381   10230005.382          0.000  503
 600.141          0.000          0.000  536
 600.143   21805726.271          0.000  597
 600.443          0.000          0.000  538
 600.443    4562094.039          0.000  538
 600.300    6546128.560          0.000  571
 600.297    7312985.009          0.000  572
 600.287          0.000          0.000  542
 579.508   18337137.912          0.000  575
 194.193    7633234.149          0.000  575
   0.000          0.000          0.000  545
   0.000          0.000          0.000  546
 189.234   10058309.728          0.000  546
 600.469          0.000          0.000  548
 600.454   17730691.592          0.000  486
 600.272    7022005.077          0.000  580
 600.480    9030356.951          0.000  520
 600.339          0.000          0.000  552
 600.339    7608840.495          0.000  552
 600.188    6303379.456          0.000  583
 600.564   10744417.834          0.000  523
 600.358    6777420.888          0.000  585
 600.280    6329087.836          0.000  525
 600.280    6708454.314          0.000  525
 600.457    8408020.330          0.000  588
 600.349    8339237.825          0.000  529
 600.393    8829800.669          0.000  590
 600.266    9093765.329          0.000  591
 600.323   12273484.814          0.000  532
 600.323   11657967.976          0.000  532
 600.254          0.000          0.000  565
 600.254    4700092.129          0.000  565
 600.094    6541629.326          0.000  595
 600.129    7704346.966          0.000  597
 600.457   12121552.826          0.000  538
 600.325   11619579.568          0.000  571
 600.300          0.000          0.000  571
 600.292          0.000          0.000  572
 600.287    7105566.320          0.000  542
 355.539   16623438.442          0.000  575
   0.000          0.000          0.000  575
   0.000          0.000          0.000  576
 316.845   19359556.957          0.000  576
 339.459   19030799.837          0.000  546
 600.322   20836224.931          0.000  580
 600.272          0.000          0.000  580
 600.272   16812197.314          0.000  580
 600.339    5394042.519          0.000  552
 600.188          0.000          0.000  583
 600.358    6960483.787          0.000  585
 600.358          0.000          0.000  585
 600.295   16852053.830          0.000  525
 600.280   14479964.357          0.000  525
 600.457          0.000          0.000  588
 600.366   16936161.259          0.000  529
 600.386          0.000          0.000  590
 600.252          0.000          0.000  591
 600.225          0.000          0.000  592
 600.286   13671072.511          0.000  565
 600.378   21265257.045          0.000  658
 600.094          0.000          0.000  595
 600.129    6503105.198          0.000  597
 600.129          0.000          0.000  597
 600.315   10105679.978          0.000  629
 600.214    8814950.753          0.000  630
 600.179   10213493.064          0.000  601
 600.167          0.000          0.000  601
 600.265   18880582.824          0.000  665
 176.670    8936406.699          0.000  575
   0.000          0.000          0.000  604
   0.000          0.000          0.000  605
 354.175   23813445.545          0.000  605
 278.361   14577989.668          0.000  636
 600.272   18760245.478          0.000  580
 600.272    8210567.665          0.000  580
 600.272    6633720.435          0.000  580
 600.320   20456352.536          0.000  673
 600.340   13398603.449          0.000  552
 600.200    9916367.569          0.000  583
 600.359   14746715.654          0.000  585
 600.370   11015803.479          0.000  585
 600.318   14826055.257          0.000  679
 600.457    7190004.664          0.000  588
 600.352   19053205.935          0.000  652
 600.315    8667029.807          0.000  652
 600.252   13674878.990          0.000  591
 600.252    5263270.424          0.000  591
 600.448   11806420.282          0.000  654
 600.328    8173835.781          0.000  656
 600.127          0.000          0.000  624
 600.342    9126235.266          0.000  658
 600.342    6669646.209          0.000  658
 600.129   12431554.915          0.000  597
 600.315    2396275.861          0.000  629
 600.315          0.000          0.000  629
 600.211          0.000          0.000  630
 600.261   14913261.677          0.000  663
 600.320   12251039.958          0.000  665
 600.262    7864494.268          0.000  665
 279.129   13740422.753          0.000  635
   0.000          0.000          0.000  635
   0.000          0.000          0.000  636
 155.083    8027676.698          0.000  636
 285.810   15019413.495          0.000  636
 600.370   14699109.155          0.000  671
 600.272   14539947.636          0.000  580
 600.313    9559335.623          0.000  673
 600.197          0.000          0.000  642
 600.162          0.000          0.000  643
 600.247          0.000          0.000  644
 600.248   10470347.576          0.000  644
 600.330   14171463.561          0.000  679
 600.318    3726462.245          0.000  679
 600.318    7596004.194          0.000  679
 600.540    8770018.345          0.000  650
 600.540          0.000          0.000  650
 600.315   11653170.461          0.000  652
 600.315          0.000          0.000  652
 600.257   15608157.764          0.000  591
 600.427          0.000          0.000  654
 600.325    6024283.678          0.000  656
 600.325          0.000          0.000  656
 600.342    8322320.322          0.000  658
 600.342          0.000          0.000  658
 600.342   18233873.551          0.000  658
 600.315    8249098.109          0.000  629
 600.340    9744518.050          0.000  629
 600.315    8372109.753          0.000  629
 600.260          0.000          0.000  663
 600.204          0.000          0.000  664
 600.262          0.000          0.000  665
 218.794   10397584.457          0.000  635
   0.000          0.000          0.000  667
   0.000          0.000          0.000  668
 180.326   10924820.753          0.000  699
 578.345   37852844.584          0.001  636
 600.341          0.000          0.000  671
 600.272   21423953.072          0.000  580
 600.313          0.000          0.000  673
 600.313    8488715.713          0.000  673
 600.402   18117183.903          0.000  706
 600.344   16816941.362          0.000  644
 600.340          0.000          0.000  677
 600.318   11936713.554          0.000  679
 600.318          0.000          0.000  679
 600.318   10537264.475          0.000  679
 600.515   12701102.116          0.000  711
 600.301          0.000          0.000  682
 600.301   10164797.141          0.000  682
 600.418   17432282.878          0.000  715
 600.403    6507966.166          0.000  715
 600.427    9094845.220          0.000  654
 600.427    5312507.388          0.000  654
 600.325    6131309.752          0.000  656
 600.353   16655455.419          0.000  658
 600.342    8728811.764          0.000  658
 600.315   14141851.826          0.000  629
 600.315   18622518.411          0.000  629
 600.327   16408276.643          0.000  629
 600.281    9081986.747          0.000  663
 600.216    7747268.831          0.000  664
 600.262    9572965.538          0.000  665
 153.023    6345256.744          0.000  698
   0.000          0.000          0.000  698
   0.000          0.000          0.000  699
 255.415   10976329.857          0.000  699
 571.221   19537016.888          0.000  699
 600.341   12693443.010          0.000  671
 600.313   11716632.354          0.000  673
 600.331   18122459.151          0.000  673
 600.378    4355951.063          0.000  706
 600.378          0.000          0.000  706
 600.340    8223561.415          0.000  677
 600.161          0.000          0.000  708
 600.168    9221733.175          0.000  740
 600.515    5569816.211          0.000  711
 600.515          0.000          0.000  711
 600.301    6746249.117          0.000  682
 600.409   13795874.192          0.000  715
 600.403    6213538.945          0.000  715
 600.403          0.000          0.000  715
 600.428   12879723.637          0.000  654
 600.330   14131492.040          0.000  656
 600.338   19434252.487          0.000  778
 600.333   11935811.488          0.000  778
 600.333   10334411.597          0.000  778
 600.316   24034421.404          0.000  629
 600.390    9899031.323          0.000  751
 600.327   12218761.652          0.000  752
 600.410   21375019.404          0.000  754
 600.398   10325029.907          0.000  754
 600.262   17762810.368          0.000  665
 559.223   20646044.175          0.000  698
 237.310   13167232.112          0.000  698
   0.000          0.000          0.000  729
   0.000          0.000          0.000  730
 309.926   19434344.758          0.000  699
 582.434   24486444.765          0.000  760
 600.355   13900389.017          0.000  762
 600.285   12122422.226          0.000  763
 600.398   22359354.892          0.000  826
 600.329          0.000          0.000  736
 600.404   12189306.528          0.000  706
 600.314   13137326.994          0.000  768
 600.163    6713922.967          0.000  708
 600.157          0.000          0.000  740
 600.515   15666585.630          0.000  711
 600.515    5826204.109          0.000  711
 600.313          0.000          0.000  743
 600.403   16595633.229          0.000  715
 600.403    7852742.117          0.000  715
 600.312    7266681.849          0.000  775
 600.377   17647881.221          0.000  777
 600.361    7736456.356          0.000  777
 600.333    3362379.704          0.000  778
 600.333   18993128.996          0.000  778
 600.390          0.000          0.000  751
 600.327          0.000          0.000  752
 600.083          0.000          0.000  753
 600.398          0.000          0.000  754
 600.398    5055694.080          0.000  754
 600.314    6400850.838          0.000  757
 600.314          0.000          0.000  757
 168.025    5368684.082          0.000  788
   0.000          0.000          0.000  759
   0.000          0.000          0.000  760
 222.462   10507554.475          0.000  760
 600.342          0.000          0.000  762
 600.284          0.000          0.000  763
 600.285    5934365.597          0.000  763
 600.397   12865076.766          0.000  826
 600.329   10754795.197          0.000  736
 600.230          0.000          0.000  767
 600.313          0.000          0.000  768
 600.418    7733357.881          0.000  799
 600.421   13945294.920          0.000  799
 600.521   14586994.418          0.000  711
 600.323    8988229.146          0.000  743
 600.461   12216347.824          0.000  805
 600.242          0.000          0.000  774
 600.311          0.000          0.000  775
 600.361   10683820.670          0.000  777
 600.361          0.000          0.000  777
 600.333          0.000          0.000  778
 600.407    7675445.502          0.000  811
 600.398   12587089.530          0.000  751
 600.367   10729666.475          0.000  752
 600.083    7043395.637          0.000  753
 600.398    7859301.075          0.000  754
 600.398   10946147.544          0.000  754
 600.314   13010564.854          0.000  757
 587.477   18369961.827          0.000  788
 508.641   11657108.347          0.000  788
   0.000          0.000          0.000  788
   0.000          0.000          0.000  789
 250.425   13748693.214          0.000  789
 600.342    9311788.967          0.000  762
 600.285    7300337.147          0.000  763
 600.438   19541457.376          0.000  826
 600.397    5392875.720          0.000  826
 600.358   11723412.610          0.000  827
 600.340   12108244.429          0.000  827
 600.313    5339082.995          0.000  768
 600.423   17343556.955          0.000  799
 600.418          0.000          0.000  799
 600.418    6661184.437          0.000  799
 600.523          0.000          0.000  801
 600.370   10769089.933          0.000  866
 600.445   18408205.344          0.000  805
 600.436    7847498.212          0.000  805
 600.436          0.000          0.000  805
 600.436    6372482.103          0.000  805
 600.219   13052688.573          0.000  839
 600.361    9973114.292          0.000  777
 600.179   11242604.530          0.000  841
 600.407    7755173.117          0.000  811
 600.407          0.000          0.000  811
 600.407    9047843.900          0.000  811
 600.401    6535006.788          0.000  844
 600.333   17199038.674          0.000  846
 600.310    5713850.217          0.000  846
 600.401   16618666.212          0.000  754
 600.359   24410564.818          0.000  757
 598.913   26003402.028          0.001  788
 195.799    9785900.324          0.000  788
   0.000          0.000          0.000  820
   0.000          0.000          0.000  821
 344.723   21515039.537          0.000  789
 600.257   13174437.160          0.000  855
 600.263   10967498.650          0.000  855
 600.299   21964516.511          0.000  763
 600.397          0.000          0.000  826
 600.340          0.000          0.000  827
 600.340    3131129.939          0.000  827
 600.340    7559217.928          0.000  827
 600.318          0.000          0.000  830
 600.318    3740632.547          0.000  830
 600.418    6578871.828          0.000  799
 600.524    7484413.464          0.000  801
 600.369   13928278.127          0.000  866
 600.369    4498958.800          0.000  866
 600.436    8424439.152          0.000  805
 600.436   11230905.804          0.000  805
 600.220   10116105.566          0.000  839
 600.219          0.000          0.000  839
 600.186   21345852.002          0.000  841
 600.179          0.000          0.000  841
 600.410   11284827.344          0.000  811
 600.401    6353971.774          0.000  844
 600.401          0.000          0.000  844
 600.310   10146728.509          0.000  846
 600.309          0.000          0.000  846
 600.488   13350759.761          0.000  848
 600.479          0.000          0.000  848
 600.192   41072937.513          0.001  788
 185.072    8978420.640          0.000  820
   0.000          0.000          0.000  851
   0.000          0.000          0.000  852
 167.682    8895732.126          0.000  821
 308.556   16768898.192          0.000  821
 600.257          0.000          0.000  855
 600.302          0.000          0.000  856
 600.505          0.000          0.000  857
 600.397    6022691.405          0.000  826
 600.340    4954697.994          0.000  827
 600.299   15129041.267          0.000  890
 600.340   12225730.342          0.000  827
 600.371   16372987.418          0.000  830
 600.512    6654968.942          0.000  894
 600.419   11302602.734          0.000  929
 600.371    8406839.512          0.000  866
 600.369          0.000          0.000  866
 600.484   23594179.699          0.000  805
 600.296   17523086.205          0.000  933
 600.330    7603256.208          0.000  870
 600.330          0.000          0.000  870
 600.261   11403170.066          0.000  839
 600.255          0.000          0.000  872
 600.338   12564243.841          0.000  905
 600.337    6684149.397          0.000  905
 600.401   12305870.154          0.000  844
 600.429   13698754.053          0.000  844
 600.418   17742049.190          0.000  846
 600.368          0.000          0.000  878
 600.479   10157908.802          0.000  848
 377.397   17840956.702          0.000  915
 290.069   15362417.947          0.000  915
   0.000          0.000          0.000  882
   0.000          0.000          0.000  883
 226.531   11815201.912          0.000  883
 600.198   13920768.513          0.000  886
 600.198          0.000          0.000  886
 600.529   13683725.110          0.000  857
 600.406   16897335.109          0.000  826
 600.331   19335802.466          0.000  890
 600.299          0.000          0.000  890
 600.340   21297703.851          0.000  827
 600.522   12625141.314          0.000  926
 600.512    7252099.232          0.000  894
 600.512          0.000          0.000  894
 600.419   13655364.802          0.000  929
 600.419    5404871.706          0.000  929
 600.419   10132880.704          0.000  929
 600.369    6060878.815          0.000  866
 600.359   15110277.603          0.000  931
 600.267    7485735.004          0.000  933
 600.299   20148366.767          0.000  933
 600.360          0.000          0.000  902
 600.255    4729455.600          0.000  872
 600.337    5188351.506          0.000  905
 600.337          0.000          0.000  905
 600.337    5347840.901          0.000  905
 600.337   14170571.842          0.000  905
 600.331    9019836.691          0.000  909
 600.328          0.000          0.000  909
 600.382   11128225.935          0.000  878
 600.268          0.000          0.000  911
 383.615   18117944.866          0.000  915
 274.810   12620766.125          0.000  915
 154.394    7125591.668          0.000  915
   0.000          0.000          0.000  915
   0.000          0.000          0.000  916
  97.882    4894505.955          0.000  949
 524.062   20234157.566          0.000  949
 600.198    9424134.382          0.000  886
 600.487   12324673.571          0.000  921
 600.469          0.000          0.000  921
 600.299   15222762.790          0.000  890
 600.299    7011010.432          0.000  890
 600.299    5846556.336          0.000  890
 600.341   29150723.920          0.001  827
 600.518          0.000          0.000  926
 600.529   17559010.828          0.000  894
 600.423   22036465.553          0.000  929
 600.419          0.000          0.000  929
 600.355    8484267.753          0.000  931
 600.355          0.000          0.000  931
 600.355    4966095.020          0.000  931
 600.267          0.000          0.000  933
 600.267    6943781.832          0.000  933
 600.323          0.000          0.000  935
 600.323    9006777.812          0.000  935
 600.271   14800094.498          0.000  872
 600.337   13005200.653          0.000  905
 600.362   15710871.345          0.000  905
 600.337   14566980.021          0.000  905
 600.292   14683837.919          0.000  971
 600.278    6916122.492          0.000  971
 600.279   15916174.676          0.000  911
 600.268    7390799.656          0.000  911
 600.275    8473484.090          0.000  946
 600.275          0.000          0.000  946
 239.583   11516981.977          0.000  948
   0.000          0.000          0.000  948
   0.000          0.000          0.000  949
 252.217   13229127.583          0.000  949
 600.043          0.000          0.000  951
 600.339   11806752.228          0.000 1012
 600.470   11688012.828          0.000  921
 600.284          0.000          0.000  954
 600.362   13547280.041          0.000 1015
 600.416   19738925.446          0.000 1017
 600.518   10512705.723          0.000  926
 600.429   20109921.099          0.000  929
 600.419    8790209.826          0.000  929
 600.419    3751796.217          0.000  929
 600.469   13926803.274          0.000  929
 600.268   10017650.462          0.000  993
 600.281   16940904.789          0.000  993
 600.272   11328681.619          0.000  933
 600.420   17512999.361          0.000 1089
 600.446   19975182.190          0.000 1089
 600.428   27265434.376          0.001 1089
 600.182          0.000          0.000  968
 600.182    8436948.683          0.000  968
 600.383   17319308.080          0.000 1032
 600.278          0.000          0.000  971
 600.158   13433171.711          0.000 1033
 600.293   13151565.905          0.000  946
 600.300   19968652.135          0.000 1005
 237.502   11927932.841          0.000  948
   0.000          0.000          0.000  976
   0.000          0.000          0.000  977
 185.949   10743281.758          0.000 1008
 600.370   13230262.496          0.000 1010
 600.339   16968726.652          0.000 1012
 600.339    4985855.693          0.000 1012
 600.204    6985297.175          0.000 1013
 600.284    8389633.067          0.000  954
 600.362    6434332.125          0.000 1015
 600.426   17240760.419          0.000 1017
 600.416    7054634.042          0.000 1017
 600.278    4584402.653          0.000 1018
 600.444   20291541.713          0.000  929
 600.419    9216268.822          0.000  929
 600.186    9340955.573          0.000  991
 600.183          0.000          0.000  991
 600.265    7147026.585          0.000  993
 600.265          0.000          0.000  993
 600.265    6966030.875          0.000  993
 600.352   10103472.228          0.000 1025
 600.420   11848896.038          0.000 1089
 600.420    9860622.112          0.000 1089
 600.420   17914948.542          0.000 1089
 600.475          0.000          0.000  999
 600.182    7615846.905          0.000  968
 600.365   17455223.000          0.000 1032
 600.355    5028963.718          0.000 1032
 600.151    5204747.323          0.000 1033
 600.357   17744104.304          0.000 1065
 600.300          0.000          0.000 1005
 321.147   16092527.295          0.000 1007
   0.000          0.000          0.000 1007
   0.000          0.000          0.000 1008
 269.190   12421216.864          0.000 1008
 600.344          0.000          0.000 1010
 600.344   11459263.757          0.000 1012
 600.339          0.000          0.000 1012
 600.200          0.000          0.000 1013
 600.318   19341432.510          0.000  954
 600.362          0.000          0.000 1015
 600.416   10344634.141          0.000 1017
 600.416          0.000          0.000 1017
 600.278          0.000          0.000 1018
 600.435   28250347.555          0.001  929
 600.419   18193350.221          0.000  929
 600.369    8067111.020          0.000 1052
 600.283   18144212.822          0.000  993
 600.265   12655880.196          0.000  993
 600.352    9560118.237          0.000 1025
 600.352          0.000          0.000 1025
 600.420   21002949.264          0.000 1089
 600.420    4881328.602          0.000 1089
 600.420   14900428.250          0.000 1089
 600.479    7978979.016          0.000  999
 600.145          0.000          0.000 1030
 600.197   22392992.302          0.000  968
 600.355          0.000          0.000 1032
 600.151          0.000          0.000 1033
 600.339    6053456.967          0.000 1065
 600.321    9059111.390          0.000 1005
 251.299   11629866.217          0.000 1037
   0.000          0.000          0.000 1037
   0.000          0.000          0.000 1038
 112.188    4529028.015          0.000 1008
 491.122   12485396.521          0.000 1008
 572.584   16826708.777          0.000 1008
 600.341   19212755.164          0.000 1012
 600.339    8555370.709          0.000 1012
 600.316   11082007.523          0.000 1075
 600.138          0.000          0.000 1045
 600.141   12098147.252          0.000 1045
 600.285          0.000          0.000 1047
 600.428   12807129.488          0.000 1017
 600.358   15438304.861          0.000 1112
 600.358   10477360.691          0.000 1112
 600.365    8207197.489          0.000 1052
 600.365          0.000          0.000 1052
 600.358   26018098.857          0.000 1117
 600.155          0.000          0.000 1054
 600.352    6364905.105          0.000 1025
 600.444   13728912.392          0.000 1089
 600.420    2722243.023          0.000 1089
 600.420    5904166.674          0.000 1089
 600.209   12255663.255          0.000 1091
 600.295   16592403.976          0.000 1062
 600.282    8655155.222          0.000 1062
 600.282          0.000          0.000 1062
 600.355   15318329.543          0.000 1032
 600.339    8154874.175          0.000 1065
 600.339          0.000          0.000 1065
 600.339    7508134.818          0.000 1065
 600.167          0.000          0.000 1067
 308.871   15833410.555          0.000 1069
   0.000          0.000          0.000 1069
   0.000          0.000          0.000 1070
 250.001   13856458.874          0.000 1070
 596.401   23887769.382          0.000 1008
 600.421   17664753.829          0.000 1136
 600.316    5662743.293          0.000 1075
 600.316          0.000          0.000 1075
 600.138    6292727.900          0.000 1045
 600.138    4882628.160          0.000 1045
 600.242   18584157.620          0.000 1140
 600.330   20487397.185          0.000 1171
 600.366   26303796.638          0.000 1112
 600.369   17662776.668          0.000 1112
 600.358    4954567.463          0.000 1112
 600.365    7386216.898          0.000 1052
 600.322   12507422.700          0.000 1117
 600.322    7360946.256          0.000 1117
 600.372   16153621.588          0.000 1025
 600.323    9773100.521          0.000 1119
 600.420   10196671.203          0.000 1089
 600.419          0.000          0.000 1089
 600.483   23379388.058          0.000 1089
 600.184          0.000          0.000 1091
 600.266    9029811.012          0.000 1124
 600.211          0.000          0.000 1093
 600.339   20661720.333          0.000 1065
 600.339    9000970.999          0.000 1065
 600.339   13766174.077          0.000 1065
 386.616   20904189.078          0.000 1131
 205.200    9988836.407          0.000 1131
 100.601    4906529.620          0.000 1131
   0.000          0.000          0.000 1100
   0.000          0.000          0.000 1101
 268.539   15131678.194          0.000 1101
 600.401   22020630.491          0.000 1136
 600.400    7323731.339          0.000 1136
 600.317   23899212.700          0.000 1075
 600.316    6501141.656          0.000 1075
 600.138   11381199.304          0.000 1045
 600.242    4848262.442          0.000 1140
 600.217    9867895.238          0.000 1141
 600.316   11540976.252          0.000 1171
 600.358    5391039.314          0.000 1112
 600.358          0.000          0.000 1112
 600.487   11329667.995          0.000 1145
 600.338   20767769.915          0.000 1117
 600.322   11967071.807          0.000 1117
 600.322    4932126.014          0.000 1117
 600.322          0.000          0.000 1117
 600.362   12792688.791          0.000 1119
 600.323          0.000          0.000 1119
 600.420   15708839.968          0.000 1089
 600.125          0.000          0.000 1121
 600.281          0.000          0.000 1122
 600.272   10929986.446          0.000 1124
 600.266          0.000          0.000 1124
 600.211    5927701.054          0.000 1093
 600.326   16913653.252          0.000 1127
 600.325          0.000          0.000 1127
 600.358   24950928.372          0.000 1065
 326.601   16418345.663          0.000 1131
 284.768   15217948.840          0.000 1131
   0.000          0.000          0.000 1131
   0.000          0.000          0.000 1132
 196.539    9246529.296          0.000 1101
 600.412   19580519.619          0.000 1136
 600.400    8184817.964          0.000 1136
 600.400          0.000          0.000 1136
 600.316   17799631.093          0.000 1075
 600.151   13616359.345          0.000 1168
 600.138   22351360.249          0.000 1045
 600.242          0.000          0.000 1140
 600.207          0.000          0.000 1141
 600.316    6196464.122          0.000 1171
 600.358    7958302.103          0.000 1112
 600.205   11889189.584          0.000 1173
 600.482          0.000          0.000 1145
 600.282   11900743.736          0.000 1175
 600.322   16453455.837          0.000 1117
 600.343   12314531.347          0.000 1117
 600.323   12123128.839          0.000 1119
 600.147          0.000          0.000 1150
 600.142   10452364.373          0.000 1121
 600.281    7780082.924          0.000 1122
 600.285   18987548.548          0.000 1124
 600.266    7281909.283          0.000 1124
 600.395   11998803.184          0.000 1186
 600.325    5145671.930          0.000 1127
 600.325   11074108.947          0.000 1127
 600.328   18684568.486          0.000 1220
 432.757   23392009.486          0.000 1131
 243.854   12373340.525          0.000 1192
   0.000          0.000          0.000 1161
   0.000          0.000          0.000 1162
 302.089   14814867.645          0.000 1101
 600.435   12610638.097          0.000 1197
 600.400    6250103.830          0.000 1136
 600.293    8365989.743          0.000 1167
 600.293          0.000          0.000 1167
 600.103          0.000          0.000 1168
 600.242    7628673.776          0.000 1140
 600.328   10507807.760          0.000 1171
 600.315          0.000          0.000 1171
 600.358   23725098.284          0.000 1112
 600.176          0.000          0.000 1173
 600.305   11971808.218          0.000 1175
 600.270          0.000          0.000 1175
 600.209   11338110.190          0.000 1177
 600.208          0.000          0.000 1177
 600.255   15518307.331          0.000 1180
 600.224    4399450.217          0.000 1180
 600.224          0.000          0.000 1180
 600.206   12208235.622          0.000 1182
 600.200          0.000          0.000 1182
 600.344    9920967.669          0.000 1184
 600.338          0.000          0.000 1184
 600.395   11881258.087          0.000 1186
 600.395          0.000          0.000 1186
 600.609   12388646.982          0.000 1218
 600.330   17723267.552          0.000 1127
 600.312    7896162.167          0.000 1220
 600.523          0.000          0.000 1190
 241.726   11556623.775          0.000 1192
   0.000          0.000          0.000 1192
   0.000          0.000          0.000 1193
 147.293    7024200.156          0.000 1225
 583.074   28445017.967          0.001 1225
 600.435   12306529.543          0.000 1197
 600.434          0.000          0.000 1197
 600.355   16080303.861          0.000 1260
 600.293   10495794.145          0.000 1167
 600.293    7673988.727          0.000 1167
 600.237    7629514.875          0.000 1202
 600.237          0.000          0.000 1202
 600.132    9771033.715          0.000 1234
 600.226   22316630.049          0.000 1267
 600.216   14566586.843          0.000 1267
 600.207   12737147.390          0.000 1173
 600.177    6865198.714          0.000 1173
 600.270    6876501.161          0.000 1175
 600.209   13885471.572          0.000 1177
 600.227   10393633.335          0.000 1177
 600.225   12107123.292          0.000 1180
 600.289   11946996.512          0.000 1244
 600.200    6876455.796          0.000 1182
 600.126   14673091.310          0.000 1277
 600.338    7690030.431          0.000 1184
 600.406   15504170.355          0.000 1186
 600.395   12441505.315          0.000 1186
 600.590          0.000          0.000 1218
 600.331   11470252.078          0.000 1220
 600.311          0.000          0.000 1220
 600.548   13045395.610          0.000 1190
 335.838   17285694.841          0.000 1224
 300.323   16576265.904          0.000 1192
   0.000          0.000          0.000 1224
   0.000          0.000          0.000 1225
 279.301   15310459.889          0.000 1288
 600.435    8810071.493          0.000 1197
 600.358    8079290.087          0.000 1260
 600.355    9520198.190          0.000 1260
 600.332    6676850.837          0.000 1262
 600.342   25894981.283          0.000 1167
 600.237   14321757.632          0.000 1202
 600.237    7475372.477          0.000 1202
 600.117          0.000          0.000 1234
 600.222   11475917.698          0.000 1267
 600.216    6544091.907          0.000 1267
 600.205   10813557.633          0.000 1269
 600.177   19420666.535          0.000 1173
 600.164    8931239.058          0.000 1271
 600.375   10821158.100          0.000 1241
 600.368          0.000          0.000 1241
 600.368    8008284.159          0.000 1241
 600.369   13397345.346          0.000 1241
 600.278          0.000          0.000 1244
 600.297   18724890.594          0.000 1339
 600.115    6645295.048          0.000 1277
 600.352   19863437.742          0.000 1184
 600.283          0.000          0.000 1248
 600.329   21600206.894          0.000 1248
 600.328   23103096.041          0.000 1220
 600.312    7849570.635          0.000 1220
 600.442   16049026.194          0.000 1285
 262.315   12888628.778          0.000 1224
 125.091    5991828.921          0.000 1224
   0.000          0.000          0.000 1255
   0.000          0.000          0.000 1256
 127.346    6792010.364          0.000 1288
 336.240   16980184.479          0.000 1288
 600.360   13113876.637          0.000 1291
 600.355          0.000          0.000 1260
 600.331    5006886.837          0.000 1262
 600.331          0.000          0.000 1262
 600.421    8109071.300          0.000 1294
 600.229   24002424.022          0.000 1328
 600.229   12368888.143          0.000 1328
 600.216    7856932.844          0.000 1267
 600.216          0.000          0.000 1267
 600.492   18350601.116          0.000 1332
 600.199          0.000          0.000 1269
 600.173   12427374.043          0.000 1271
 600.162          0.000          0.000 1271
 600.375   13765353.310          0.000 1241
 600.368    7648199.059          0.000 1241
 600.369   18854437.051          0.000 1241
 600.282    7692367.212          0.000 1244
 600.297   10367755.034          0.000 1339
 600.115          0.000          0.000 1277
 600.281   12000782.519          0.000 1310
 600.283    4050378.797          0.000 1248
 600.284    8095333.989          0.000 1248
 600.284   20428988.118          0.000 1248
 600.514          0.000          0.000 1282
 600.429   11834344.181          0.000 1285
 600.428    3075030.585          0.000 1285
 600.428          0.000          0.000 1285
 242.729   13493151.101          0.000 1255
   0.000          0.000          0.000 1287
   0.000          0.000          0.000 1288
 204.173    9392986.668          0.000 1288
 600.360    5390047.473          0.000 1291
 600.360          0.000          0.000 1291
 600.439          0.000          0.000 1292
 600.332   14149931.651          0.000 1357
 600.420          0.000          0.000 1294
 600.230   12277360.112          0.000 1328
 600.229    6191092.924          0.000 1328
 600.216   17596991.018          0.000 1267
 600.479   15928582.371          0.000 1332
 600.479    7026840.679          0.000 1332
 600.200    6422039.859          0.000 1269
 600.163    9853206.026          0.000 1271
 600.405   21317275.901          0.000 1336
 600.405   11367871.777          0.000 1336
 600.430   11062450.339          0.000 1336
 600.334          0.000          0.000 1305
 600.305   10291615.498          0.000 1339
 600.297    3035061.672          0.000 1339
 600.182   19449954.672          0.000 1277
 600.281   12894991.812          0.000 1310
 600.281          0.000          0.000 1310
 600.281    6736488.695          0.000 1310
 600.296   16624166.102          0.000 1248
 600.442   18788271.211          0.000 1343
 600.465   24051035.510          0.000 1285
 600.428    8533661.763          0.000 1285
 600.428    6154693.029          0.000 1285
 277.507   13011361.094          0.000 1318
   0.000          0.000          0.000 1318
   0.000          0.000          0.000 1319
 210.786   11725748.302          0.000 1288
 407.256   27465538.822          0.001 1288
 600.397   23716461.871          0.000 1291
 600.439   10425532.559          0.000 1292
 600.332   12313400.018          0.000 1357
 600.332    4513590.818          0.000 1357
 600.312   21775037.924          0.000 1390
 600.229   10371482.816          0.000 1328
 600.228          0.000          0.000 1328
 600.229    7623842.951          0.000 1328
 600.451   14481020.666          0.000 1362
 600.479   13347532.974          0.000 1332
 600.478          0.000          0.000 1332
 600.307    6670361.796          0.000 1364
 600.307   11088835.479          0.000 1366
 600.405    8563737.986          0.000 1336
 600.405          0.000          0.000 1336
 600.514   17217366.770          0.000 1368
 600.335    9070166.865          0.000 1305
 600.297          0.000          0.000 1339
 600.319   15613171.506          0.000 1403
 600.281    6919324.093          0.000 1310
 600.412    6963468.036          0.000 1343
 600.412          0.000          0.000 1343
 600.412    5826107.983          0.000 1343
 600.412   14689612.431          0.000 1343
 600.397          0.000          0.000 1346
 600.446   18870240.737          0.000 1285
 600.428   19610233.644          0.000 1285
 163.496    6867317.630          0.000 1381
   0.000          0.000          0.000 1350
   0.000          0.000          0.000 1351
 235.414   12353628.426          0.000 1382
 600.297   26515329.620          0.000 1384
 600.273   21678046.290          0.000 1384
 600.333   13257890.090          0.000 1357
 600.332    7326730.367          0.000 1357
 600.332          0.000          0.000 1357
 600.289   10092850.902          0.000 1390
 600.294   10373398.104          0.000 1390
 600.229   10004590.720          0.000 1328
 600.442    5568796.717          0.000 1362
 600.442          0.000          0.000 1362
 600.479    8564120.478          0.000 1332
 600.307          0.000          0.000 1364
 600.281    8595054.894          0.000 1366
 600.281          0.000          0.000 1366
 600.344   30608097.569          0.001 1366
 600.491          0.000          0.000 1368
 600.306   19775938.889          0.000 1339
 600.297    9895817.853          0.000 1339
 600.297    4848575.800          0.000 1339
 600.319   14281374.150          0.000 1403
 600.319    6700797.148          0.000 1403
 600.165          0.000          0.000 1374
 600.434   11817320.839          0.000 1405
 600.412   15080369.512          0.000 1343
 600.397    9485071.175          0.000 1346
 600.361   14969184.454          0.000 1440
 600.362   15198432.970          0.000 1440
 573.147   20686269.757          0.000 1381
   0.000          0.000          0.000 1381
   0.000          0.000          0.000 1382
 402.485   27993076.864          0.001 1382
 600.273          0.000          0.000 1384
 600.273    9083760.859          0.000 1384
 600.309   10059508.890          0.000 1417
 600.332    8750143.255          0.000 1357
 600.322   19961192.489          0.000 1419
 600.305   11753465.701          0.000 1419
 600.289          0.000          0.000 1390
 600.074          0.000          0.000 1391
 600.099          0.000          0.000 1392
 600.442    7273700.674          0.000 1362
 600.594    7069099.524          0.000 1395
 600.594          0.000          0.000 1395
 600.317   21609202.881          0.000 1490
 600.281    2877158.435          0.000 1366
 600.281    8476061.096          0.000 1366
 600.281   16847944.318          0.000 1366
 600.258    5864439.218          0.000 1430
 600.297   16271167.424          0.000 1339
 600.425   15297937.010          0.000 1432
 600.319          0.000          0.000 1403
 600.178    9939318.174          0.000 1374
 600.434          0.000          0.000 1405
 600.294          0.000          0.000 1406
 600.506   11091535.994          0.000 1408
 600.494          0.000          0.000 1408
 600.361    5204406.090          0.000 1440
 560.781   18555275.055          0.000 1443
 183.898    9158179.581          0.000 1381
   0.000          0.000          0.000 1412
   0.000          0.000          0.000 1413
 336.450   19934150.422          0.000 1444
 600.273    4691464.499          0.000 1384
 600.304    5931497.415          0.000 1417
 600.304          0.000          0.000 1417
 600.305    4907057.166          0.000 1419
 600.305          0.000          0.000 1419
 600.305    5924156.282          0.000 1419
 600.337   24452028.464          0.000 1484
 600.297   15626242.732          0.000 1484
 600.102   11002549.366          0.000 1392
 600.365          0.000          0.000 1424
 600.365    7630633.577          0.000 1424
 600.596    7701665.170          0.000 1395
 600.315   12731207.505          0.000 1490
 600.281   13786747.353          0.000 1366
 600.268   10869977.034          0.000 1430
 600.258          0.000          0.000 1430
 600.272   17681117.505          0.000 1430
 600.416          0.000          0.000 1432
 600.416    5015777.031          0.000 1432
 600.319    7210806.241          0.000 1403
 600.175          0.000          0.000 1435
 600.434    3757518.759          0.000 1405
 600.294    3835821.776          0.000 1406
 600.307   21891376.097          0.000 1468
 600.361   10065105.445          0.000 1440
 600.361          0.000          0.000 1440
 600.361   11339184.522          0.000 1440
 206.937    8634140.115          0.000 1443
   0.000          0.000          0.000 1443
   0.000          0.000          0.000 1444
 186.149    9809407.762          0.000 1444
 600.287   16136514.442          0.000 1384
 600.304   12557948.812          0.000 1417
 600.572   10037045.570          0.000 1481
 600.305    6721407.508          0.000 1419
 600.317   10883831.628          0.000 1483
 600.297   13771460.443          0.000 1484
 600.296    5481651.308          0.000 1484
 355.251   18448011.474          0.000 1587
 600.367   10652683.175          0.000 1424
 600.520   14751849.098          0.000 1456
 600.513          0.000          0.000 1456
 600.314   14332076.236          0.000 1490
 600.314    5801023.554          0.000 1490
 600.424   11184428.543          0.000 1460
 600.408          0.000          0.000 1460
 597.335   26334941.834          0.001 1600
 600.416   12669789.367          0.000 1432
 600.416    5021352.933          0.000 1432
 600.416   13512293.895          0.000 1432
 600.199   17672517.084          0.000 1435
 600.434   19318866.639          0.000 1405
 600.434   18786972.932          0.000 1405
 600.303          0.000          0.000 1468
 600.303   12713764.304          0.000 1468
 600.366    9008607.123          0.000 1440
 600.365   14951453.357          0.000 1440
 391.009   22832706.554          0.000 1443
 243.027   12551942.125          0.000 1443
   0.000          0.000          0.000 1474
   0.000          0.000          0.000 1475
 241.493   13355248.103          0.000 1507
 369.026   21886748.099          0.000 1444
 296.354   16673722.116          0.000 1573
 589.955   27123364.441          0.000 1577
 494.477   14386803.274          0.000 1577
 600.572          0.000          0.000 1481
 564.089   22478410.791          0.000 1579
 600.286          0.000          0.000 1483
 600.296          0.000          0.000 1484
 214.877   10833654.799          0.000 1587
 362.043   19306629.976          0.000 1587
 464.201   28137266.160          0.001 1587
 582.665   20174257.334          0.000 1591
 600.323   12669028.330          0.000 1490
 600.314          0.000          0.000 1490
 495.200   19253390.753          0.000 1597
 597.719   27971887.086          0.001 1600
 564.509   17464483.812          0.000 1600
 475.666   13163644.381          0.000 1600
 600.435   15964210.911          0.000 1432
 600.317          0.000          0.000 1496
 558.396   24587753.584          0.000 1605
 600.283          0.000          0.000 1498
 560.791   19694405.340          0.000 1607
 600.303    9528489.873          0.000 1468
 600.303    5360790.041          0.000 1468
 600.365   26510122.659          0.001 1468
 564.217   18787723.424          0.000 1616
 330.745   15732534.078          0.000 1616
 243.365   13288808.037          0.000 1540
   0.000          0.000          0.000 1506
   0.000          0.000          0.000 1507
 307.063   18429244.836          0.000 1507
 149.290    8021517.202          0.000 1573
 456.041   31410159.636          0.001 1573
 185.838    7543845.658          0.000 1577
 542.126   25510950.553          0.000 1577
 482.547   17291462.723          0.000 1579
 432.312   13743335.327          0.000 1579
 200.933   10168488.920          0.000 1581
 297.149   15166478.704          0.000 1584
 507.658   25463718.050          0.000 1587
 139.932    7150806.991          0.000 1587
 165.502    8709640.222          0.000 1587
 273.542   14627565.978          0.000 1587
 370.718   20596693.499          0.000 1587
 290.295   15560703.546          0.000 1591
 500.950   13842427.058          0.000 1591
 481.394   15482828.705          0.000 1595
 518.336   26512535.225          0.001 1597
 242.637    8537552.230          0.000 1597
 352.952   16784358.919          0.000 1600
 153.593    5842379.766          0.000 1600
 515.628   20452244.729          0.000 1602
 540.718   24118031.360          0.000 1602
 372.343   11253125.419          0.000 1605
 541.168   18349430.511          0.000 1606
 357.351   18436160.075          0.000 1607
 287.389   13917696.710          0.000 1611
 530.596   17151496.144          0.000 1613
 561.821   17164837.303          0.000 1615
 154.691    6677148.844          0.000 1616
 249.314   11314321.625          0.000 1616
 304.764   16209858.093          0.000 1619
   0.000          0.000          0.000 1540
   0.000          0.000          0.000 1541
 326.782   19983199.015          0.000 1507
 263.378   14753639.407          0.000 1575
 186.155   10548146.144          0.000 1575
 256.901   13983436.940          0.000 1579
 160.051    6866553.075          0.000 1579
 232.756   14342276.840          0.000 1583
 163.216    8297151.725          0.000 1584
 218.967   12732360.324          0.000 1584
  97.668    5040676.761          0.000 1587
 261.648   14588242.909          0.000 1587
 210.505   11057836.244          0.000 1591
 177.138    6760908.168          0.000 1591
 184.576    7622643.625          0.000 1595
 204.113    9803232.640          0.000 1596
 123.796    5260729.460          0.000 1597
 253.575   13885613.978          0.000 1600
 226.197   12994362.067          0.000 1602
 133.001    5726006.731          0.000 1602
 149.127    5751461.051          0.000 1605
 205.434    8229334.802          0.000 1606
 150.100    6661908.759          0.000 1607
 159.043    7278080.632          0.000 1609
 163.711    6470950.283          0.000 1613
 195.055    7182158.005          0.000 1615
 268.490   12562769.374          0.000 1616
 340.100   20237183.341          0.000 1616
 172.669    8672062.496          0.000 1619
   0.000          0.000          0.000 1569
   0.000          0.000          0.000 1570
   0.000          0.000          0.000 1571
   0.000          0.000          0.000 1572
   0.000          0.000          0.000 1573
   0.000          0.000          0.000 1574
   0.000          0.000          0.000 1575
   0.000          0.000          0.000 1576
   0.000          0.000          0.000 1577
   0.000          0.000          0.000 1578
   0.000          0.000          0.000 1579
   0.000          0.000          0.000 1580
   0.000          0.000          0.000 1581
   0.000          0.000          0.000 1582
   0.000          0.000          0.000 1583
   0.000          0.000          0.000 1584
   0.000          0.000          0.000 1585
   0.000          0.000          0.000 1586
   0.000          0.000          0.000 1587
   0.000          0.000          0.000 1588
   0.000          0.000          0.000 1589
   0.000          0.000          0.000 1590
   0.000          0.000          0.000 1591
   0.000          0.000          0.000 1592
   0.000          0.000          0.000 1593
   0.000          0.000          0.000 1594
   0.000          0.000          0.000 1595
   0.000          0.000          0.000 1596
   0.000          0.000          0.000 1597
   0.000          0.000          0.000 1598
   0.000          0.000          0.000 1599
   0.000          0.000          0.000 1600
   0.000          0.000          0.000 1601
   0.000          0.000          0.000 1602
   0.000          0.000          0.000 1603
   0.000          0.000          0.000 1604
   0.000          0.000          0.000 1605
   0.000          0.000          0.000 1606
   0.000          0.000          0.000 1607
   0.000          0.000          0.000 1608
   0.000          0.000          0.000 1609
   0.000          0.000          0.000 1610
   0.000          0.000          0.000 1611
   0.000          0.000          0.000 1612
   0.000          0.000          0.000 1613
   0.000          0.000          0.000 1614
   0.000          0.000          0.000 1615
   0.000          0.000          0.000 1616
   0.000          0.000          0.000 1617
   0.000          0.000          0.000 1618
   0.000          0.000          0.000 1619
   0.000          0.000          0.000 1620
 312.522   16185957.501          0.000   29
 591.840   23281384.948          0.000   11
 600.474    7185056.972          0.000  178
 600.491    9040626.471          0.000  138
 598.686   21710381.983          0.000   42
 600.431   12889364.230          0.000  144
 600.237    7343678.530          0.000  182
 600.318    9591284.233          0.000  246
 600.285    5802031.231          0.000  354
 600.269    4209231.393          0.000  311
 600.333    3503388.787          0.000  366
 600.389    5176014.784          0.000  429
 600.447    4791492.925          0.000  486
 600.323    6708688.476          0.000  532
 600.254    6064171.831          0.000  565
 600.129    3549015.752          0.000  597
 382.398   20790037.746          0.000  636
 600.272    3578442.983          0.000  580
 600.315    5311629.201          0.000  629
 600.313    4752341.846          0.000  768
 600.403    6927335.967          0.000  715
 600.390    7414841.244          0.000  751
 600.179    5032451.285          0.000  841
 600.275   16291284.940          0.000  946
 600.420    7878038.061          0.000 1089
 600.242   10210398.396          0.000 1140
 600.156    7757277.506          0.000 1054
 600.322    6256428.415          0.000 1117
 600.323    9391686.486          0.000 1119
 600.395    6733058.625          0.000 1186
 600.293   13866478.284          0.000 1167
 600.229    3196973.182          0.000 1328
 600.162    4525774.709          0.000 1271
 600.405    4631302.245          0.000 1336
 600.273   14981145.131          0.000 1384
 600.175    6569710.449          0.000 1435
 600.434   10736186.855          0.000 1405
 600.283    9419564.481          0.000 1498
 590.453   36145839.823          0.001 1609
 600.447    5847725.454          0.000  486
  80.623    3615477.270          0.000    7
 139.541    7825984.300          0.000   21
  54.771    2755960.425          0.000   21
  60.907    3121208.257          0.000   26
 187.482   10911189.510          0.000   31
 102.190    2711749.237          0.000   42
  96.912    4350994.158          0.000   42
  83.596    3248057.811          0.000   44
  95.130    4691899.599          0.000    5
  69.086    3620381.697          0.000   13
 112.736    5920210.319          0.000   15
  97.948    4858449.254          0.000   17
 112.087    5697863.060          0.000   26
 113.117    5763983.540          0.000   29
 139.325    7124480.019          0.000   31
  96.331    4776710.280          0.000   33
 118.316    5730407.233          0.000   40
  87.777    4542925.804          0.000  141
  93.785    4899089.088          0.000  141
 100.911    5273376.128          0.000  171
 105.525    5490990.731          0.000  233
 159.371    8811912.344          0.000  233
  93.776    4579888.113          0.000  298
 167.536    9206042.192          0.000  265
 129.562    6361155.217          0.000  298
 150.635    6880202.927          0.000  328
 102.901    5327025.666          0.000  329
 133.438    7060659.550          0.000  329
  82.272    3906614.286          0.000  389
 136.637    7266760.789          0.000  420
 171.724    8586546.806          0.000  419
  97.264    5060834.082          0.000  420
 106.646    5635867.053          0.000  482
 111.372    5859797.261          0.000  514
  80.077    3324239.926          0.000  575
  82.519    4395558.527          0.000  546
 140.945    7796070.423          0.000  576
 174.886   10166061.432          0.000  605
 125.036    6006309.060          0.000  635
  78.044    4093856.056          0.000  636
 119.180    5269568.801          0.000  699
 152.769    8742422.254          0.000  699
 103.398    5018358.351          0.000  760
 110.033    5900424.599          0.000  789
 155.624    8635883.435          0.000  789
  97.163    4720034.958          0.000  820
 138.646    6951993.895          0.000  915
  99.460    5144199.354          0.000  883
  72.375    3415716.166          0.000  915
 102.161    4901863.620          0.000  948
 108.524    5326531.401          0.000  948
 158.858    7625592.261          0.000 1007
 110.734    5179170.558          0.000 1037
 133.282    6477959.976          0.000 1069
 103.467    5588480.253          0.000 1070
 127.933    6970519.335          0.000 1101
 122.859    6135564.457          0.000 1131
  84.814    4160443.524          0.000 1101
 119.182    5898014.439          0.000 1192
 112.254    5361992.889          0.000 1192
  89.570    4298111.060          0.000 1288
 122.220    5708994.246          0.000 1318
  98.851    5393241.922          0.000 1288
  88.674    4689389.407          0.000 1382
 152.328    8040446.542          0.000 1382
 145.821    7871954.857          0.000 1444
  88.086    3812136.108          0.000 1443
  83.198    4410577.834          0.000 1444
 133.105    6697697.587          0.000 1443
 113.835    6133745.399          0.000 1507
 141.477    7810357.592          0.000 1507
  75.683    4068010.731          0.000 1573
  82.922    3658739.936          0.000 1577
  85.616    4447714.493          0.000 1581
  74.485    3923084.957          0.000 1587
 122.748    6337208.326          0.000 1591
  71.878    2969549.803          0.000 1600
 128.883    6097670.063          0.000 1611
  72.124    3195477.873          0.000 1616
 142.561    7073007.785          0.000 1619
 144.262    7892765.808          0.000 1507
 112.629    6023646.272          0.000 1575
  88.815    4209574.703          0.000 1579
  67.291    3510287.250          0.000 1584
  48.313    2525102.921          0.000 1587
 119.220    6367967.148          0.000 1587
 101.288    5292288.446          0.000 1591
  80.765    3308527.363          0.000 1591
  85.275    3737158.146          0.000 1595
 134.766    7197251.154          0.000 1600
  79.069    3578486.598          0.000 1607
 132.169    6123823.208          0.000 1616
 177.022    9435207.485          0.000 1616
 116.610    6351399.677          0.000   15
 114.862    5503741.466          0.000  328
 128.239    7116389.791          0.000  420
 104.217    4976626.748          0.000  635
  49.562    2430722.743          0.000 1131
 146.274    7478651.976          0.000 1192
  62.161    3333697.480          0.000 1288
 597.099   28102868.577          0.001   42
 600.431    4676566.521          0.000  144
 600.720   16137972.065          0.000  150
 600.146   14137977.078          0.000  159
 600.592   30821194.214          0.001  228
 600.573   19753647.836          0.000  179
 600.548   25113480.152          0.000  228
 600.563   27246405.526          0.001  228
 600.309   11035119.558          0.000  238
 600.341   21311197.914          0.000  238
 600.398   15092939.290          0.000  275
 600.206   11362304.744          0.000  375
 600.308   16241937.476          0.000  383
 600.428   26692204.219          0.000  366
 600.282   14224361.668          0.000  457
 600.309   16423802.491          0.000  474
 600.282   24682289.636          0.000  457
 532.939   21379275.056          0.000  481
 600.341   22517256.293          0.000  552
 600.204   16023650.837          0.000  664
 600.262   13664365.951          0.000  665
 600.352   24285472.316          0.000  677
 600.290   18318147.071          0.000  763
 600.492   25103100.363          0.000  715
 600.489   43127772.796          0.001  778
 600.084   13071869.094          0.000  753
 600.242   14173809.877          0.000  774
 600.539   27391082.133          0.001  811
 600.370   21970283.582          0.000  866
 600.436   25412588.286          0.000  805
 600.392   19405764.851          0.000  827
 600.340   26236909.056          0.000  827
 600.364   21758391.200          0.000  902
 600.338   19005320.944          0.000  905
 600.284   13928134.418          0.000  954
 600.382   20545654.827          0.000 1015
 600.420   24350784.443          0.000 1089
 600.454   27365409.534          0.001 1089
 600.151   14121614.305          0.000 1033
 600.081   37896438.934          0.001 1008
 484.606   16609248.951          0.000 1101
 600.125    5851022.178          0.000 1121
 600.267   15452990.061          0.000 1124
 600.267   17741481.654          0.000 1124
 600.316   20971275.479          0.000 1171
 600.177   26418265.857          0.000 1173
 600.256   32816129.257          0.001 1267
 600.591   12703954.133          0.000 1218
 600.278   15944762.409          0.000 1244
 600.297   35893778.717          0.001 1339
 600.284   16307744.885          0.000 1248
 456.631   29105195.086          0.001 1224
 600.229   33517846.067          0.001 1328
 600.115   20777998.061          0.000 1277
 520.774   18193502.605          0.000 1288
 600.229   25119385.658          0.000 1328
 600.297   19159866.456          0.000 1339
 600.297   22307090.101          0.000 1339
 600.428   15427700.737          0.000 1285
 600.457   20187743.617          0.000 1292
 600.332   18286577.590          0.000 1357
 600.281   16374415.531          0.000 1366
 600.416   20572376.789          0.000 1432
 600.362   19184865.107          0.000 1406
 598.429   28812589.673          0.001 1591
 600.314   13522835.057          0.000 1490
 572.940   30252344.217          0.001 1596
 530.430   23679687.239          0.000 1605
 506.741   36981210.513          0.001 1616
 478.335   16066377.485          0.000 1605
 600.390    5930759.155          0.000  751
 600.282    6120868.874          0.000  457
 600.217   22631373.209          0.000 1267
 600.278    6702325.589          0.000 1244
 600.297   26357709.882          0.001 1339
 600.297   10499027.744          0.000 1339
 600.297   11378258.123          0.000 1339
 600.317   15274263.813          0.000 1496
 600.720    6398213.325          0.000  150
 600.146    5984655.651          0.000  159
 600.572    6867303.423          0.000  179
 600.397    5386381.778          0.000  275
 600.206    5110022.870          0.000  375
 600.309    5597474.772          0.000  474
 575.279   23307017.013          0.000  575
 600.204    5125857.742          0.000  664
 600.262    5325292.898          0.000  665
 600.340   14775994.786          0.000  677
 600.360   27612112.246          0.001  778
 600.083    5854711.347          0.000  753
 600.242    5539704.399          0.000  774
 600.436   16950559.106          0.000  805
 600.360    6691047.707          0.000  902
 600.284    4436402.068          0.000  954
 600.151    6428512.808          0.000 1033
 600.266    6994452.085          0.000 1124
 600.266    6549192.736          0.000 1124
 600.177    6555551.262          0.000 1173
 600.590    4360912.476          0.000 1218
 600.284    5608573.033          0.000 1248
 600.229   20164420.137          0.000 1328
 600.115    4954635.046          0.000 1277
 600.229   14175100.764          0.000 1328
 600.314    5520282.124          0.000 1490
 578.034   32021620.065          0.001 1595
 600.282    3898190.766          0.000  457
 600.317    7570768.030          0.000 1496
 600.297    7116092.427          0.000 1339
 600.297    6675999.445          0.000 1339
 350.718   17523818.448          0.000   49
  93.196    4154829.125          0.000   49
 600.369   11252909.554          0.000  866
 380.269   20570245.836          0.000   13
 266.152   13628116.394          0.000   21
 334.440   19338555.586          0.000   21
 323.568   17211888.419          0.000  233
 313.823   14367143.697          0.000  389
 309.074   13560214.392          0.000 1443
 600.352   19651567.738          0.000 1012
 600.327   14786380.691          0.000 1310
 600.356   14475027.842          0.000  682
 250.996    9809643.430          0.000   21
 281.472   10840329.310          0.000    7
 261.748    9851028.364          0.000 1579
 266.050    8022965.867          0.000   44
 295.341   11620292.673          0.000  949
 279.933    8121915.959          0.000 1008
 359.595   17512390.789          0.000  636
 349.190   12556057.596          0.000  698
 343.986   11987846.081          0.000 1607
 361.588   12105138.015          0.000 1381
 350.703   11166790.481          0.000 1616
