   0.000          0.000          0.000    1
   0.000          0.000          0.000    2
   0.000          0.000          0.000    3
   0.000          0.000          0.000    4
   0.000          0.000          0.000    5
   0.000          0.000          0.000    6
   0.000          0.000          0.000    7
   0.000          0.000          0.000    8
   0.000          0.000          0.000    9
   0.000          0.000          0.000   10
   0.000          0.000          0.000   11
   0.000          0.000          0.000   12
   0.000          0.000          0.000   13
   0.000          0.000          0.000   14
   0.000          0.000          0.000   15
   0.000          0.000          0.000   16
   0.000          0.000          0.000   17
   0.000          0.000          0.000   18
   0.000          0.000          0.000   19
   0.000          0.000          0.000   20
   0.000          0.000          0.000   21
   0.000          0.000          0.000   22
   0.000          0.000          0.000   23
   0.000          0.000          0.000   24
   0.000          0.000          0.000   25
   0.000          0.000          0.000   26
   0.000          0.000          0.000   27
   0.000          0.000          0.000   28
   0.000          0.000          0.000   29
   0.000          0.000          0.000   30
   0.000          0.000          0.000   31
   0.000          0.000          0.000   32
   0.000          0.000          0.000   33
   0.000          0.000          0.000   34
   0.000          0.000          0.000   35
   0.000          0.000          0.000   36
   0.000          0.000          0.000   37
   0.000          0.000          0.000   38
   0.000          0.000          0.000   39
   0.000          0.000          0.000   40
   0.000          0.000          0.000   41
   0.000          0.000          0.000   42
   0.000          0.000          0.000   43
   0.000          0.000          0.000   44
   0.000          0.000          0.000   45
   0.000          0.000          0.000   46
   0.000          0.000          0.000   47
   0.000          0.000          0.000   48
   0.000          0.000          0.000   49
   0.000          0.000          0.000   50
   0.000          0.000          0.000   51
   0.000          0.000          0.000   52
 171.772    9196275.522          0.000    3
 224.779   12255500.219          0.000    3
 188.790   10482329.152          0.000    7
 145.659    7383682.715          0.000    7
  76.240    3703893.347          0.000   11
 307.890   20120129.373          0.000   11
 262.396   15023841.592          0.000   15
 193.493   10627286.956          0.000   15
 203.824   11409644.714          0.000   19
 376.815   24443682.784          0.000   21
  65.733    3129433.191          0.000   21
 317.025   20627289.812          0.000   23
  94.771    4886174.170          0.000   26
 275.546   17425776.871          0.000   28
  97.448    4422368.638          0.000   29
 391.988   16356273.481          0.000   33
 134.793    5877218.463          0.000   35
 166.362    8438860.044          0.000   37
  68.265    3266273.597          0.000   37
 272.402   15857469.826          0.000   38
 309.274   14317403.654          0.000   42
 128.397    6254372.032          0.000   42
 300.095   15490742.445          0.000   44
  93.616    4524807.865          0.000   45
 165.210    8004009.168          0.000   49
 237.575   12062281.470          0.000  110
   0.000          0.000          0.000   79
   0.000          0.000          0.000   80
 419.015   24458787.635          0.000    3
 305.135   13656563.258          0.000    5
 136.499    6817201.244          0.000    5
 364.316   16484268.898          0.000    7
 223.392   10783805.045          0.000    7
 111.478    5322616.225          0.000   11
 273.145   13704895.758          0.000   13
 104.816    5179578.911          0.000   13
 260.943   14111701.768          0.000   15
 132.017    6350576.184          0.000   17
 385.949   17770974.911          0.000   17
 276.798   11475609.331          0.000   21
  97.385    4384581.541          0.000   21
 181.219    8775601.330          0.000   26
 161.208    7141400.665          0.000   26
 156.787    6941517.178          0.000   29
 167.160    7583985.738          0.000   29
 333.649   18185933.373          0.000   31
 121.575    5183220.111          0.000   33
 275.286   10497543.424          0.000   35
 470.411   22002862.708          0.000   37
 127.335    5843240.447          0.000   37
 272.007   15488783.367          0.000   40
 134.594    6310426.024          0.000   42
 541.715   29737636.727          0.001   42
 238.742    9794844.759          0.000   44
 158.688    7511197.193          0.000   45
 411.606   18060505.735          0.000   49
 172.832    8382814.265          0.000  139
   0.000          0.000          0.000  110
   0.000          0.000          0.000  111
 183.780    9559993.753          0.000  140
 570.271   26293552.048          0.000    5
 648.535   32125132.560          0.001    5
 455.952   18786421.142          0.000    7
 245.409    9602034.377          0.000   11
 224.865   10086903.697          0.000   13
 204.318    9270402.170          0.000   13
 566.172   23389923.760          0.000   17
 436.982   14450203.944          0.000   17
 676.965   27151310.919          0.001   21
 217.632    7397407.321          0.000   21
 565.531   27642769.967          0.001   21
 599.505   25477776.360          0.000   26
 431.854   21599379.770          0.000   26
 431.323   18064522.271          0.000   29
 504.758   22876004.743          0.000   29
 524.188   19653068.570          0.000   29
 302.271    9579855.816          0.000   33
 605.081   19418413.604          0.000   35
 524.089   19951560.237          0.000   37
 237.593    9488087.362          0.000   37
 282.132   11390027.959          0.000   42
 392.141   15786212.926          0.000   42
 396.226   14258826.427          0.000   44
 315.269   13003113.371          0.000   45
 610.116   30040852.178          0.001  139
 189.130    9308760.062          0.000  139
   0.000          0.000          0.000  139
   0.000          0.000          0.000  140
 231.527   12315545.070          0.000  140
 566.494   25190003.767          0.000    5
 469.745   17170327.876          0.000    5
 653.815   20166409.808          0.000   11
 523.000   17740358.455          0.000   11
 410.134   15287533.179          0.000   13
 431.502   17488752.019          0.000   13
 687.185   34256493.706          0.001   13
 669.122   26184992.285          0.000   13
 796.372   26177557.664          0.000   17
 662.866   16567694.361          0.000   21
 608.774   17004953.501          0.000   21
 539.253   19023490.630          0.000   26
 704.733   26787172.805          0.000   26
 397.058   14132197.481          0.000   26
 515.014   17007773.642          0.000   29
 665.794   22852058.471          0.000   29
 748.390   20789198.592          0.000   33
 546.008   14137305.937          0.000   33
 817.760   31172231.157          0.001   35
 483.717   14607062.801          0.000   37
 325.132   12278701.115          0.000   37
 420.659   15517507.913          0.000   42
 626.264   23956153.867          0.000   42
 775.465   27047312.820          0.001   44
 598.053   22792557.551          0.000   45
 608.873   26883765.102          0.001  169
 192.553   10952338.269          0.000  139
   0.000          0.000          0.000  169
   0.000          0.000          0.000  170
 188.406    9796308.103          0.000  170
 293.704   14993478.618          0.000  170
 727.189   26674305.037          0.000    5
 804.779   26894092.992          0.000   11
 841.430   28420860.398          0.001   11
 777.136   27543221.704          0.001   13
 727.851   26071285.890          0.000   13
 900.573          0.000          0.000  178
 900.430    9336456.526          0.000  210
 849.358   22292278.916          0.000   21
 665.525   14566980.629          0.000   21
 771.750   19218799.272          0.000   21
 740.533   25821352.697          0.000   26
 742.733   23260386.392          0.000   26
 827.638   29090956.420          0.001   26
 857.071   26249104.246          0.000   29
 862.076   28045635.209          0.001   33
 900.319   18246941.576          0.000  221
 900.319   11935370.151          0.000  221
 864.809   27769557.357          0.001   37
 556.231   21697535.045          0.000   37
 707.854   24791966.505          0.000   37
 679.994   23724258.814          0.000   42
 900.463   14412457.797          0.000  227
 900.463    7896387.248          0.000  227
 827.581   32116169.555          0.001  169
 638.341   21046741.671          0.000  169
 186.245    7785251.561          0.000  169
  96.831    4275397.923          0.000  169
   0.000          0.000          0.000  200
   0.000          0.000          0.000  201
 182.270    8367919.399          0.000  232
 579.688   21581590.636          0.000  232
 900.235   10962331.393          0.000  235
 816.864   27507147.816          0.001   11
 900.312    6075680.672          0.000  237
 900.400   24533699.771          0.000  274
 900.431   18707403.952          0.000  210
 900.430    5302732.833          0.000  210
 900.430          0.000          0.000  210
 892.000   30726203.035          0.001   21
 832.303   19806902.583          0.000   21
 895.633   34229291.762          0.001   21
 900.321   11959339.976          0.000  245
 900.321    6302263.202          0.000  245
 900.302   13213598.511          0.000  217
 900.302          0.000          0.000  217
 895.408   32879213.755          0.001   29
 900.256   14162671.515          0.000  248
 900.319    8130143.778          0.000  221
 900.319          0.000          0.000  221
 900.319   12184100.405          0.000  221
 900.349   12580838.460          0.000  254
 900.349   18487988.663          0.000  254
 900.353   10271581.999          0.000  256
 900.463   10685693.583          0.000  227
 900.463          0.000          0.000  227
 900.371    9658014.005          0.000  259
 555.718   19778644.022          0.000  169
 266.227   13268922.694          0.000  200
   0.000          0.000          0.000  231
   0.000          0.000          0.000  232
 367.179   19760039.559          0.000  232
 718.791   25668184.232          0.000  232
 900.235          0.000          0.000  235
 900.308   10703596.512          0.000  269
 900.312          0.000          0.000  237
 900.400   23308131.818          0.000  274
 900.400   12849457.411          0.000  274
 900.431   15861880.747          0.000  210
 900.347   10249726.790          0.000  276
 886.290   25998373.137          0.000   21
 900.272   15868654.526          0.000  310
 900.321    9171567.239          0.000  245
 900.321          0.000          0.000  245
 900.321   16738859.721          0.000  245
 900.307   10262682.211          0.000  282
 900.256          0.000          0.000  248
 900.256   10694024.181          0.000  248
 900.319   16742458.468          0.000  221
 900.349   19636134.872          0.000  254
 900.349   10729766.316          0.000  254
 900.349    4764903.584          0.000  254
 900.348          0.000          0.000  254
 900.349    7613654.157          0.000  254
 900.352          0.000          0.000  256
 900.463   13982368.524          0.000  227
 900.371   16535806.384          0.000  259
 900.371          0.000          0.000  259
 877.503   39871466.477          0.001  297
 540.725   21557193.578          0.000  297
 165.944    7824681.139          0.000  297
   0.000          0.000          0.000  263
   0.000          0.000          0.000  264
 471.545   30459375.479          0.001  264
 625.378   28969796.147          0.001  264
 744.591   27555355.138          0.001  328
 900.235   10046811.202          0.000  235
 900.308          0.000          0.000  269
 900.308    6432077.148          0.000  269
 900.312   12877997.747          0.000  237
 900.218   15948620.766          0.000  334
 900.400    4995259.650          0.000  274
 900.400          0.000          0.000  274
 900.347    7583201.661          0.000  276
 900.346          0.000          0.000  276
 900.271   16227165.590          0.000  310
 900.271    3712232.778          0.000  310
 900.321    9051778.324          0.000  245
 900.535   10839219.386          0.000  313
 900.303   12725618.353          0.000  282
 900.303          0.000          0.000  282
 900.256    8175235.637          0.000  248
 900.238    7988195.817          0.000  285
 900.237          0.000          0.000  285
 900.239   11167313.242          0.000  318
 900.349    9732498.297          0.000  254
 900.349    5799072.757          0.000  254
 900.349   15702533.353          0.000  254
 900.354    9374667.785          0.000  256
 900.353   13119014.426          0.000  256
 900.371   14369390.407          0.000  259
 900.371    7022690.184          0.000  259
 593.705   21636078.734          0.000  297
 358.565   14174405.331          0.000  297
 185.342    8540056.882          0.000  297
   0.000          0.000          0.000  297
   0.000          0.000          0.000  298
 128.305    6703669.042          0.000  264
 264.229   13465601.081          0.000  264
 498.912   17004013.902          0.000  328
 792.296   25027005.369          0.000  328
 900.308   12683867.140          0.000  269
 900.308   16417064.218          0.000  269
 900.220   12456666.667          0.000  334
 900.216    6203975.981          0.000  334
 900.401    8831990.340          0.000  274
 900.350   14043193.781          0.000  276
 900.029          0.000          0.000  309
 900.271          0.000          0.000  310
 900.535   18915304.702          0.000  313
 900.535    9294277.913          0.000  313
 900.535          0.000          0.000  313
 900.303   16003572.048          0.000  282
 900.303   11150429.717          0.000  282
 900.238   11940513.920          0.000  285
 900.238    6504929.427          0.000  285
 900.239          0.000          0.000  318
 900.332          0.000          0.000  319
 900.349   12584305.801          0.000  254
 900.325   16518239.782          0.000  382
 900.289   12063025.863          0.000  353
 900.289    5884366.937          0.000  353
 900.374   17949818.753          0.000  259
 743.468   25687335.767          0.001  388
 307.829   14426844.817          0.000  327
   0.000          0.000          0.000  327
   0.000          0.000          0.000  328
 140.548    6134947.901          0.000  328
 388.643   12645407.443          0.000  328
 798.703   23991413.231          0.000  328
 900.315    8903504.969          0.000  363
 900.341   15287729.972          0.000  365
 900.216          0.000          0.000  334
 900.411   11785215.179          0.000  367
 900.406    8590370.266          0.000  367
 900.406   17394599.974          0.000  367
 900.417          0.000          0.000  338
 900.271   13374690.507          0.000  310
 900.271    5019438.246          0.000  310
 900.271    8151387.570          0.000  310
 900.282          0.000          0.000  342
 900.538   15767787.582          0.000  313
 900.264          0.000          0.000  344
 900.337   15653106.993          0.000  407
 900.238   16466071.283          0.000  285
 900.239    4083243.799          0.000  318
 900.332    7996518.880          0.000  319
 900.320   10057986.613          0.000  381
 900.320   11815340.357          0.000  381
 900.314    5642069.681          0.000  382
 900.289    6465411.252          0.000  353
 900.289          0.000          0.000  353
 898.620   36995097.236          0.001  388
 786.332   26061749.297          0.001  388
 344.864   11398485.412          0.000  388
 273.397   14964365.973          0.000  327
   0.000          0.000          0.000  358
   0.000          0.000          0.000  359
 306.869   17219144.408          0.000  328
 579.439   25895014.738          0.000  419
 900.422   10602250.041          0.000  393
 900.315          0.000          0.000  363
 900.341    6922925.558          0.000  365
 900.341          0.000          0.000  365
 900.406    9994062.500          0.000  367
 900.406          0.000          0.000  367
 900.406    4288712.153          0.000  367
 900.400   22655314.272          0.000  428
 900.271   20087818.601          0.000  310
 900.271   12215762.545          0.000  310
 900.271   15639006.768          0.000  310
 900.271   21087409.395          0.000  310
 900.210          0.000          0.000  374
 900.238   13162533.267          0.000  405
 900.336   16216590.672          0.000  407
 900.336    6561785.629          0.000  407
 900.239   15649103.109          0.000  318
 900.239   14819185.144          0.000  318
 900.320    8898389.418          0.000  381
 900.320          0.000          0.000  381
 900.314          0.000          0.000  382
 900.289   14674512.332          0.000  353
 900.291    9802174.186          0.000  353
 886.335   28507137.620          0.001  388
 541.274   19929961.927          0.000  388
  94.944    4130163.686          0.000  388
   0.000          0.000          0.000  388
   0.000          0.000          0.000  389
 390.525   25697621.583          0.000  419
 314.185   13241162.696          0.000  419
 780.926   25531218.556          0.000  419
 900.422          0.000          0.000  393
 900.518   14012646.367          0.000  423
 900.341    7864721.620          0.000  365
 900.341    5357612.988          0.000  365
 900.406    7208813.339          0.000  367
 900.393    7455645.023          0.000  428
 900.393   12049236.794          0.000  428
 900.267    9663072.672          0.000  431
 900.262   13728661.592          0.000  403
 900.262    5318966.303          0.000  403
 900.262          0.000          0.000  403
 900.213   13069080.860          0.000  374
 900.238          0.000          0.000  405
 900.275   12355760.848          0.000  436
 900.336          0.000          0.000  407
 900.256    8793526.969          0.000  438
 900.247    9450758.753          0.000  440
 900.320   17679194.511          0.000  381
 900.320    5104813.727          0.000  381
 900.314    5024305.243          0.000  382
 900.346   17438792.799          0.000  444
 900.346    8142921.013          0.000  444
 830.549   22821747.029          0.000  388
 396.450   11226787.581          0.000  388
 326.068   16232363.022          0.000  418
   0.000          0.000          0.000  418
   0.000          0.000          0.000  419
 103.342    5080641.794          0.000  419
 327.228   11602831.791          0.000  419
 886.138   34208539.311          0.001  419
 900.518          0.000          0.000  423
 900.518    6525930.956          0.000  423
 900.341   12131427.187          0.000  365
 900.341   12396717.018          0.000  365
 900.393   13567756.586          0.000  428
 900.393          0.000          0.000  428
 900.393    6138195.622          0.000  428
 900.393   11993266.681          0.000  428
 900.267          0.000          0.000  431
 900.262   10452285.426          0.000  403
 900.434   15066712.544          0.000  465
 900.141   17737398.107          0.000  466
 900.279   17098541.668          0.000  405
 900.273          0.000          0.000  436
 900.256   10709429.782          0.000  438
 900.256          0.000          0.000  438
 900.256    6327979.737          0.000  438
 900.247          0.000          0.000  440
 900.321   13796004.594          0.000  381
 900.314   12176088.272          0.000  382
 900.312    8940984.520          0.000  473
 900.346          0.000          0.000  444
 858.409   32725693.933          0.001  388
 694.511   21270088.003          0.000  388
 626.741   28686706.065          0.001  449
 230.945   12360836.284          0.000  418
   0.000          0.000          0.000  449
   0.000          0.000          0.000  450
 274.136   15712723.124          0.000  419
 362.546   14117332.986          0.000  419
 778.824   27248625.722          0.000  419
 900.518    9480610.955          0.000  423
 900.284    6471133.647          0.000  456
 900.283          0.000          0.000  456
 900.346   23006712.657          0.000  365
 900.393   12337056.811          0.000  428
 900.393    4517950.329          0.000  428
 900.285   17384008.376          0.000  524
 900.415   25998293.005          0.000  428
 900.351   20364117.207          0.000  528
 900.351   11011199.360          0.000  528
 900.437   11337374.511          0.000  465
 900.434          0.000          0.000  465
 900.125          0.000          0.000  466
 900.081          0.000          0.000  467
 900.367   11315125.737          0.000  500
 900.256    6889412.610          0.000  438
 900.145   20483069.805          0.000  535
 900.145   13548827.053          0.000  535
 900.447   16975346.255          0.000  537
 900.312          0.000          0.000  473
 900.312   14124240.025          0.000  473
 900.346    6400195.498          0.000  444
 900.346   14810170.015          0.000  444
 638.681   23898770.374          0.000  449
 429.090   16443022.408          0.000  449
 113.791    5284793.727          0.000  449
   0.000          0.000          0.000  480
   0.000          0.000          0.000  481
 213.081   11986236.827          0.000  481
 455.436   24859871.893          0.000  481
 811.249   34540358.181          0.001  419
 900.452          0.000          0.000  485
 900.458   17972775.395          0.000  485
 900.284   15856198.829          0.000  456
 900.283    7777984.362          0.000  456
 900.393   21154818.223          0.000  428
 900.393   13481166.093          0.000  428
 900.283   13975706.333          0.000  524
 900.283    5549528.558          0.000  524
 900.284   14293781.981          0.000  524
 900.351   20147330.130          0.000  528
 900.351    4890051.120          0.000  528
 900.434    9680806.075          0.000  465
 900.244          0.000          0.000  497
 900.326   17752333.788          0.000  531
 900.326   12750216.813          0.000  531
 900.360          0.000          0.000  500
 900.371   10194196.913          0.000  502
 900.371          0.000          0.000  502
 900.144    2616499.440          0.000  535
 900.145    6986957.387          0.000  535
 900.147   17857425.172          0.000  535
 900.447    7469629.293          0.000  537
 900.312    8631068.022          0.000  473
 900.346   11809849.866          0.000  444
 900.346   28820539.502          0.001  444
 571.998   18783386.944          0.000  574
 214.196   11548007.429          0.000  480
   0.000          0.000          0.000  512
   0.000          0.000          0.000  513
 176.252    7844550.639          0.000  513
 487.770   17024510.622          0.000  513
 822.755   26410958.158          0.000  513
 900.452    5558335.398          0.000  485
 900.474    9857178.886          0.000  519
 900.474          0.000          0.000  519
 900.342   15588603.097          0.000  551
 900.559    7696015.665          0.000  522
 900.559          0.000          0.000  522
 900.285   16357341.434          0.000  524
 900.283          0.000          0.000  524
 900.283    5330412.543          0.000  524
 900.465   20525828.158          0.000  587
 900.351    7613507.212          0.000  528
 900.351          0.000          0.000  528
 900.244    8033719.110          0.000  497
 900.325    8793863.998          0.000  531
 900.325          0.000          0.000  531
 900.260   16087642.057          0.000  564
 900.259   10162964.292          0.000  564
 900.372   10440081.893          0.000  502
 900.144          0.000          0.000  535
 900.135   21815613.330          0.000  596
 900.446          0.000          0.000  537
 900.447    4512198.953          0.000  537
 900.305    7236599.387          0.000  570
 900.295    6885789.262          0.000  571
 615.697   17849242.498          0.000  574
 326.325   11223678.788          0.000  574
 127.918    5760636.605          0.000  574
   0.000          0.000          0.000  544
   0.000          0.000          0.000  545
 154.953    8139248.219          0.000  545
 559.598   24734743.573          0.000  545
 890.287   35740286.768          0.001  513
 900.275    7022053.071          0.000  579
 900.474    9029619.897          0.000  519
 900.341          0.000          0.000  551
 900.342    7838074.787          0.000  551
 900.192    6303115.191          0.000  582
 900.559   10744320.300          0.000  522
 900.361    6777412.961          0.000  584
 900.283    6128841.388          0.000  524
 900.283    6694036.882          0.000  524
 900.460    8449570.750          0.000  587
 900.351    8471210.859          0.000  528
 900.389    8200048.928          0.000  589
 900.257    9090209.569          0.000  590
 900.325   12273880.175          0.000  531
 900.325   11658373.761          0.000  531
 900.259          0.000          0.000  564
 900.259    4551319.078          0.000  564
 900.095    6627800.110          0.000  594
 900.132    7678043.385          0.000  596
 900.449   12256044.592          0.000  537
 900.309   11707011.862          0.000  570
 900.305          0.000          0.000  570
 900.295          0.000          0.000  571
 673.622   19031245.710          0.000  574
 334.938   16326497.598          0.000  574
   0.000          0.000          0.000  574
   0.000          0.000          0.000  575
 356.223   20958664.009          0.000  575
 300.486   15005996.782          0.000  545
 605.943   23626240.110          0.000  635
 900.274          0.000          0.000  579
 900.275   16812249.407          0.000  579
 900.342    5658298.107          0.000  551
 900.191          0.000          0.000  582
 900.361    7214343.378          0.000  584
 900.361          0.000          0.000  584
 900.285   16700924.035          0.000  524
 900.283   14465553.202          0.000  524
 900.460          0.000          0.000  587
 900.353   16720098.967          0.000  528
 900.389          0.000          0.000  589
 900.255          0.000          0.000  590
 900.225          0.000          0.000  591
 900.266   13670261.074          0.000  564
 900.354   19603226.326          0.000  657
 900.095          0.000          0.000  594
 900.132    6512963.750          0.000  596
 900.131          0.000          0.000  596
 900.319   10046297.006          0.000  628
 900.213    8818328.053          0.000  629
 899.141   37599112.751          0.001  696
 879.037   27385964.684          0.001  696
 540.999   23916478.116          0.000  574
 147.746    7109866.189          0.000  574
   0.000          0.000          0.000  603
   0.000          0.000          0.000  604
 435.953   30003955.695          0.001  604
 198.247    9552886.992          0.000  635
 683.716   28191179.378          0.001  635
 900.275   20208746.535          0.000  579
 900.275   14069201.854          0.000  579
 900.317   20954348.136          0.000  671
 900.342   14985263.444          0.000  551
 900.192    8823789.810          0.000  582
 900.361   14997887.521          0.000  584
 900.363   11011572.382          0.000  584
 900.321   14826621.634          0.000  677
 900.460    7190364.281          0.000  587
 900.327   19242865.894          0.000  651
 900.322    8857597.515          0.000  651
 900.256   13674555.820          0.000  590
 900.256    5255542.951          0.000  590
 900.434   10658349.772          0.000  653
 900.327    8177407.330          0.000  655
 900.127          0.000          0.000  623
 900.346    8689002.313          0.000  657
 900.346    6922650.229          0.000  657
 900.132   12441402.736          0.000  596
 900.319    2408077.497          0.000  628
 900.319          0.000          0.000  628
 900.213          0.000          0.000  629
 900.267   14203421.234          0.000  662
 531.179   15663995.589          0.000  696
 621.905   34875867.339          0.001  634
 264.171   13566745.277          0.000  634
   0.000          0.000          0.000  634
   0.000          0.000          0.000  635
 105.572    5381534.216          0.000  635
 195.788    9224891.422          0.000  635
 510.348   18075068.012          0.000  635
 834.551   26799422.237          0.000  635
 900.317   10057648.037          0.000  671
 900.197          0.000          0.000  641
 900.162          0.000          0.000  642
 900.259          0.000          0.000  643
 900.259   10478143.111          0.000  643
 900.322   14171730.030          0.000  677
 900.321    3726944.564          0.000  677
 900.321    7596104.021          0.000  677
 900.541    8769784.701          0.000  649
 900.541          0.000          0.000  649
 900.322   11653611.207          0.000  651
 900.322          0.000          0.000  651
 900.256   15559358.661          0.000  590
 900.431          0.000          0.000  653
 900.327    5992760.652          0.000  655
 900.327          0.000          0.000  655
 900.346    8047665.538          0.000  657
 900.346          0.000          0.000  657
 900.346   18486045.548          0.000  657
 900.319    8302583.143          0.000  628
 900.322    9315071.590          0.000  628
 900.319    8370660.386          0.000  628
 900.267          0.000          0.000  662
 900.208          0.000          0.000  663
 306.083   10460890.375          0.000  696
 248.576   13114114.399          0.000  634
   0.000          0.000          0.000  666
   0.000          0.000          0.000  667
 205.592   11960297.424          0.000  697
 418.939   17186633.192          0.000  635
 800.429   31012109.397          0.001  635
 900.316          0.000          0.000  671
 900.316    8950309.057          0.000  671
 900.388   15938172.125          0.000  704
 900.288   16814209.160          0.000  643
 900.343          0.000          0.000  675
 900.321   12509753.906          0.000  677
 900.321          0.000          0.000  677
 900.321   11104421.169          0.000  677
 900.517   12700699.235          0.000  709
 900.310          0.000          0.000  680
 900.310   10194015.243          0.000  680
 900.410   17465053.349          0.000  713
 900.410    6527285.915          0.000  713
 900.431    9603812.395          0.000  653
 900.431    5334882.762          0.000  653
 900.327    6251268.167          0.000  655
 900.346   15911957.707          0.000  657
 900.346    8728833.760          0.000  657
 900.319   14195384.965          0.000  628
 900.319   19076662.761          0.000  628
 900.320   16404278.628          0.000  628
 900.269    9094660.906          0.000  662
 865.402   26011234.291          0.001  696
 323.181   10394855.819          0.000  696
  67.274    2915111.124          0.000  696
   0.000          0.000          0.000  696
   0.000          0.000          0.000  697
 195.010   10256463.820          0.000  697
 361.912   17135339.888          0.000  697
 714.555   30982906.259          0.001  758
 900.317   17860645.875          0.000  671
 900.319   19741264.394          0.000  671
 900.385    4145228.718          0.000  704
 900.385          0.000          0.000  704
 900.343    8223690.248          0.000  675
 900.163          0.000          0.000  706
 900.161    8578378.559          0.000  738
 900.517    5569947.691          0.000  709
 900.517          0.000          0.000  709
 900.310    6738284.718          0.000  680
 900.410   13880475.100          0.000  713
 900.410    6346632.850          0.000  713
 900.410          0.000          0.000  713
 900.431   12905003.643          0.000  653
 900.328   14251382.352          0.000  655
 900.339   19968301.778          0.000  776
 900.338   12101907.952          0.000  776
 900.338   10451400.450          0.000  776
 900.319   24087962.199          0.000  628
 900.393    9899178.355          0.000  749
 900.335   13121332.435          0.000  750
 900.402   20802292.617          0.000  752
 900.401   10695392.092          0.000  752
 522.011   14684621.976          0.000  696
 414.559   16139421.011          0.000  696
 271.353   14956591.646          0.000  696
   0.000          0.000          0.000  727
   0.000          0.000          0.000  728
 371.321   23742691.496          0.000  697
 427.812   17026448.924          0.000  758
 590.557   19145097.061          0.000  758
 862.283   28253807.512          0.000  758
 900.403   24302549.877          0.000  824
 900.331          0.000          0.000  734
 900.389   11914742.991          0.000  704
 900.315   13863946.814          0.000  766
 900.163    7690966.396          0.000  706
 900.161          0.000          0.000  738
 900.517   15667299.928          0.000  709
 900.517    5833165.069          0.000  709
 900.317          0.000          0.000  741
 900.411   16897497.801          0.000  713
 900.410    7631191.764          0.000  713
 900.313    7399457.563          0.000  773
 900.366   17943602.443          0.000  775
 900.365    8032473.200          0.000  775
 900.338    3316831.898          0.000  776
 900.339   19463540.960          0.000  776
 900.393          0.000          0.000  749
 900.335          0.000          0.000  750
 900.085          0.000          0.000  751
 900.401          0.000          0.000  752
 888.584   32678628.145          0.001  696
 795.523   36261442.792          0.001  786
 614.180   23726336.365          0.000  786
 108.217    5291023.484          0.000  786
   0.000          0.000          0.000  757
   0.000          0.000          0.000  758
 104.976    4920952.927          0.000  758
 272.498    9938561.156          0.000  758
 597.311   16666706.537          0.000  758
 778.426   22268058.037          0.000  758
 900.403   13723040.200          0.000  824
 900.331   10938812.456          0.000  734
 900.230          0.000          0.000  765
 900.315          0.000          0.000  766
 900.420    6569785.179          0.000  797
 900.420   15076749.789          0.000  797
 900.517   14599372.482          0.000  709
 900.318    8958502.519          0.000  741
 900.446   12213947.074          0.000  803
 900.243          0.000          0.000  772
 900.313          0.000          0.000  773
 900.365   10684431.374          0.000  775
 900.365          0.000          0.000  775
 900.338          0.000          0.000  776
 900.414    7572877.468          0.000  809
 900.393   11731528.611          0.000  749
 900.341   10728796.722          0.000  750
 900.085    7075343.073          0.000  751
 900.401    8429876.346          0.000  752
 900.401   13107541.111          0.000  752
 858.732   32791938.190          0.001  786
 574.472   22408867.345          0.000  786
 273.689   11628269.583          0.000  786
   0.000          0.000          0.000  786
   0.000          0.000          0.000  787
 169.103    9145371.075          0.000  787
 509.345   24805358.142          0.000  787
 793.689   22585057.955          0.000  758
 900.413   20703391.545          0.000  824
 900.403    5643437.945          0.000  824
 900.347   11913488.629          0.000  825
 900.344   11808192.778          0.000  825
 900.315    5385165.428          0.000  766
 900.420   15868410.637          0.000  797
 900.420          0.000          0.000  797
 900.420    7146394.752          0.000  797
 900.525          0.000          0.000  799
 900.371   10774754.992          0.000  864
 900.443   18494653.218          0.000  803
 900.442    7874073.756          0.000  803
 900.442          0.000          0.000  803
 900.442    6513863.639          0.000  803
 900.225   13052379.439          0.000  837
 900.365    9972983.380          0.000  775
 900.182   11508487.627          0.000  839
 900.414    7755394.833          0.000  809
 900.414          0.000          0.000  809
 900.414    9262512.947          0.000  809
 900.404    6535285.118          0.000  842
 900.319   17653454.080          0.000  844
 900.317    6168170.779          0.000  844
 900.401   18136366.173          0.000  752
 811.824   28756336.558          0.001  913
 505.486   17290681.175          0.000  786
 149.009    6232554.587          0.000  786
   0.000          0.000          0.000  818
   0.000          0.000          0.000  819
 393.885   23973444.308          0.000  787
 451.056   20346584.907          0.000  787
 646.420   21799888.777          0.000  881
 885.033   34967156.292          0.001  758
 900.403          0.000          0.000  824
 900.344          0.000          0.000  825
 900.344    3085478.803          0.000  825
 900.344    7453932.458          0.000  825
 900.326          0.000          0.000  828
 900.326    3686878.387          0.000  828
 900.420    6576903.508          0.000  797
 900.525    7486804.441          0.000  799
 900.371   13928321.523          0.000  864
 900.371    4504682.131          0.000  864
 900.442    8390643.453          0.000  803
 900.443   11489950.330          0.000  803
 900.225   10115951.032          0.000  837
 900.225          0.000          0.000  837
 900.182   22046246.772          0.000  839
 900.181          0.000          0.000  839
 900.414   11284704.642          0.000  809
 900.405    6650474.683          0.000  842
 900.404          0.000          0.000  842
 900.317   10636175.030          0.000  844
 900.317          0.000          0.000  844
 815.533   29438074.375          0.001  913
 612.154   18898095.456          0.000  913
 598.103   28249066.873          0.001  818
 158.780    7826871.588          0.000  818
   0.000          0.000          0.000  849
   0.000          0.000          0.000  850
 180.522   10381712.154          0.000  819
 346.807   21115703.964          0.000  819
 347.092   12342936.690          0.000  881
 887.193   36224809.696          0.001  881
 900.511          0.000          0.000  855
 900.403    5885873.490          0.000  824
 900.344    4872894.638          0.000  825
 900.302   16561530.266          0.000  888
 900.344   12033240.091          0.000  825
 900.335   15221446.570          0.000  828
 900.516    6810223.061          0.000  892
 900.425   11310561.693          0.000  927
 900.371    8406682.784          0.000  864
 900.371          0.000          0.000  864
 900.455   23368633.582          0.000  803
 900.276   17163945.319          0.000  931
 900.332    7540705.655          0.000  868
 900.332          0.000          0.000  868
 900.233   10852722.269          0.000  837
 900.259          0.000          0.000  870
 900.340   12816099.020          0.000  903
 900.340    6943679.816          0.000  903
 900.405   12837385.481          0.000  842
 900.411   13434433.240          0.000  842
 900.355   15217282.502          0.000  844
 900.371          0.000          0.000  876
 691.855   20101145.753          0.000  913
 229.341    8977278.569          0.000  913
 362.756   23411765.307          0.000  913
   0.000          0.000          0.000  880
   0.000          0.000          0.000  881
 123.592    5754791.606          0.000  881
 603.816   21862328.909          0.000  881
 736.893   22648562.010          0.000  881
 900.515   12542081.754          0.000  855
 900.403   16390054.411          0.000  824
 900.309   19430439.025          0.000  888
 900.302          0.000          0.000  888
 900.345   21112796.860          0.000  825
 900.520   12625503.280          0.000  924
 900.516    7360834.232          0.000  892
 900.516          0.000          0.000  892
 900.425   13657383.062          0.000  927
 900.424    5407005.523          0.000  927
 900.424   10133000.060          0.000  927
 900.371    6065320.378          0.000  864
 900.357   14270319.456          0.000  929
 900.273    7802271.604          0.000  931
 900.280   19918456.027          0.000  931
 900.362          0.000          0.000  900
 900.259    4694814.606          0.000  870
 900.340    5264149.698          0.000  903
 900.340          0.000          0.000  903
 900.340    5165954.166          0.000  903
 900.340   13988791.141          0.000  903
 900.330    9028723.520          0.000  907
 900.330          0.000          0.000  907
 900.373   11305059.690          0.000  876
 762.204   20266331.088          0.000  913
 250.062    9243011.793          0.000  913
 152.130    6430976.315          0.000  913
  81.244    3753231.147          0.000  913
   0.000          0.000          0.000  913
   0.000          0.000          0.000  914
  69.510    3538558.182          0.000  947
 304.114   11734283.496          0.000  947
 845.604   31039969.034          0.001  947
 900.476   12862048.337          0.000  919
 900.473          0.000          0.000  919
 900.303   15687098.895          0.000  888
 900.302    7106181.528          0.000  888
 900.302    6086769.295          0.000  888
 900.345   28978917.000          0.001  825
 900.520          0.000          0.000  924
 900.518   17643296.695          0.000  892
 900.425   22038260.690          0.000  927
 900.424          0.000          0.000  927
 900.357    8625864.045          0.000  929
 900.357          0.000          0.000  929
 900.357    4759418.569          0.000  929
 900.273          0.000          0.000  931
 900.273    6714931.647          0.000  931
 900.324          0.000          0.000  933
 900.324    9010213.748          0.000  933
 900.261   14635201.861          0.000  870
 900.340   13443261.989          0.000  903
 900.344   15528384.123          0.000  903
 900.340   14385515.710          0.000  903
 900.283   15064105.010          0.000  969
 900.282    7296760.882          0.000  969
 894.714   33721240.179          0.001  913
 868.457   26766686.809          0.001  913
 614.926   20418431.742          0.000  913
 381.216   13457430.941          0.000  913
 197.124    9533643.993          0.000  946
   0.000          0.000          0.000  946
   0.000          0.000          0.000  947
 207.488   10480005.049          0.000  947
 726.815   24918340.388          0.000  947
 851.111   29064691.507          0.001 1006
 900.473   13051565.825          0.000  919
 900.288          0.000          0.000  952
 900.367   13275835.314          0.000 1013
 900.420   19756928.047          0.000 1015
 900.520   10509979.340          0.000  924
 900.425   20176133.013          0.000  927
 900.425    8832406.241          0.000  927
 900.424    3792540.412          0.000  927
 900.436   11941492.783          0.000  927
 900.269   10017515.790          0.000  991
 900.271   16843965.145          0.000  991
 900.273   11667931.947          0.000  931
 900.426   17597494.694          0.000 1087
 900.429   19975439.656          0.000 1087
 900.426   27154315.065          0.001 1087
 900.185          0.000          0.000  966
 900.185    8517234.052          0.000  966
 900.367   17427220.188          0.000 1030
 900.282          0.000          0.000  969
 900.154   15363291.079          0.000 1031
 702.737   26348054.776          0.001  913
 523.259   22368247.807          0.000  946
 272.204   14713019.432          0.000  946
   0.000          0.000          0.000  974
   0.000          0.000          0.000  975
 190.840   10740346.285          0.000 1006
 515.490   24331760.824          0.000  947
 812.638   34560343.263          0.001 1006
 755.224   22806421.714          0.000 1006
 900.203    8361948.860          0.000 1011
 900.288    8424510.545          0.000  952
 900.367    6305574.142          0.000 1013
 900.420   17367847.870          0.000 1015
 900.420    7072201.663          0.000 1015
 900.280    4584447.466          0.000 1016
 900.428   20321306.278          0.000  927
 900.425    9342196.645          0.000  927
 900.186    9341580.481          0.000  989
 900.185          0.000          0.000  989
 900.269    7146922.033          0.000  991
 900.269          0.000          0.000  991
 900.269    6869653.615          0.000  991
 900.356   10223920.681          0.000 1023
 900.425   11891268.283          0.000 1087
 900.425    9902629.341          0.000 1087
 900.426   18062966.479          0.000 1087
 900.477          0.000          0.000  997
 900.185    7528079.417          0.000  966
 900.362   17631197.565          0.000 1030
 900.362    5056918.737          0.000 1030
 900.154    5655966.969          0.000 1031
 900.346   21927217.369          0.000 1063
 595.637   21312857.642          0.000 1005
 230.215    9711147.468          0.000 1005
   0.000          0.000          0.000 1005
   0.000          0.000          0.000 1006
 171.261    8050046.207          0.000 1006
 376.953   14915780.368          0.000 1006
 769.051   29394885.146          0.001 1006
 587.891   17781771.573          0.000 1006
 900.203          0.000          0.000 1011
 900.294   19491257.508          0.000  952
 900.367          0.000          0.000 1013
 900.420   10344891.080          0.000 1015
 900.420          0.000          0.000 1015
 900.280          0.000          0.000 1016
 900.426   27690656.337          0.000  927
 900.425   18194822.592          0.000  927
 900.367    8066770.105          0.000 1050
 900.272   18143732.665          0.000  991
 900.269   13258051.778          0.000  991
 900.356    9700181.993          0.000 1023
 900.356          0.000          0.000 1023
 900.426   21045480.017          0.000 1087
 900.425    4899447.069          0.000 1087
 900.425   14929155.730          0.000 1087
 900.477    7442422.989          0.000  997
 900.145          0.000          0.000 1028
 900.188   22311064.109          0.000  966
 900.362          0.000          0.000 1030
 900.154          0.000          0.000 1031
 900.342    7003066.371          0.000 1063
 569.912   22870480.902          0.000 1035
 197.456    9220999.287          0.000 1035
   0.000          0.000          0.000 1035
   0.000          0.000          0.000 1036
  54.839    2869342.164          0.000 1006
 161.004    7402031.729          0.000 1006
 236.729    9753212.421          0.000 1006
 816.105   42651372.063          0.001 1006
 819.079   28946208.233          0.001 1006
 900.317   11082558.582          0.000 1073
 900.139          0.000          0.000 1043
 900.139   11168776.147          0.000 1043
 900.285          0.000          0.000 1045
 900.421   12807017.524          0.000 1015
 900.361   15559784.603          0.000 1110
 900.361   10557139.983          0.000 1110
 900.367    8205505.564          0.000 1050
 900.367          0.000          0.000 1050
 900.336   25411938.717          0.000 1115
 900.156          0.000          0.000 1052
 900.356    6096118.256          0.000 1023
 900.429   13695050.973          0.000 1087
 900.425    2731808.202          0.000 1087
 900.425    5896745.459          0.000 1087
 900.195   12256062.971          0.000 1089
 900.286   16585612.634          0.000 1060
 900.285    8652506.780          0.000 1060
 900.285          0.000          0.000 1060
 900.362   15318515.638          0.000 1030
 900.342    8154882.448          0.000 1063
 900.342          0.000          0.000 1063
 900.343   21842820.018          0.000 1063
 704.707   33353337.878          0.001 1067
 272.726   12796461.894          0.000 1067
   0.000          0.000          0.000 1067
   0.000          0.000          0.000 1068
 274.033   16404112.316          0.000 1068
 488.670   16390644.678          0.000 1006
 724.373   24786031.391          0.000 1006
 900.317    6264496.094          0.000 1073
 900.317          0.000          0.000 1073
 900.139    6321261.152          0.000 1043
 900.139    4870917.071          0.000 1043
 900.244   19430668.096          0.000 1138
 900.320   20521487.309          0.000 1169
 900.362   26425399.385          0.000 1110
 900.361   17742112.743          0.000 1110
 900.361    5006212.573          0.000 1110
 900.367    7386405.116          0.000 1050
 900.328   12413385.965          0.000 1115
 900.328    7676107.139          0.000 1115
 900.358   14833376.402          0.000 1023
 900.329   10125890.742          0.000 1117
 900.425   10196900.791          0.000 1087
 900.425          0.000          0.000 1087
 900.448   23370476.648          0.000 1087
 900.191          0.000          0.000 1089
 900.270    9029961.316          0.000 1122
 900.212          0.000          0.000 1091
 900.343   21867421.514          0.000 1063
 900.343   10206367.981          0.000 1063
 602.339   22392672.235          0.000 1129
 420.313   21631068.958          0.000 1129
 157.873    7219502.633          0.000 1129
  75.088    3640471.824          0.000 1129
   0.000          0.000          0.000 1098
   0.000          0.000          0.000 1099
 286.423   16685497.893          0.000 1099
 665.281   26691849.753          0.000 1099
 900.403   11806671.732          0.000 1134
 900.317   23909594.684          0.000 1073
 900.317    6511710.508          0.000 1073
 900.139   11340437.245          0.000 1043
 900.244    4956340.927          0.000 1138
 900.211    9731380.192          0.000 1139
 900.319   11585382.858          0.000 1169
 900.361    5395883.449          0.000 1110
 900.361          0.000          0.000 1110
 900.485   11774259.679          0.000 1143
 900.328   20544476.920          0.000 1115
 900.328   12057883.533          0.000 1115
 900.328    4928304.889          0.000 1115
 900.328          0.000          0.000 1115
 900.337   12308970.082          0.000 1117
 900.329          0.000          0.000 1117
 900.425   15749684.551          0.000 1087
 900.129          0.000          0.000 1119
 900.282          0.000          0.000 1120
 900.270   10930095.293          0.000 1122
 900.270          0.000          0.000 1122
 900.212    5927538.687          0.000 1091
 900.328   17148249.501          0.000 1125
 900.327          0.000          0.000 1125
 758.254   28941354.163          0.001 1129
 261.364   11204801.385          0.000 1129
 311.369   16502580.319          0.000 1129
   0.000          0.000          0.000 1129
   0.000          0.000          0.000 1130
 133.162    6353963.870          0.000 1099
 668.384   33005835.420          0.001 1099
 879.899   34253435.340          0.001 1099
 900.403          0.000          0.000 1134
 900.317   17810116.876          0.000 1073
 900.122   13666508.350          0.000 1166
 900.139   22312764.621          0.000 1043
 900.243          0.000          0.000 1138
 900.210          0.000          0.000 1139
 900.319    6211034.840          0.000 1169
 900.361    8000622.870          0.000 1110
 900.187   11466291.457          0.000 1171
 900.485          0.000          0.000 1143
 900.276   11068438.290          0.000 1173
 900.328   16453589.672          0.000 1115
 900.331   12314288.174          0.000 1115
 900.329   12123446.593          0.000 1117
 900.147          0.000          0.000 1148
 900.131    9851789.417          0.000 1119
 900.283    8291672.166          0.000 1120
 900.273   18255632.225          0.000 1122
 900.270    7079191.909          0.000 1122
 900.398   12027164.295          0.000 1184
 900.327    5380207.242          0.000 1125
 900.327   11975999.310          0.000 1125
 791.841   30375233.531          0.001 1129
 398.319   16026814.356          0.000 1129
 255.448   12844571.959          0.000 1190
   0.000          0.000          0.000 1159
   0.000          0.000          0.000 1160
 209.568    9316399.384          0.000 1099
 545.787   18337456.652          0.000 1099
 900.403    6691011.876          0.000 1134
 900.296    8735415.447          0.000 1165
 900.296          0.000          0.000 1165
 900.112          0.000          0.000 1166
 900.244    7634316.315          0.000 1138
 900.320   10494453.138          0.000 1169
 900.319          0.000          0.000 1169
 900.361   24413720.178          0.000 1110
 900.182          0.000          0.000 1171
 900.282   11943511.915          0.000 1173
 900.276          0.000          0.000 1173
 900.213   11598305.484          0.000 1175
 900.213          0.000          0.000 1175
 900.235   15268739.098          0.000 1178
 900.231    4500483.385          0.000 1178
 900.231          0.000          0.000 1178
 900.203   12388997.213          0.000 1180
 900.202          0.000          0.000 1180
 900.341    9920958.078          0.000 1182
 900.341          0.000          0.000 1182
 900.398   12450968.678          0.000 1184
 900.398          0.000          0.000 1184
 900.598   12391434.114          0.000 1216
 900.328   18815202.607          0.000 1125
 868.204   26977724.768          0.001 1222
 607.410   27427129.880          0.001 1190
 188.124    9077096.958          0.000 1190
   0.000          0.000          0.000 1190
   0.000          0.000          0.000 1191
 141.021    7941035.161          0.000 1223
 580.885   34474091.079          0.001 1223
 722.218   35448037.186          0.001 1286
 878.572   30818128.680          0.001 1099
 900.357   15977188.515          0.000 1258
 900.296    8709678.237          0.000 1165
 900.296    7839082.820          0.000 1165
 900.239    7792496.253          0.000 1200
 900.239          0.000          0.000 1200
 900.122    9770868.723          0.000 1232
 900.220   22106758.101          0.000 1265
 900.220   14501856.068          0.000 1265
 900.188   12824792.915          0.000 1171
 900.182    6859282.750          0.000 1171
 900.276    6874230.362          0.000 1173
 900.213   13886794.645          0.000 1175
 900.215    9868481.550          0.000 1175
 900.232   12795988.142          0.000 1178
 900.282   10931421.529          0.000 1242
 900.202    6751300.166          0.000 1180
 900.119   14413339.135          0.000 1275
 900.341    7640521.003          0.000 1182
 900.398   15750923.669          0.000 1184
 900.398   12441424.842          0.000 1184
 900.595          0.000          0.000 1216
 897.649   32940467.722          0.001 1222
 860.329   21710488.957          0.000 1222
 474.806   12214256.783          0.000 1222
 380.756   22029627.883          0.000 1222
 339.013   17738926.642          0.000 1190
   0.000          0.000          0.000 1222
   0.000          0.000          0.000 1223
 204.566    9131883.425          0.000 1286
 625.876   25171978.329          0.000 1286
 900.357    9583674.698          0.000 1258
 900.357    9616258.354          0.000 1258
 900.333    7050595.416          0.000 1260
 900.307   25358137.548          0.000 1165
 900.239   14301437.266          0.000 1200
 900.239    7455186.819          0.000 1200
 900.121          0.000          0.000 1232
 900.220   11486036.049          0.000 1265
 900.220    6523366.861          0.000 1265
 900.202   10834460.292          0.000 1267
 900.183   19452235.678          0.000 1171
 900.165    8933041.109          0.000 1269
 900.371   11021578.226          0.000 1239
 900.371          0.000          0.000 1239
 900.371    8592874.369          0.000 1239
 900.371   14222684.597          0.000 1239
 900.281          0.000          0.000 1242
 900.299   19067612.998          0.000 1337
 900.119    6581158.920          0.000 1275
 900.343   19855358.140          0.000 1182
 900.288          0.000          0.000 1246
 900.301   21605777.981          0.000 1246
 900.198   48180309.475          0.001 1222
 897.714   33474860.052          0.001 1222
 597.909   23939470.237          0.000 1222
 132.421    5532163.341          0.000 1222
  68.626    3026202.466          0.000 1222
   0.000          0.000          0.000 1253
   0.000          0.000          0.000 1254
  90.584    4457393.869          0.000 1286
 322.164   17142765.896          0.000 1286
 555.458   19130928.788          0.000 1286
 900.357          0.000          0.000 1258
 900.333    5407070.653          0.000 1260
 900.333          0.000          0.000 1260
 900.422    8664081.086          0.000 1292
 900.230   23934374.991          0.000 1326
 900.230   12192788.333          0.000 1326
 900.220    7881475.186          0.000 1265
 900.220          0.000          0.000 1265
 900.483   17995502.576          0.000 1330
 900.202          0.000          0.000 1267
 900.166   12516656.453          0.000 1269
 900.165          0.000          0.000 1269
 900.372   14474513.781          0.000 1239
 900.371    6509002.432          0.000 1239
 900.371   20025871.971          0.000 1239
 900.281    7692274.473          0.000 1242
 900.299   10484288.642          0.000 1337
 900.119          0.000          0.000 1275
 900.287   12018760.332          0.000 1308
 900.288    4057108.218          0.000 1246
 900.288    8102251.556          0.000 1246
 900.288   20438991.179          0.000 1246
 900.514          0.000          0.000 1280
 631.549   19228584.253          0.000 1222
 398.026   13663360.242          0.000 1222
 285.079   10740133.206          0.000 1222
 269.133   14012082.360          0.000 1253
   0.000          0.000          0.000 1285
   0.000          0.000          0.000 1286
 166.175    8836599.075          0.000 1286
 761.031   38330972.647          0.001 1286
 880.428   29353088.435          0.001 1286
 900.442          0.000          0.000 1290
 900.333   14203442.366          0.000 1355
 900.422          0.000          0.000 1292
 900.230   11707885.942          0.000 1326
 900.230    6048409.195          0.000 1326
 900.220   17678093.146          0.000 1265
 900.481   15564064.130          0.000 1330
 900.481    6652739.359          0.000 1330
 900.202    7195507.306          0.000 1267
 900.165    9755145.401          0.000 1269
 900.410   21508384.753          0.000 1334
 900.410   11527403.094          0.000 1334
 900.414   11379589.853          0.000 1334
 900.336          0.000          0.000 1303
 900.299   10285081.669          0.000 1337
 900.299    3028923.405          0.000 1337
 900.147   20061385.996          0.000 1275
 900.287   12895385.764          0.000 1308
 900.287          0.000          0.000 1308
 900.287    6630792.107          0.000 1308
 900.288   16631144.505          0.000 1246
 900.423   18854454.320          0.000 1341
 835.819   38475199.915          0.001 1222
 602.594   19624409.611          0.000 1222
 457.462   18187750.666          0.000 1316
 179.166    8155335.577          0.000 1316
   0.000          0.000          0.000 1316
   0.000          0.000          0.000 1317
 229.432   14236565.610          0.000 1286
 474.082   24398999.929          0.000 1380
 595.967   22288372.216          0.000 1380
 900.442   10274812.949          0.000 1290
 900.333   12366915.452          0.000 1355
 900.333    4567124.499          0.000 1355
 900.296   20315331.183          0.000 1388
 900.230   10912023.208          0.000 1326
 900.230          0.000          0.000 1326
 900.230    7687001.987          0.000 1326
 900.445   14575031.252          0.000 1360
 900.481   12973494.596          0.000 1330
 900.481          0.000          0.000 1330
 900.309    7242552.677          0.000 1362
 900.290   11148407.460          0.000 1364
 900.410    8518732.038          0.000 1334
 900.410          0.000          0.000 1334
 900.501   17220074.911          0.000 1366
 900.336    9070406.850          0.000 1303
 900.299          0.000          0.000 1337
 900.320   15806998.318          0.000 1401
 900.287    6958646.136          0.000 1308
 900.416    7018155.682          0.000 1341
 900.415          0.000          0.000 1341
 900.415    5894125.130          0.000 1341
 900.416   14762940.131          0.000 1341
 900.398          0.000          0.000 1344
 772.486   27238644.161          0.001 1222
 461.392   17082201.263          0.000 1316
 142.756    7172622.113          0.000 1379
   0.000          0.000          0.000 1348
   0.000          0.000          0.000 1349
 113.822    5766222.956          0.000 1380
 550.736   23645932.179          0.000 1380
 799.785   30610954.655          0.001 1380
 900.333   14263062.600          0.000 1355
 900.333    7731252.483          0.000 1355
 900.333          0.000          0.000 1355
 900.292   10419788.564          0.000 1388
 900.292   12010657.479          0.000 1388
 900.230   11777145.172          0.000 1326
 900.444    5663047.842          0.000 1360
 900.444          0.000          0.000 1360
 900.481    8545276.871          0.000 1330
 900.309          0.000          0.000 1362
 900.287    9913071.789          0.000 1364
 900.287          0.000          0.000 1364
 900.303   30964826.887          0.001 1364
 900.494          0.000          0.000 1366
 900.300   20946882.247          0.000 1337
 900.299   11001875.969          0.000 1337
 900.299    5292001.729          0.000 1337
 900.320   14422179.705          0.000 1401
 900.320    6762574.247          0.000 1401
 900.168          0.000          0.000 1372
 900.435   11817557.379          0.000 1403
 900.416   15549260.321          0.000 1341
 900.398   11481896.240          0.000 1344
 899.590   38131723.636          0.001 1441
 748.151   20444723.693          0.000 1441
 477.362   22984337.702          0.000 1379
   0.000          0.000          0.000 1379
   0.000          0.000          0.000 1380
 326.434   13408043.566          0.000 1380
 224.020   10359453.221          0.000 1380
 537.490   19556325.988          0.000 1380
 877.426   32031827.306          0.001 1575
 900.333   13989566.039          0.000 1355
 860.794   31529156.238          0.001 1579
 769.008   24315877.501          0.000 1579
 900.292          0.000          0.000 1388
 825.285   29838396.087          0.001 1585
 592.384   22052300.713          0.000 1585
 900.445    7980943.666          0.000 1360
 900.596    7380120.003          0.000 1393
 900.596          0.000          0.000 1393
 842.347   26100908.150          0.000 1593
 900.287    4070631.359          0.000 1364
 900.287    9809768.058          0.000 1364
 900.287   17992837.176          0.000 1364
 900.262    7818111.914          0.000 1428
 900.299   19430592.098          0.000 1337
 900.420   16600502.766          0.000 1430
 900.320          0.000          0.000 1401
 900.170    9939042.080          0.000 1372
 900.435          0.000          0.000 1403
 900.300          0.000          0.000 1404
 900.499   10820659.888          0.000 1406
 900.498          0.000          0.000 1406
 881.514   26241744.070          0.001 1441
 340.876   10390694.713          0.000 1441
 195.822   10068142.695          0.000 1379
   0.000          0.000          0.000 1410
   0.000          0.000          0.000 1411
 344.927   21034380.033          0.000 1442
 382.117   15077199.666          0.000 1380
 841.349   41380017.366          0.001 1380
 758.342   20737470.811          0.000 1575
 872.887   31387128.501          0.001 1575
 900.309          0.000          0.000 1417
 613.184   19208484.985          0.000 1579
 727.121   29662411.181          0.001 1582
 452.073   17429460.914          0.000 1585
 600.164   23679140.925          0.000 1585
 900.366          0.000          0.000 1422
 843.155   34128272.839          0.001 1585
 900.596    8389372.438          0.000 1393
 719.322   18411956.386          0.000 1593
 843.808   21333511.995          0.000 1593
 900.262   14716930.820          0.000 1428
 900.262          0.000          0.000 1428
 621.164   20230107.838          0.000 1598
 900.419          0.000          0.000 1430
 900.419    6334165.453          0.000 1430
 900.320    7785824.311          0.000 1401
 900.179          0.000          0.000 1433
 900.436    7225049.124          0.000 1403
 900.300    6566007.697          0.000 1404
 746.641   23066529.421          0.000 1609
 900.363   14094298.165          0.000 1438
 900.363          0.000          0.000 1438
 586.034   21303958.153          0.000 1441
 133.814    5491703.654          0.000 1441
   0.000          0.000          0.000 1441
   0.000          0.000          0.000 1442
 158.503    8689382.081          0.000 1442
 435.287   21570234.984          0.000 1442
 708.445   24127433.940          0.000 1575
 523.142   14610791.296          0.000 1575
 592.451   21933467.171          0.000 1579
 538.618   20145705.144          0.000 1579
 528.211   21694556.047          0.000 1582
 649.201   27697736.435          0.001 1585
 239.681   11233908.445          0.000 1585
 666.081   29571442.618          0.001 1585
 805.366   32690415.717          0.001 1585
 833.775   33280253.971          0.001 1589
 692.784   20932313.370          0.000 1593
 494.944   12428531.953          0.000 1593
 665.940   22341202.441          0.000 1595
 640.214   23214178.137          0.000 1595
 567.981   21475372.558          0.000 1598
 572.945   19207481.652          0.000 1598
 805.152   33541641.477          0.001 1598
 900.419   16435889.454          0.000 1430
 654.834   20822782.720          0.000 1603
 742.580   25568679.851          0.001 1604
 652.595   19852203.446          0.000 1605
 652.059   18317618.517          0.000 1609
 551.394   15814495.288          0.000 1609
 783.161   30020636.716          0.001 1614
 589.974   20144961.224          0.000 1441
 425.034   20778730.568          0.000 1441
 241.874   11538200.942          0.000 1441
   0.000          0.000          0.000 1472
   0.000          0.000          0.000 1473
 247.515   13352144.757          0.000 1505
 414.688   23934627.710          0.000 1442
 326.155   19878138.043          0.000 1571
 420.241   16577755.249          0.000 1575
 203.493    7840811.066          0.000 1575
 585.586   22741584.333          0.000 1575
 489.372   24014656.230          0.000 1577
 290.584   12027924.888          0.000 1579
 514.423   27707334.155          0.001 1585
 142.979    7326832.382          0.000 1585
 304.552   14431703.461          0.000 1585
 489.813   21084796.868          0.000 1585
 481.003   18675991.878          0.000 1589
 587.369   27800425.741          0.001 1593
 264.717    8536876.248          0.000 1593
 314.399   11986510.152          0.000 1595
 571.420   24376729.098          0.000 1595
 366.985   14853355.385          0.000 1598
 212.188    8943496.679          0.000 1598
 694.925   25101217.597          0.000 1598
 714.897   25930340.783          0.000 1600
 401.664   12316748.402          0.000 1603
 657.678   21514480.750          0.000 1604
 357.637   13180708.134          0.000 1605
 664.661   30229853.418          0.001 1605
 279.715    9337193.234          0.000 1609
 771.265   31628748.594          0.001 1613
 392.997   15329003.652          0.000 1614
 347.352   17187035.147          0.000 1614
 260.945   13125543.077          0.000 1538
   0.000          0.000          0.000 1504
   0.000          0.000          0.000 1505
 334.939   18656594.956          0.000 1505
 157.240    8895153.035          0.000 1571
 545.767   28533825.543          0.001 1573
  96.363    4545598.084          0.000 1575
 498.906   23788716.734          0.000 1575
 332.541   16300675.408          0.000 1577
 278.274   14315726.694          0.000 1577
  96.869    4922845.330          0.000 1579
 224.893   10976620.973          0.000 1582
 416.293   18223542.078          0.000 1585
  93.498    4920261.749          0.000 1585
 151.154    7134408.365          0.000 1585
 257.489   11735170.629          0.000 1585
 364.948   16143497.601          0.000 1585
 315.503   18314688.060          0.000 1589
 300.334   13019785.861          0.000 1589
 137.796    5741967.983          0.000 1593
 474.742   24443790.084          0.000 1595
 116.517    5678209.015          0.000 1595
 357.484   18303837.006          0.000 1598
  93.294    4624930.382          0.000 1598
 433.985   20382681.092          0.000 1600
 430.691   16704781.294          0.000 1600
 167.552    6792373.946          0.000 1603
 289.773   10686510.841          0.000 1604
 338.425   15373574.752          0.000 1605
 123.039    5193732.787          0.000 1609
 426.854   19231001.300          0.000 1611
 343.523   12812979.393          0.000 1613
 133.382    6368163.985          0.000 1614
 241.308   11637139.426          0.000 1614
 323.773   15967319.194          0.000 1617
   0.000          0.000          0.000 1538
   0.000          0.000          0.000 1539
 361.763   20229362.197          0.000 1505
 266.597   13835325.507          0.000 1573
 179.946    9845776.763          0.000 1573
 266.078   14737591.021          0.000 1577
 130.935    7131479.794          0.000 1577
 251.009   15176153.374          0.000 1581
 120.868    6242190.948          0.000 1582
 238.220   13500481.124          0.000 1582
  65.794    3496922.036          0.000 1585
 276.236   15072192.694          0.000 1585
 168.951    8382427.161          0.000 1589
 130.913    6573398.513          0.000 1589
  75.330    3540554.833          0.000 1593
 233.145   14150262.222          0.000 1594
  74.330    3695065.044          0.000 1595
 276.463   15049459.264          0.000 1598
 222.285   10718940.049          0.000 1600
 103.796    5174094.221          0.000 1600
  88.075    3981213.096          0.000 1603
 130.870    5730020.705          0.000 1604
 113.114    5288682.120          0.000 1605
 171.051    8878588.996          0.000 1607
 144.746    7076378.847          0.000 1611
 129.815    5756577.937          0.000 1613
 274.090   14076289.729          0.000 1614
 402.209   22329464.685          0.000 1614
 175.392    8572470.712          0.000 1617
   0.000          0.000          0.000 1567
   0.000          0.000          0.000 1568
   0.000          0.000          0.000 1569
   0.000          0.000          0.000 1570
   0.000          0.000          0.000 1571
   0.000          0.000          0.000 1572
   0.000          0.000          0.000 1573
   0.000          0.000          0.000 1574
   0.000          0.000          0.000 1575
   0.000          0.000          0.000 1576
   0.000          0.000          0.000 1577
   0.000          0.000          0.000 1578
   0.000          0.000          0.000 1579
   0.000          0.000          0.000 1580
   0.000          0.000          0.000 1581
   0.000          0.000          0.000 1582
   0.000          0.000          0.000 1583
   0.000          0.000          0.000 1584
   0.000          0.000          0.000 1585
   0.000          0.000          0.000 1586
   0.000          0.000          0.000 1587
   0.000          0.000          0.000 1588
   0.000          0.000          0.000 1589
   0.000          0.000          0.000 1590
   0.000          0.000          0.000 1591
   0.000          0.000          0.000 1592
   0.000          0.000          0.000 1593
   0.000          0.000          0.000 1594
   0.000          0.000          0.000 1595
   0.000          0.000          0.000 1596
   0.000          0.000          0.000 1597
   0.000          0.000          0.000 1598
   0.000          0.000          0.000 1599
   0.000          0.000          0.000 1600
   0.000          0.000          0.000 1601
   0.000          0.000          0.000 1602
   0.000          0.000          0.000 1603
   0.000          0.000          0.000 1604
   0.000          0.000          0.000 1605
   0.000          0.000          0.000 1606
   0.000          0.000          0.000 1607
   0.000          0.000          0.000 1608
   0.000          0.000          0.000 1609
   0.000          0.000          0.000 1610
   0.000          0.000          0.000 1611
   0.000          0.000          0.000 1612
   0.000          0.000          0.000 1613
   0.000          0.000          0.000 1614
   0.000          0.000          0.000 1615
   0.000          0.000          0.000 1616
   0.000          0.000          0.000 1617
   0.000          0.000          0.000 1618
 241.488   10058343.013          0.000   29
 504.726   22198803.842          0.000   11
 711.575   23122038.727          0.000   13
 655.893   29690236.463          0.001   45
 554.837   19460234.341          0.000   42
 676.615   32262574.490          0.001  170
 866.865   24906150.920          0.000   21
 900.321   10566745.878          0.000  245
 900.289    6252703.127          0.000  353
 900.271    4150572.501          0.000  310
 900.341    3443989.237          0.000  365
 900.393    5176135.110          0.000  428
 900.452    9964221.545          0.000  485
 900.325    6708756.701          0.000  531
 900.259    6064119.036          0.000  564
 900.131    3535634.304          0.000  596
 290.011   13254421.398          0.000  635
 900.275    7374641.077          0.000  579
 900.319    5341184.381          0.000  628
 900.315    4981834.994          0.000  766
 900.410    6927506.668          0.000  713
 900.393    7415112.097          0.000  749
 900.181    5118926.050          0.000  839
 766.468   26931471.080          0.001  913
 900.425    7905770.523          0.000 1087
 900.244   10489946.187          0.000 1138
 900.156    7757614.127          0.000 1052
 900.328    6256524.890          0.000 1115
 900.329    9392289.457          0.000 1117
 900.398    6805519.425          0.000 1184
 900.296   13950734.467          0.000 1165
 900.230    3125803.988          0.000 1326
 900.165    4485398.141          0.000 1269
 900.410    4777060.544          0.000 1334
 689.405   24796677.202          0.000 1380
 900.179   15376828.584          0.000 1433
 900.436   21480940.297          0.000 1403
 558.355   21674255.826          0.000 1603
 526.342   19145822.480          0.000 1609
 900.452   16090121.894          0.000  485
  58.313    3090641.768          0.000    7
 159.795    9272912.222          0.000   21
  26.368    1363118.397          0.000   21
  43.450    2296199.230          0.000   26
 257.830   19012890.194          0.000   31
  47.683    2403868.239          0.000   42
  63.578    3160772.445          0.000   42
  53.621    2598999.790          0.000   44
  65.176    3381260.941          0.000    5
  48.944    2520710.277          0.000   13
 117.988    6329265.749          0.000   15
  61.061    3121200.641          0.000   17
  66.290    3222491.547          0.000   26
  77.683    3734516.680          0.000   29
 138.732    7161263.774          0.000   31
  52.523    2465928.214          0.000   33
 130.597    7038694.600          0.000   40
  86.535    4508387.685          0.000  140
  94.190    4972632.095          0.000  140
  91.227    4810723.043          0.000  170
  82.601    4026084.930          0.000  232
 155.635    8286978.897          0.000  232
  77.620    3719981.506          0.000  297
 171.881    9370993.236          0.000  264
  77.848    3863983.897          0.000  297
 133.599    6390666.605          0.000  327
  62.404    2968785.137          0.000  328
 125.364    6905473.095          0.000  328
  39.607    1860471.588          0.000  388
 143.213    8069003.933          0.000  419
 157.782    7845706.174          0.000  418
  44.912    2329182.850          0.000  419
  90.902    5092846.241          0.000  481
  84.854    4023667.543          0.000  513
  54.198    2571730.102          0.000  574
  68.028    3666713.927          0.000  545
 147.459    8168117.566          0.000  575
 195.558   11460514.058          0.000  604
 116.872    5946252.100          0.000  634
  53.466    2803938.295          0.000  635
  91.745    4946449.119          0.000  697
 172.932   10092514.560          0.000  697
  49.557    2501038.822          0.000  758
  73.801    4134650.537          0.000  787
 164.736    9267992.555          0.000  787
  83.698    4147830.921          0.000  818
 165.809    9134486.760          0.000  913
  56.122    2818673.060          0.000  881
  38.000    1838637.276          0.000  913
  84.742    4189465.162          0.000  946
 124.475    6416475.400          0.000  946
 108.886    4948882.628          0.000 1005
  87.364    4242600.679          0.000 1035
 115.435    5611296.463          0.000 1067
 110.492    6241623.996          0.000 1068
 133.621    7576037.980          0.000 1099
 128.338    6487658.739          0.000 1129
  58.905    2953551.472          0.000 1099
 122.903    6103684.341          0.000 1190
  87.643    4338767.289          0.000 1190
  75.373    4078322.348          0.000 1286
  84.082    4013477.042          0.000 1316
 107.652    6404059.965          0.000 1286
  49.834    2633771.343          0.000 1380
 122.337    6397645.484          0.000 1380
 142.715    8183089.330          0.000 1442
  57.076    2514245.639          0.000 1441
  71.970    3960799.847          0.000 1442
 128.916    6202761.876          0.000 1441
 114.032    6131607.431          0.000 1505
 145.503    7883622.664          0.000 1505
  80.006    4445354.395          0.000 1571
  45.333    2277005.453          0.000 1575
  43.964    2335654.487          0.000 1579
  66.485    3269780.709          0.000 1585
 128.675    7091276.952          0.000 1589
  46.836    2376499.486          0.000 1598
  57.975    2623186.889          0.000 1609
  63.226    3053280.551          0.000 1614
 143.987    7000889.377          0.000 1617
 147.678    7939304.065          0.000 1505
 104.659    5434192.217          0.000 1573
  75.920    4133522.557          0.000 1577
  52.970    2810281.816          0.000 1582
  32.741    1759910.009          0.000 1585
 121.771    6547912.800          0.000 1585
  78.101    4013037.360          0.000 1589
  62.694    3217950.851          0.000 1589
  35.841    1766576.556          0.000 1593
 144.915    7740909.932          0.000 1598
  59.732    2861785.858          0.000 1605
 133.812    6771780.004          0.000 1614
 196.577   10175183.205          0.000 1614
 125.297    6975082.090          0.000   15
 131.136    6848745.609          0.000  327
 128.473    7194565.612          0.000  419
 120.085    6122074.379          0.000  634
  36.645    1810845.431          0.000 1129
 157.550    7907751.842          0.000 1190
  43.761    2210874.328          0.000 1286
 606.480   26601827.233          0.001   42
 682.098   23840682.350          0.000    5
 808.897   34565381.694          0.001   17
 864.239   33865042.447          0.001   33
 772.439   31358265.650          0.001   45
 883.530   38341596.282          0.001   13
 900.501   28018586.504          0.001  227
 900.513   32290564.047          0.001  227
 900.312   14030895.305          0.000  237
 900.322   23773044.405          0.000  237
 900.400   14892379.780          0.000  274
 900.210   11294202.436          0.000  374
 900.314   16019395.561          0.000  382
 900.364   24077202.997          0.000  365
 900.284   14270997.968          0.000  456
 900.312   16497626.879          0.000  473
 900.284   23844130.554          0.000  456
 522.700   29544790.288          0.001  574
 900.342   22781558.219          0.000  551
 900.208   15826739.540          0.000  663
 733.303   26633671.528          0.001  696
 900.344   24285532.182          0.000  675
 889.455   33677761.813          0.001  758
 900.439   23254589.219          0.000  713
 900.398   43594877.273          0.001  776
 900.085   12980260.626          0.000  751
 900.244   14036903.554          0.000  772
 900.468   26215214.555          0.000  809
 900.371   21975927.763          0.000  864
 900.443   25975884.280          0.000  803
 900.358   18783838.177          0.000  825
 900.345   25884703.361          0.000  825
 900.362   21746011.188          0.000  900
 900.340   19091839.791          0.000  903
 900.288   13784835.198          0.000  952
 900.368   20153978.241          0.000 1013
 900.426   24506823.998          0.000 1087
 900.433   27479717.194          0.001 1087
 900.154   14126073.945          0.000 1031
 764.664   30757741.155          0.001 1006
 265.930   11603280.981          0.000 1099
 900.129    5818398.849          0.000 1119
 900.270   15341805.362          0.000 1122
 900.270   17809114.288          0.000 1122
 900.320   21014627.141          0.000 1169
 900.182   26112692.145          0.000 1171
 900.227   32797921.861          0.001 1265
 900.595   12700653.555          0.000 1216
 900.281   16015710.297          0.000 1242
 900.300   36237080.456          0.001 1337
 900.288   16260755.043          0.000 1246
 513.278   29448851.325          0.001 1222
 900.230   33123173.886          0.001 1326
 900.119   20894193.760          0.000 1275
 338.054   16006433.465          0.000 1286
 900.230   24581705.355          0.000 1326
 900.299   18641880.054          0.000 1337
 900.299   21625209.493          0.000 1337
 777.170   30488260.122          0.001 1222
 900.444   20426715.004          0.000 1290
 900.334   19067878.574          0.000 1355
 849.175   22823119.139          0.000 1593
 805.459   23860368.870          0.000 1603
 888.494   30501360.523          0.001 1609
 493.013   20596970.253          0.000 1589
 545.727   17762884.002          0.000 1595
 586.519   27578720.105          0.001 1593
 497.044   24938974.561          0.000 1603
 620.859   35473435.082          0.001 1441
 283.722   11378510.131          0.000 1603
 900.393    5571597.264          0.000  749
 900.283    6143458.381          0.000  456
 900.220   22580749.427          0.000 1265
 900.281    6721865.585          0.000 1242
 900.300   26700625.450          0.000 1337
 900.299   10279392.253          0.000 1337
 900.299   11145736.011          0.000 1337
 624.693   26341653.659          0.000   17
 750.080   23551481.011          0.000   33
 799.295   27372062.462          0.000   13
 900.400    5351160.856          0.000  274
 900.210    5085675.133          0.000  374
 900.312    5620364.651          0.000  473
 528.122   24618489.782          0.000  574
 900.208    5115532.479          0.000  663
 583.775   22519349.426          0.000  696
 900.343   14776161.030          0.000  675
 900.341   28081863.451          0.001  776
 900.085    5784742.245          0.000  751
 900.244    5419862.901          0.000  772
 900.443   17288290.543          0.000  803
 900.362    6678443.401          0.000  900
 900.288    4417573.691          0.000  952
 900.154    6429919.871          0.000 1031
 900.270    6965508.649          0.000 1122
 900.270    6561422.681          0.000 1122
 900.182    6517203.226          0.000 1171
 900.595    4360748.969          0.000 1216
 900.288    5605258.055          0.000 1246
 900.230   19897379.972          0.000 1326
 900.119    4983464.054          0.000 1275
 900.230   13923530.895          0.000 1326
 634.388   18383676.792          0.000 1593
 546.752   22763007.531          0.000 1593
 900.283    3804311.979          0.000  456
 631.396   26154230.867          0.001 1603
 900.299    7003927.740          0.000 1337
 900.299    6569045.925          0.000 1337
 361.631   17601649.946          0.000   49
  79.715    3905172.539          0.000   49
 900.371   11298592.542          0.000  864
 303.502   13294628.394          0.000   13
 216.164    9646554.812          0.000   21
 321.476   14160733.137          0.000   21
 267.194   11759844.265          0.000  232
 151.436    6114451.113          0.000  388
 215.306    8574511.397          0.000 1441
 886.951   35788812.353          0.001 1006
 900.292   14888115.999          0.000 1308
 900.314   14466078.356          0.000  680
 140.523    6512345.699          0.000   21
 190.962    9406503.772          0.000    7
 179.056    9465229.275          0.000 1577
 133.046    6047799.029          0.000   44
 163.565    7407273.019          0.000  947
  98.436    4950206.418          0.000 1006
 306.086   14815779.948          0.000  635
 218.440    9093898.704          0.000  696
 205.850    8822106.230          0.000 1605
 257.063   12666738.833          0.000 1379
 217.176    9918644.307          0.000 1614
 318.669   17951908.908          0.000 1223
 200.952    9169728.363          0.000 1598
 385.584   21321402.320          0.000 1607
 172.741    6704257.276          0.000  696
 177.770    6653136.216          0.000  696
 273.586   14492704.749          0.000 1442
 212.416    9210153.897          0.000 1575
 148.056    7153463.947          0.000 1579
 256.588   11563315.619          0.000   11
 415.305   23432522.028          0.000   15
 195.545    7497933.599          0.000  388
 210.469    9281534.183          0.000  419
 365.249   16104495.008          0.000 1604
 294.157   13585570.353          0.000 1589
 236.494   10761363.741          0.000    5
 256.444   11413431.631          0.000   17
 342.641   16429466.736          0.000  139
 320.439   14653064.207          0.000    5
 361.830   21407472.276          0.000  139
 191.022    8163213.839          0.000  419
 239.525   10245501.516          0.000  449
 312.802   14363129.485          0.000  574
 297.116   11429673.150          0.000  786
 306.811   14448935.724          0.000  818
 265.935   11955844.748          0.000   26
 266.701   11118328.616          0.000   29
 250.898   11137716.948          0.000   42
 311.050   13737035.148          0.000  297
 229.255    9130826.855          0.000  328
 283.799   11667168.982          0.000  513
 172.821    7315230.179          0.000  758
 209.803    8801273.750          0.000  881
 326.538   15034415.645          0.000  946
 322.224   15835478.558          0.000  947
 246.646   11152821.754          0.000 1380
 282.914   14290595.974          0.000 1585
 233.422   10106441.942          0.000 1595
 164.053    8016080.900          0.000 1380
 296.374   11532820.690          0.000  169
 195.002    7914221.619          0.000 1222
 251.743   10244087.270          0.000   26
 321.304   13357629.215          0.000  635
 324.800   16576634.187          0.000  787
 253.456    9794061.986          0.000  913
 341.021   14821523.820          0.000 1035
 353.009   16066622.767          0.000 1190
 260.029    8578039.257          0.000 1222
 292.225   12982285.927          0.000  635
 298.769   12212487.640          0.000   37
 361.815   15753253.690          0.000   45
 352.910   13375144.239          0.000   29
 388.983   18961921.267          0.000  264
 354.988   13768697.391          0.000 1099
 359.162   14947817.767          0.000 1286
 360.259   13935096.643          0.000 1286
 361.502   16229054.676          0.000 1582
 278.180   11459545.199          0.000 1593
 356.475   20968991.309          0.000 1593
 305.872   11359926.137          0.000  388
 249.781    8553081.824          0.000  388
 492.901   23216754.738          0.000  388
 376.478   14126209.193          0.000 1441
 273.933   11136382.615          0.000 1579
 475.664   22929289.124          0.000 1614
 352.915   15081416.295          0.000   42
 366.826   15148956.334          0.000  232
 471.036   21590640.036          0.000 1067
 432.274   21085453.929          0.000  170
 378.681   14631776.922          0.000 1005
 390.037   15509324.808          0.000 1129
 380.763   15745144.427          0.000 1585
 430.583   19335972.213          0.000 1585
 381.950   13904319.898          0.000 1441
 462.729   18964299.366          0.000   13
 530.424   29034494.924          0.001  574
 430.425   18111578.674          0.000  635
 462.974   19552430.216          0.000  635
 377.115   13618569.758          0.000 1598
 411.850   15807369.910          0.000 1595
 408.457   14658424.398          0.000 1598
 379.362   13872458.454          0.000 1598
 398.934   12517089.985          0.000  913
 368.752   11531250.586          0.000 1575
 453.719   16723535.462          0.000   29
 380.461   12987407.277          0.000  913
 403.750   13517218.067          0.000   11
 437.543   17441414.330          0.000  786
 358.028    9910252.181          0.000   21
 478.739   16228051.201          0.000  947
 540.385   21155853.893          0.000 1006
 387.703   13504324.772          0.000 1006
 548.083   20834863.935          0.000 1006
 491.078   16868186.984          0.000 1006
 414.656   14648203.876          0.000 1579
 505.423   17002496.478          0.000 1604
 528.361   20269214.541          0.000   45
 305.258   11620498.961          0.000 1006
 378.684   14074134.717          0.000 1006
 405.514   15082766.474          0.000 1006
 407.451   12697828.776          0.000  758
 525.278   14170757.321          0.000 1441
 598.408   25264512.780          0.001 1613
 303.992   14594721.549          0.000 1573
 361.682   13196627.717          0.000 1006
 269.429   10685973.640          0.000 1006
 533.993   15078489.427          0.000   33
 566.539   17877266.628          0.000  388
 522.141   15796589.784          0.000  419
 552.006   18163512.474          0.000  419
 569.701   21070563.122          0.000  419
 586.461   22490410.979          0.000 1006
 574.174   21733472.415          0.000 1129
 575.787   24134961.056          0.000 1609
 543.527   16460513.243          0.000   33
 323.557   12389620.835          0.000 1006
 594.911   19447987.438          0.000  913
 526.210   16442468.466          0.000  881
 555.990   20752568.374          0.000 1613
 599.843   19791752.553          0.000   26
 604.717   23320943.565          0.000  635
 608.097   23777044.641          0.000 1380
 581.339   26019930.971          0.001  297
 566.584   15885358.179          0.000  913
 561.925   15833073.237          0.000 1575
 583.519   16289800.021          0.000 1603
 579.858   19446926.486          0.000   13
 569.804   14201859.204          0.000   21
 613.031   19742582.417          0.000   11
 585.937   17196387.255          0.000  328
 623.536   22085152.875          0.000 1585
 435.286   18301884.151          0.000 1585
 376.251   14003668.520          0.000   13
 507.122   12222921.264          0.000   21
 597.917   18544697.690          0.000  328
 613.814   16033634.926          0.000  388
 640.777   19421764.367          0.000  388
 495.507   18108039.637          0.000  758
 658.898   26832439.009          0.000 1585
 432.367   14431692.331          0.000  758
 596.185   16760685.740          0.000  758
 673.290   19641942.560          0.000   37
 664.801   23294697.885          0.000  947
 678.922   19527038.810          0.000 1222
 667.319   16254383.422          0.000 1222
