   0.000          0.000          0.000    1
   0.000          0.000          0.000    2
   0.000          0.000          0.000    3
   0.000          0.000          0.000    4
   0.000          0.000          0.000    5
   0.000          0.000          0.000    6
   0.000          0.000          0.000    7
   0.000          0.000          0.000    8
   0.000          0.000          0.000    9
   0.000          0.000          0.000   10
   0.000          0.000          0.000   11
   0.000          0.000          0.000   12
   0.000          0.000          0.000   13
   0.000          0.000          0.000   14
   0.000          0.000          0.000   15
   0.000          0.000          0.000   16
   0.000          0.000          0.000   17
   0.000          0.000          0.000   18
   0.000          0.000          0.000   19
   0.000          0.000          0.000   20
   0.000          0.000          0.000   21
   0.000          0.000          0.000   22
   0.000          0.000          0.000   23
   0.000          0.000          0.000   24
   0.000          0.000          0.000   25
   0.000          0.000          0.000   26
   0.000          0.000          0.000   27
   0.000          0.000          0.000   28
   0.000          0.000          0.000   29
   0.000          0.000          0.000   30
   0.000          0.000          0.000   31
   0.000          0.000          0.000   32
   0.000          0.000          0.000   33
   0.000          0.000          0.000   34
   0.000          0.000          0.000   35
   0.000          0.000          0.000   36
   0.000          0.000          0.000   37
   0.000          0.000          0.000   38
   0.000          0.000          0.000   39
   0.000          0.000          0.000   40
   0.000          0.000          0.000   41
   0.000          0.000          0.000   42
   0.000          0.000          0.000   43
   0.000          0.000          0.000   44
   0.000          0.000          0.000   45
   0.000          0.000          0.000   46
   0.000          0.000          0.000   47
   0.000          0.000          0.000   48
   0.000          0.000          0.000   49
   0.000          0.000          0.000   50
   0.000          0.000          0.000   51
   0.000          0.000          0.000   52
  72.812    8899938.724          0.000    3
  79.744   12916633.749          0.000    3
  76.897   10808288.358          0.000    7
  86.998   12989980.768          0.000    7
  72.555    8642769.212          0.000   11
  80.646   13825300.583          0.000   11
  84.425   12123853.697          0.000   15
  79.109   12136123.912          0.000   15
  79.865   12746434.601          0.000   19
  90.001   16978066.164          0.000   21
  80.216    8301089.248          0.000   21
  81.469   14368061.413          0.000   23
  76.598    7237726.251          0.000   26
  80.742   13377248.605          0.000   28
  69.727    7396189.991          0.000   29
  83.584   16625136.699          0.000   31
  90.787   18288148.423          0.000   31
  81.555   14189653.563          0.000   35
  79.458   12106805.514          0.000   37
  81.094   13272578.901          0.000   37
  81.553   13982509.098          0.000   38
  90.436   17387568.335          0.000   42
  88.602   14247644.675          0.000   42
  90.747   17107856.443          0.000   44
  74.480    8940363.898          0.000   45
  78.190   10265996.392          0.000   49
  76.817   10815544.142          0.000  111
   0.000          0.000          0.000   80
   0.000          0.000          0.000   81
  95.973   22783116.816          0.000    3
 100.469          0.000          0.000   83
  88.990   14800821.726          0.000    5
 100.531    7873225.183          0.000   86
 100.531          0.000          0.000   86
  91.031   13526665.846          0.000   11
  95.137   15689963.877          0.000   13
  80.296    8642683.247          0.000   13
  89.234   15091077.802          0.000   15
  88.708   14211048.390          0.000   17
 100.234   13532357.672          0.000  122
 100.185   10052923.004          0.000  122
  93.035   12607587.168          0.000   21
  93.328   13533057.131          0.000   26
  89.947   15835929.672          0.000   26
  89.423   11951125.610          0.000   29
  89.103   14482249.556          0.000   29
  90.972   18048993.198          0.000   31
  88.965   14135907.475          0.000   33
 100.022          0.000          0.000  101
 100.400   16528972.774          0.000  131
 100.191          0.000          0.000  103
  90.580   16829694.998          0.000   40
 100.303          0.000          0.000  105
 100.204   18074857.680          0.000  135
 100.307          0.000          0.000  107
  94.278   16466056.879          0.000   45
 100.629    9174171.387          0.000  138
  78.747   10340846.501          0.000  140
   0.000          0.000          0.000  111
   0.000          0.000          0.000  112
  84.614   10911748.320          0.000  141
 100.516    6520517.922          0.000   83
 100.427    8566834.212          0.000  144
 100.800   10673891.850          0.000   86
 100.182          0.000          0.000  117
  96.542   18803889.106          0.000   13
  96.110   17710232.628          0.000   13
 100.750    4856806.449          0.000  150
 100.511    9252099.977          0.000  122
 100.176          0.000          0.000  122
 100.596   19982967.593          0.000  154
 100.432   10454951.666          0.000  154
 100.432    5478362.323          0.000  154
  99.474   25896852.549          0.001   26
 100.093   27972774.916          0.001   29
 100.131   15297866.310          0.000  159
 100.294   10807206.874          0.000  159
 100.234    6703485.523          0.000  160
 100.247          0.000          0.000  131
 100.247    7221938.081          0.000  131
 100.191    4160207.118          0.000  103
 100.303    5972382.729          0.000  105
 100.139          0.000          0.000  135
 100.517    8151034.389          0.000  107
 100.089          0.000          0.000  137
 100.433          0.000          0.000  138
  84.130   14319322.249          0.000  140
   0.000          0.000          0.000  140
   0.000          0.000          0.000  141
  87.901   13463580.090          0.000  141
 100.566    9258422.575          0.000  144
 100.366          0.000          0.000  144
 100.310          0.000          0.000  145
 100.600   13276775.118          0.000  117
 100.586   15516806.398          0.000  178
 100.492    7614327.906          0.000  178
 100.775    8053714.500          0.000  150
 100.689          0.000          0.000  150
 100.276   17531511.719          0.000  182
 100.370    7507641.414          0.000  182
 100.453    7958318.761          0.000  154
 100.432          0.000          0.000  154
 100.397   12039246.666          0.000  156
 100.376          0.000          0.000  156
 100.445   13105838.786          0.000  187
 100.116    7137374.557          0.000  159
 100.116          0.000          0.000  159
 100.130          0.000          0.000  160
 100.340   11528960.940          0.000  131
 100.709   16355721.095          0.000  103
 100.193    6747114.013          0.000  103
 100.447   11555173.305          0.000  105
 100.381    8710963.634          0.000  135
 100.568   11351673.795          0.000  228
 100.502   13307488.367          0.000  137
 100.521    8623276.029          0.000  138
  81.030   12872790.347          0.000  140
   0.000          0.000          0.000  170
   0.000          0.000          0.000  171
  86.490   12568453.549          0.000  171
  96.485   19747394.297          0.000  171
 100.366    5290656.585          0.000  144
 100.407    7003856.716          0.000  145
 100.629   13485492.380          0.000  206
 100.340   14075823.373          0.000  238
 100.430          0.000          0.000  178
 100.566          0.000          0.000  179
 100.486    9798187.508          0.000  211
 100.171    5509440.343          0.000  182
 100.171          0.000          0.000  182
 100.171    3035938.547          0.000  182
 100.765   10279281.118          0.000  154
 100.599   16170319.982          0.000  246
 100.344   10361318.982          0.000  218
 100.113          0.000          0.000  187
 100.152    9127466.164          0.000  159
 100.226   17627647.261          0.000  222
 100.244    9183838.095          0.000  222
 100.477   14640135.746          0.000  222
 100.254   12530604.709          0.000  103
 100.323   20060851.243          0.000  103
 100.671   23387163.237          0.000  105
 100.317    9066798.905          0.000  228
 100.342    4895602.796          0.000  228
 100.802   12559506.234          0.000  198
 100.442          0.000          0.000  198
  93.041   14646831.417          0.000  170
  71.452    7650982.242          0.000  170
   0.000          0.000          0.000  201
   0.000          0.000          0.000  202
  89.816   16275005.971          0.000  233
 100.653   15644331.080          0.000  144
 100.400    7929423.951          0.000  236
 100.078          0.000          0.000  206
 100.222    4428063.642          0.000  238
 100.431   24103333.203          0.000  275
 100.603   17394593.254          0.000  211
 100.283    5112833.745          0.000  211
 100.282          0.000          0.000  211
 100.171   13006335.952          0.000  182
 100.172    7114470.605          0.000  182
 100.220   14378913.847          0.000  182
 100.393    8799017.305          0.000  246
 100.244    5431859.804          0.000  246
 100.373   10090258.275          0.000  218
 100.244          0.000          0.000  218
 100.113    6668292.783          0.000  187
 100.194   11163356.446          0.000  249
 100.226    8397639.408          0.000  222
 100.226          0.000          0.000  222
 100.226    5850567.377          0.000  222
 100.381   10910477.010          0.000  255
 100.505   14608204.466          0.000  255
 100.677   10328823.342          0.000  257
 100.377    8001524.831          0.000  228
 100.316          0.000          0.000  228
 100.666    9805436.707          0.000  260
 100.374   13919982.106          0.000  296
  82.185   14256392.511          0.000  201
   0.000          0.000          0.000  232
   0.000          0.000          0.000  233
  90.490   17381548.868          0.000  233
 100.480   26938631.298          0.001  236
 100.171          0.000          0.000  236
 100.411   10990580.397          0.000  270
 100.221          0.000          0.000  238
 100.474   22393882.341          0.000  275
 100.334   12391150.824          0.000  275
 100.690   15762622.736          0.000  211
 100.361    8985988.975          0.000  277
 100.571   16511223.968          0.000  182
 100.452   14514886.559          0.000  311
 100.244    6817447.565          0.000  246
 100.243          0.000          0.000  246
 100.244   16538599.910          0.000  246
 100.660   10733749.943          0.000  283
 100.178          0.000          0.000  249
 100.377   11138875.122          0.000  249
 100.601   17141379.470          0.000  222
 100.557   19936962.782          0.000  255
 100.262   11020891.414          0.000  255
 100.262    4662034.397          0.000  255
 100.262          0.000          0.000  255
 100.285    6486379.414          0.000  255
 100.256          0.000          0.000  257
 100.581   14460492.688          0.000  228
 100.307   15724611.403          0.000  260
 100.285          0.000          0.000  260
 100.285    7065957.407          0.000  260
 100.211    5783432.332          0.000  296
  86.628   11576029.818          0.000  298
   0.000          0.000          0.000  264
   0.000          0.000          0.000  265
  93.485   26075941.419          0.000  265
 100.175   27664908.987          0.001  236
 100.171   16805207.931          0.000  236
 100.171    2648988.883          0.000  236
 100.230          0.000          0.000  270
 100.230    6481625.055          0.000  270
 100.384   12696486.918          0.000  238
 100.492   17981479.687          0.000  335
 100.334    4932057.232          0.000  275
 100.334          0.000          0.000  275
 100.409    7205456.322          0.000  277
 100.260          0.000          0.000  277
 100.343   13871456.670          0.000  311
 100.176    3589221.333          0.000  311
 100.394   10038214.500          0.000  246
 100.712   11076561.949          0.000  314
 100.336   11712725.647          0.000  283
 100.206          0.000          0.000  283
 100.496   10143445.201          0.000  249
 100.543    9659130.888          0.000  286
 100.180          0.000          0.000  286
 100.354   10737706.262          0.000  319
 100.262    9928513.345          0.000  255
 100.262    5767520.130          0.000  255
 100.275   14697155.753          0.000  255
 100.675   10639391.456          0.000  257
 100.256   14505064.844          0.000  257
 100.292   13964351.656          0.000  260
 100.285    6668106.789          0.000  260
 100.211    7335479.970          0.000  296
 100.211          0.000          0.000  296
  91.774   18602514.978          0.000  298
   0.000          0.000          0.000  298
   0.000          0.000          0.000  299
  72.759    8798082.302          0.000  265
  94.839   19077751.240          0.000  265
 100.171   10688071.324          0.000  236
 100.171    6122528.122          0.000  236
 100.456   12566370.323          0.000  270
 100.451   16324907.737          0.000  270
 100.466   12401406.196          0.000  335
 100.146    6311364.040          0.000  335
 100.691    9347508.087          0.000  275
 100.492   15053520.492          0.000  277
 100.029          0.000          0.000  310
 100.176          0.000          0.000  311
 100.659   17292502.106          0.000  314
 100.398    8449679.616          0.000  314
 100.398          0.000          0.000  314
 100.384   16751072.848          0.000  283
 100.228    9955047.644          0.000  283
 100.180   10716304.899          0.000  286
 100.180    6026684.191          0.000  286
 100.157          0.000          0.000  319
 100.271          0.000          0.000  320
 100.582   13644769.948          0.000  255
 100.722   19434411.534          0.000  383
 100.334   11768074.561          0.000  354
 100.204    5813252.758          0.000  354
 100.712   17010469.741          0.000  260
 100.406   16781828.406          0.000  296
  92.412   21124655.601          0.000  328
   0.000          0.000          0.000  328
   0.000          0.000          0.000  329
  89.781   16023953.803          0.000  329
 100.516   19787206.799          0.000  236
 100.207   13207382.304          0.000  236
 100.320    7103524.508          0.000  364
 100.624   17736728.403          0.000  366
 100.145          0.000          0.000  335
 100.697   13149329.638          0.000  368
 100.328    7688207.123          0.000  368
 100.356   15190432.889          0.000  368
 100.417          0.000          0.000  339
 100.527   14881599.449          0.000  311
 100.176    5122041.219          0.000  311
 100.176    8667022.385          0.000  311
 100.282          0.000          0.000  343
 100.682   14888825.105          0.000  314
 100.264          0.000          0.000  345
 100.553   17032013.757          0.000  408
 100.280   16330096.309          0.000  286
 100.157    4074729.793          0.000  319
 100.492    8049036.023          0.000  320
 100.470   10227365.711          0.000  382
 100.218   10831875.717          0.000  382
 100.246    5741760.101          0.000  383
 100.220    6293124.423          0.000  354
 100.203          0.000          0.000  354
 100.215    9490362.498          0.000  416
 100.264   16088333.934          0.000  416
 100.244          0.000          0.000  357
  86.965   13628936.023          0.000  328
   0.000          0.000          0.000  359
   0.000          0.000          0.000  360
  91.350   19682235.546          0.000  329
 100.501    9687945.572          0.000  392
 100.634    7483991.102          0.000  394
 100.306          0.000          0.000  364
 100.338    7746160.853          0.000  366
 100.234          0.000          0.000  366
 100.328    9331828.945          0.000  368
 100.328          0.000          0.000  368
 100.328    3861153.978          0.000  368
 100.575   22134830.704          0.000  429
 100.427   21218587.767          0.000  311
 100.191   12411977.592          0.000  311
 100.392   17804466.408          0.000  311
 100.176   21630543.427          0.000  311
 100.176          0.000          0.000  375
 100.449   14040755.521          0.000  406
 100.333   15654511.055          0.000  408
 100.283    6944003.709          0.000  408
 100.211   15130801.327          0.000  319
 100.326   15541141.006          0.000  319
 100.316    8359516.720          0.000  382
 100.217          0.000          0.000  382
 100.245          0.000          0.000  383
 100.345   14380870.590          0.000  354
 100.542   11464372.437          0.000  354
 100.179    3839816.125          0.000  416
 100.436   15315782.654          0.000  448
  89.663   14549949.157          0.000  389
   0.000          0.000          0.000  389
   0.000          0.000          0.000  390
  92.613   23169179.809          0.000  420
 100.257          0.000          0.000  392
 100.388    5022511.278          0.000  394
 100.388          0.000          0.000  394
 100.566   13200448.257          0.000  424
 100.234    8380538.501          0.000  366
 100.234    5063948.898          0.000  366
 100.517    8959943.102          0.000  368
 100.331    7021613.172          0.000  429
 100.367   10781467.432          0.000  429
 100.534   12316701.352          0.000  432
 100.279   13071256.729          0.000  404
 100.219    5269979.750          0.000  404
 100.219          0.000          0.000  404
 100.371   13466116.123          0.000  375
 100.124          0.000          0.000  406
 100.538   11937839.606          0.000  437
 100.283          0.000          0.000  408
 100.246    7871324.477          0.000  439
 100.357    9971806.748          0.000  441
 100.254   16562278.336          0.000  382
 100.217    5049784.319          0.000  382
 100.246    5351966.257          0.000  383
 100.510   16421117.395          0.000  445
 100.269    7604084.873          0.000  445
 100.179          0.000          0.000  416
 100.436    5305926.743          0.000  448
  90.691   17149219.734          0.000  419
   0.000          0.000          0.000  419
   0.000          0.000          0.000  420
  88.710   14679277.627          0.000  420
 100.534   10402048.885          0.000  392
 100.466   10086792.640          0.000  424
 100.448          0.000          0.000  424
 100.448    4838290.639          0.000  424
 100.402   13340640.850          0.000  366
 100.234   11490622.892          0.000  366
 100.545   15399715.828          0.000  429
 100.330          0.000          0.000  429
 100.331    6030742.667          0.000  429
 100.356   11780882.030          0.000  429
 100.181          0.000          0.000  432
 100.317   10760008.054          0.000  404
 100.399   12250432.952          0.000  466
 100.366   16741735.153          0.000  467
 100.781   18951738.569          0.000  406
 100.162          0.000          0.000  437
 100.256   10437651.421          0.000  439
 100.222          0.000          0.000  439
 100.222    7393448.474          0.000  439
 100.183          0.000          0.000  441
 100.671   14583588.133          0.000  382
 100.551   12448013.059          0.000  383
 100.526    9552893.548          0.000  474
 100.269          0.000          0.000  445
 100.279    9480576.101          0.000  416
 100.797   17255230.867          0.000  448
 100.436          0.000          0.000  448
  81.008   13123661.198          0.000  419
   0.000          0.000          0.000  450
   0.000          0.000          0.000  451
  86.216   13933165.595          0.000  420
 100.600    8019623.242          0.000  484
 100.395   10759944.539          0.000  486
 100.642    9683262.896          0.000  424
 100.487    7866307.260          0.000  457
 100.182          0.000          0.000  457
 100.733   24652611.246          0.000  366
 100.439   12619096.505          0.000  429
 100.331    4517599.455          0.000  429
 100.470   19021309.915          0.000  525
 100.796   27347082.504          0.001  429
 100.439   19396601.384          0.000  529
 100.261   10584299.875          0.000  529
 100.703   11795994.124          0.000  466
 100.316          0.000          0.000  466
 100.079          0.000          0.000  467
 100.081          0.000          0.000  468
 100.745   12573824.721          0.000  501
 100.330    7107536.695          0.000  439
 100.152   18489350.992          0.000  536
 100.145   13081837.864          0.000  536
 100.688   15644305.756          0.000  538
 100.214          0.000          0.000  474
 100.325   12559903.133          0.000  474
 100.269    5559413.025          0.000  445
 100.269   11269747.755          0.000  445
 100.759   17624434.996          0.000  448
 100.509    6905641.140          0.000  448
  79.754   11770246.963          0.000  450
   0.000          0.000          0.000  481
   0.000          0.000          0.000  482
  89.045   15302726.224          0.000  482
 100.536          0.000          0.000  484
 100.388   12128992.317          0.000  486
 100.366          0.000          0.000  486
 100.777   18851803.568          0.000  486
 100.391   15899022.790          0.000  457
 100.182    7740814.671          0.000  457
 100.374   19678245.530          0.000  429
 100.344   12840566.110          0.000  429
 100.267   14014604.838          0.000  525
 100.183    5741696.968          0.000  525
 100.608   15308762.715          0.000  525
 100.464   19255644.353          0.000  529
 100.261    4747915.942          0.000  529
 100.468    8843987.000          0.000  466
 100.227          0.000          0.000  498
 100.372   16575871.554          0.000  532
 100.419   13518103.887          0.000  532
 100.294          0.000          0.000  501
 100.509    9753523.175          0.000  503
 100.225          0.000          0.000  503
 100.103    2521123.941          0.000  536
 100.103    6758950.836          0.000  536
 100.337   18722078.331          0.000  536
 100.462    6944924.151          0.000  538
 100.492    9117700.245          0.000  474
 100.533   11777242.228          0.000  445
 100.429   19419300.411          0.000  445
 100.387   10867392.820          0.000  542
  77.739   10851127.471          0.000  481
   0.000          0.000          0.000  513
   0.000          0.000          0.000  514
  89.581   15806968.345          0.000  514
 100.696   19199332.130          0.000  486
 100.367    7369382.656          0.000  486
 100.366    5147030.516          0.000  486
 100.453    8042914.307          0.000  520
 100.419          0.000          0.000  520
 100.565   16575569.256          0.000  552
 100.569    7365563.266          0.000  523
 100.483          0.000          0.000  523
 100.520   18104772.860          0.000  525
 100.183          0.000          0.000  525
 100.183    5565176.728          0.000  525
 100.698   19336483.954          0.000  588
 100.414    8129214.297          0.000  529
 100.260          0.000          0.000  529
 100.262    7669755.953          0.000  498
 100.448    9286847.852          0.000  532
 100.237          0.000          0.000  532
 100.496   17298620.457          0.000  565
 100.203    9522203.853          0.000  565
 100.679   10580042.455          0.000  503
 100.103          0.000          0.000  536
 100.236   22380751.520          0.000  597
 100.306          0.000          0.000  538
 100.306    5216825.266          0.000  538
 100.260    5734500.619          0.000  571
 100.593    8265176.781          0.000  572
 100.192          0.000          0.000  542
 100.256    4983907.085          0.000  542
  85.744   10888219.727          0.000  575
   0.000          0.000          0.000  545
   0.000          0.000          0.000  546
  83.679   10734342.390          0.000  546
 100.469          0.000          0.000  548
 100.673   17629643.785          0.000  486
 100.235    7089041.568          0.000  580
 100.682    9769366.024          0.000  520
 100.272          0.000          0.000  552
 100.272    8185330.949          0.000  552
 100.161    6359181.024          0.000  583
 100.716   11209887.777          0.000  523
 100.306    6411713.576          0.000  585
 100.183    6364622.170          0.000  525
 100.183    7095339.341          0.000  525
 100.419    7365276.872          0.000  588
 100.261    8568275.704          0.000  529
 100.623    9149753.110          0.000  590
 100.567   11015379.280          0.000  591
 100.370   10756716.400          0.000  532
 100.237   10309977.845          0.000  532
 100.175          0.000          0.000  565
 100.175    5178236.874          0.000  565
 100.133    5936614.001          0.000  595
 100.088    8353417.816          0.000  597
 100.672   11435471.191          0.000  538
 100.556   12377522.782          0.000  571
 100.250          0.000          0.000  571
 100.176          0.000          0.000  572
 100.192    6129508.201          0.000  542
  97.486   20765033.863          0.000  575
   0.000          0.000          0.000  575
   0.000          0.000          0.000  576
  90.700   18245946.123          0.000  576
  96.620   20735686.771          0.000  546
 100.711   20343945.303          0.000  580
 100.212          0.000          0.000  580
 100.314   16568167.457          0.000  580
 100.272    5257933.418          0.000  552
 100.126          0.000          0.000  583
 100.256    6891700.552          0.000  585
 100.256          0.000          0.000  585
 100.560   17500718.483          0.000  525
 100.270   15487530.438          0.000  525
 100.418          0.000          0.000  588
 100.699   18586651.931          0.000  529
 100.312          0.000          0.000  590
 100.143          0.000          0.000  591
 100.225          0.000          0.000  592
 100.500   15588125.773          0.000  565
 100.698   21564516.741          0.000  658
 100.067          0.000          0.000  595
 100.091    7095037.183          0.000  597
 100.088          0.000          0.000  597
 100.243    8902038.258          0.000  629
 100.340   10150695.920          0.000  630
 100.357   10647215.826          0.000  601
 100.122          0.000          0.000  601
 100.458   13882734.917          0.000  665
  77.572   10383035.502          0.000  575
   0.000          0.000          0.000  604
   0.000          0.000          0.000  605
  91.568   20575414.661          0.000  605
  95.221   16983373.003          0.000  636
 100.307   15728267.116          0.000  580
 100.216    7588921.460          0.000  580
 100.212    6358176.489          0.000  580
 100.454   23306120.748          0.000  673
 100.357   12718039.346          0.000  552
 100.429   12109184.547          0.000  583
 100.591   15201114.554          0.000  585
 100.547   11770357.189          0.000  585
 100.355   14156081.587          0.000  679
 100.493    6405817.926          0.000  588
 100.757   21513716.764          0.000  652
 100.284    9263489.748          0.000  652
 100.332   13845922.021          0.000  591
 100.143    5606363.590          0.000  591
 100.719   11348519.203          0.000  654
 100.521    8782545.987          0.000  656
 100.127          0.000          0.000  624
 100.243    9206499.440          0.000  658
 100.243    6341128.415          0.000  658
 100.220   14272813.096          0.000  597
 100.243    2246111.493          0.000  629
 100.243          0.000          0.000  629
 100.155          0.000          0.000  630
 100.154   13314859.697          0.000  663
 100.718   13222511.842          0.000  665
 100.186    6042352.186          0.000  665
  90.451   16209567.390          0.000  635
   0.000          0.000          0.000  635
   0.000          0.000          0.000  636
  81.880    9600195.949          0.000  636
  96.139   18894932.019          0.000  636
 100.643   12953348.261          0.000  671
 100.246   13993496.024          0.000  580
 100.224   10215588.750          0.000  673
 100.197          0.000          0.000  642
 100.162          0.000          0.000  643
 100.138          0.000          0.000  644
 100.344    9852798.267          0.000  644
 100.500   14297483.224          0.000  679
 100.264    3611915.490          0.000  679
 100.264    7519641.866          0.000  679
 100.565    8769139.745          0.000  650
 100.530          0.000          0.000  650
 100.286   10999676.808          0.000  652
 100.222          0.000          0.000  652
 100.422   18198943.569          0.000  591
 100.300          0.000          0.000  654
 100.224    5924384.517          0.000  656
 100.224          0.000          0.000  656
 100.243    8816409.433          0.000  658
 100.243          0.000          0.000  658
 100.313   17780023.257          0.000  658
 100.243    7704360.775          0.000  629
 100.658   11012358.417          0.000  629
 100.303    8754240.791          0.000  629
 100.154          0.000          0.000  663
 100.129          0.000          0.000  664
 100.172          0.000          0.000  665
  85.373   12103822.521          0.000  635
   0.000          0.000          0.000  667
   0.000          0.000          0.000  668
  77.352   11251197.451          0.000  699
 100.263    5652971.827          0.000  701
 100.215          0.000          0.000  671
 100.307   20420099.147          0.000  580
 100.224          0.000          0.000  673
 100.258    8199684.101          0.000  673
 100.630   18885642.572          0.000  706
 100.738   18651697.848          0.000  644
 100.271          0.000          0.000  677
 100.352   11401773.133          0.000  679
 100.264          0.000          0.000  679
 100.264    9979349.322          0.000  679
 100.569   12704746.666          0.000  711
 100.213          0.000          0.000  682
 100.261    8453902.857          0.000  682
 100.675   17539508.514          0.000  715
 100.285    6349961.788          0.000  715
 100.300    8318567.029          0.000  654
 100.300    5551155.888          0.000  654
 100.224    6170346.400          0.000  656
 100.641   18171029.000          0.000  658
 100.379    9492143.132          0.000  658
 100.244   13223997.545          0.000  629
 100.270   17327288.776          0.000  629
 100.609   18157510.291          0.000  629
 100.626   10915790.488          0.000  663
 100.558    9818462.816          0.000  664
 100.172    8320559.389          0.000  665
  79.177   11165371.462          0.000  698
   0.000          0.000          0.000  698
   0.000          0.000          0.000  699
  89.508   15937802.141          0.000  699
 100.201          0.000          0.000  701
 100.459   12639521.841          0.000  671
 100.403   12120929.515          0.000  673
 100.710   18163351.671          0.000  673
 100.273    4688376.842          0.000  706
 100.273          0.000          0.000  706
 100.341    8275563.329          0.000  677
 100.091          0.000          0.000  708
 100.443   11100920.630          0.000  740
 100.408    5242593.127          0.000  711
 100.407          0.000          0.000  711
 100.526    9376770.307          0.000  682
 100.681   15431237.056          0.000  715
 100.285    5758390.661          0.000  715
 100.285          0.000          0.000  715
 100.608   13761004.997          0.000  654
 100.579   14385493.657          0.000  656
 100.659   20127014.398          0.000  778
 100.241   11845643.811          0.000  778
 100.286   10184431.865          0.000  778
 100.412   23551856.105          0.000  629
 100.354    9643177.939          0.000  751
 100.319   11025074.735          0.000  752
 100.544   20208358.570          0.000  754
 100.425    9736661.259          0.000  754
 100.254   16440467.010          0.000  665
 100.338    9188158.782          0.000  757
  81.356   13247793.970          0.000  698
   0.000          0.000          0.000  729
   0.000          0.000          0.000  730
  89.226   16203107.572          0.000  699
 100.426   12234983.062          0.000  762
 100.479   13886690.472          0.000  762
 100.382   12771628.067          0.000  763
 100.554   20347162.357          0.000  826
 100.317          0.000          0.000  736
 100.721   12184516.159          0.000  706
 100.308   11713845.276          0.000  768
 100.408    9571659.090          0.000  708
 100.089          0.000          0.000  740
 100.540   14012929.357          0.000  711
 100.491    5474639.429          0.000  711
 100.190          0.000          0.000  743
 100.388   13778567.785          0.000  715
 100.418    7989564.026          0.000  715
 100.463    7793937.668          0.000  775
 100.636   18086013.859          0.000  777
 100.298    7835931.045          0.000  777
 100.239    3265805.523          0.000  778
 100.490   19374120.533          0.000  778
 100.303          0.000          0.000  751
 100.248          0.000          0.000  752
 100.070          0.000          0.000  753
 100.314          0.000          0.000  754
 100.314    4338746.585          0.000  754
 100.236    6287038.583          0.000  757
 100.236          0.000          0.000  757
  79.233   11524072.750          0.000  788
   0.000          0.000          0.000  759
   0.000          0.000          0.000  760
  88.942   15085586.521          0.000  760
 100.271          0.000          0.000  762
 100.194          0.000          0.000  763
 100.195    6134593.146          0.000  763
 100.322   11911330.772          0.000  826
 100.348   10619277.848          0.000  736
 100.230          0.000          0.000  767
 100.267          0.000          0.000  768
 100.310    6940852.403          0.000  799
 100.617   15410849.482          0.000  799
 100.732   13796297.519          0.000  711
 100.630   10939769.649          0.000  743
 100.748   12661046.681          0.000  805
 100.235          0.000          0.000  774
 100.209          0.000          0.000  775
 100.383   10252173.628          0.000  777
 100.260          0.000          0.000  777
 100.239          0.000          0.000  778
 100.459    7743574.862          0.000  811
 100.738   14166990.350          0.000  751
 100.727   13034888.378          0.000  752
 100.100    7017319.251          0.000  753
 100.328    8019580.171          0.000  754
 100.446   10702900.294          0.000  754
 100.268   12801454.978          0.000  757
 100.198    5375897.614          0.000  787
 100.165          0.000          0.000  787
   0.000          0.000          0.000  788
   0.000          0.000          0.000  789
  89.397   15642895.738          0.000  789
 100.332    7591986.617          0.000  762
 100.195    6767838.413          0.000  763
 100.698   20559598.116          0.000  826
 100.300    5162829.769          0.000  826
 100.573   12505565.860          0.000  827
 100.277   12953428.647          0.000  827
 100.430    6350114.256          0.000  768
 100.587   16669507.924          0.000  799
 100.310          0.000          0.000  799
 100.310    7027084.090          0.000  799
 100.414          0.000          0.000  801
 100.338   10591652.889          0.000  866
 100.669   19191644.918          0.000  805
 100.330    8033512.740          0.000  805
 100.318          0.000          0.000  805
 100.318    6084902.254          0.000  805
 100.175   12842406.022          0.000  839
 100.350    8680099.342          0.000  777
 100.193   11582322.062          0.000  841
 100.311    6774889.591          0.000  811
 100.311          0.000          0.000  811
 100.311    8302346.480          0.000  811
 100.355    5925366.210          0.000  844
 100.586   17778140.346          0.000  846
 100.227    5697782.743          0.000  846
 100.547   17036018.908          0.000  754
 100.733   25366272.209          0.001  757
 100.287   10912414.232          0.000  787
  80.209   12245467.530          0.000  788
   0.000          0.000          0.000  820
   0.000          0.000          0.000  821
  92.042   21076150.343          0.000  789
 100.268    9922636.951          0.000  855
 100.386   12441079.853          0.000  855
 100.438   21433894.662          0.000  763
 100.300          0.000          0.000  826
 100.276          0.000          0.000  827
 100.276    3199242.601          0.000  827
 100.277    7624322.155          0.000  827
 100.262          0.000          0.000  830
 100.263    3797190.962          0.000  830
 100.456    6566010.112          0.000  799
 100.684    8457758.023          0.000  801
 100.356   13876022.603          0.000  866
 100.338    4628237.064          0.000  866
 100.318    7779214.720          0.000  805
 100.333   10744683.751          0.000  805
 100.371   12063978.754          0.000  839
 100.114          0.000          0.000  839
 100.311   22392373.724          0.000  841
 100.131          0.000          0.000  841
 100.529   12869820.743          0.000  811
 100.350    6580409.835          0.000  844
 100.350          0.000          0.000  844
 100.302   10280868.548          0.000  846
 100.227          0.000          0.000  846
 100.571   13351362.741          0.000  848
 100.434          0.000          0.000  848
 100.370   20037175.682          0.000  787
  85.380   10885198.202          0.000  820
   0.000          0.000          0.000  851
   0.000          0.000          0.000  852
  75.489   10239942.361          0.000  821
  95.370   20503045.189          0.000  821
 100.195          0.000          0.000  855
 100.302          0.000          0.000  856
 100.449          0.000          0.000  857
 100.377    5936518.109          0.000  826
 100.344    5011011.621          0.000  827
 100.228   14299615.183          0.000  890
 100.277   12381616.819          0.000  827
 100.759   18833188.932          0.000  830
 100.480    6202072.809          0.000  894
 100.322   10925197.647          0.000  929
 100.445   10243083.353          0.000  866
 100.338          0.000          0.000  866
 100.767   25404861.181          0.001  805
 100.696   19188216.587          0.000  933
 100.343    7226221.597          0.000  870
 100.306          0.000          0.000  870
 100.640   13890234.771          0.000  839
 100.171          0.000          0.000  872
 100.562   13862658.190          0.000  905
 100.289    6986355.962          0.000  905
 100.472   13211632.853          0.000  844
 100.602   14057645.514          0.000  844
 100.787   17967615.824          0.000  846
 100.335          0.000          0.000  878
 100.554    6963689.983          0.000  848
  99.636   23772266.114          0.000  915
  90.653   16332780.221          0.000  915
   0.000          0.000          0.000  882
   0.000          0.000          0.000  883
  88.989   14931970.605          0.000  883
 100.165    6290513.624          0.000  886
 100.165          0.000          0.000  886
 100.734   13702788.530          0.000  857
 100.605   16810228.416          0.000  826
 100.600   20919132.721          0.000  890
 100.228          0.000          0.000  890
 100.339   21856660.511          0.000  827
 100.602   12172535.152          0.000  926
 100.466    7520503.594          0.000  894
 100.458          0.000          0.000  894
 100.360   13827962.157          0.000  929
 100.322    5309569.312          0.000  929
 100.322    9420425.571          0.000  929
 100.420    6398313.474          0.000  866
 100.458   14231306.622          0.000  931
 100.226    7529156.040          0.000  933
 100.512   23588500.750          0.000  933
 100.352          0.000          0.000  902
 100.171    4901904.948          0.000  872
 100.251    5051068.589          0.000  905
 100.251          0.000          0.000  905
 100.251    4950092.556          0.000  905
 100.319   12682770.041          0.000  905
 100.452    9359981.477          0.000  909
 100.267          0.000          0.000  909
 100.539   11101195.515          0.000  878
 100.188          0.000          0.000  911
  99.849   25311204.128          0.001  915
  95.832   16635966.826          0.000  915
  82.490    9154081.965          0.000  915
   0.000          0.000          0.000  915
   0.000          0.000          0.000  916
  65.622    6331457.784          0.000  949
 100.306   17528119.430          0.000  886
 100.223    9424134.018          0.000  886
 100.707   11053105.944          0.000  921
 100.380          0.000          0.000  921
 100.428   15749978.624          0.000  890
 100.228    7336878.218          0.000  890
 100.289    5462578.410          0.000  890
 100.495   30058172.285          0.001  827
 100.443          0.000          0.000  926
 100.770   18989588.515          0.000  894
 100.662   23152223.185          0.000  929
 100.322          0.000          0.000  929
 100.314    8040812.960          0.000  931
 100.314          0.000          0.000  931
 100.314    4663849.805          0.000  931
 100.174          0.000          0.000  933
 100.174    7303091.499          0.000  933
 100.310          0.000          0.000  935
 100.345    9003385.622          0.000  935
 100.552   15993239.678          0.000  872
 100.439   13035867.026          0.000  905
 100.640   16431619.021          0.000  905
 100.362   13115815.505          0.000  905
 100.672   15695006.335          0.000  971
 100.227    6597582.086          0.000  971
 100.472   16998098.077          0.000  911
 100.322    7707378.459          0.000  911
 100.225    7427381.166          0.000  946
 100.214          0.000          0.000  946
  89.001   13931056.040          0.000  948
   0.000          0.000          0.000  948
   0.000          0.000          0.000  949
  93.263   15951060.320          0.000  949
 100.043          0.000          0.000  951
 100.439   12809092.191          0.000 1012
 100.476    7477682.537          0.000  921
 100.228          0.000          0.000  954
 100.568   14120522.736          0.000 1015
 100.537   18318671.272          0.000 1017
 100.588   10187560.372          0.000  926
 100.635   19791600.996          0.000  929
 100.339    8707194.744          0.000  929
 100.322    3605021.335          0.000  929
 100.788   14664801.319          0.000  929
 100.462   10810927.275          0.000  993
 100.588   19822764.686          0.000  993
 100.429   11472396.116          0.000  933
 100.374   17716362.620          0.000 1089
 100.772   21422411.745          0.000 1089
 100.675   26206709.642          0.001 1089
 100.160          0.000          0.000  968
 100.181    8048805.509          0.000  968
 100.672   18046774.645          0.000 1032
 100.189          0.000          0.000  971
 100.362   15443300.861          0.000 1033
 100.431   13949313.375          0.000  946
 100.292   11798338.295          0.000 1005
  88.065   13075000.848          0.000  948
   0.000          0.000          0.000  976
   0.000          0.000          0.000  977
  76.451   10649752.781          0.000 1008
 100.636    9798451.574          0.000 1010
 100.443   16134327.874          0.000 1012
 100.204    4806224.183          0.000 1012
 100.542   10343553.845          0.000 1013
 100.302    7952728.855          0.000  954
 100.195    6648490.682          0.000 1015
 100.706   17080214.296          0.000 1017
 100.281    6714535.944          0.000 1017
 100.291    4789358.031          0.000 1018
 100.727   21078777.551          0.000  929
 100.344    8616040.541          0.000  929
 100.276   10213188.404          0.000  991
 100.148          0.000          0.000  991
 100.163    7193124.690          0.000  993
 100.150          0.000          0.000  993
 100.151    7655717.872          0.000  993
 100.424    9890836.689          0.000 1025
 100.303   11755315.170          0.000 1089
 100.303    9699047.118          0.000 1089
 100.403   17368322.501          0.000 1089
 100.379          0.000          0.000  999
 100.161    7949388.195          0.000  968
 100.569   17168089.274          0.000 1032
 100.215    4999775.219          0.000 1032
 100.114    5799322.725          0.000 1033
 100.535   18350123.835          0.000 1065
 100.249          0.000          0.000 1005
  91.970   19337814.574          0.000 1007
   0.000          0.000          0.000 1007
   0.000          0.000          0.000 1008
  94.218   17227221.094          0.000 1008
 100.300          0.000          0.000 1010
 100.540   11547223.222          0.000 1012
 100.204          0.000          0.000 1012
 100.083          0.000          0.000 1013
 100.676   19020825.156          0.000  954
 100.195          0.000          0.000 1015
 100.281   10036756.025          0.000 1017
 100.281          0.000          0.000 1017
 100.267          0.000          0.000 1018
 100.687   27599514.521          0.001  929
 100.445   17044692.777          0.000  929
 100.538    9805227.814          0.000 1052
 100.574   18554875.868          0.000  993
 100.151   11348609.876          0.000  993
 100.278    8751516.704          0.000 1025
 100.277          0.000          0.000 1025
 100.307   20395431.950          0.000 1089
 100.303    4775758.278          0.000 1089
 100.451   15530656.557          0.000 1089
 100.690    8280578.011          0.000  999
 100.145          0.000          0.000 1030
 100.278   22646800.317          0.000  968
 100.215          0.000          0.000 1032
 100.095          0.000          0.000 1033
 100.276    6000552.798          0.000 1065
 100.620    8666731.518          0.000 1005
  90.327   16083694.670          0.000 1037
   0.000          0.000          0.000 1037
   0.000          0.000          0.000 1038
  70.321    7823891.061          0.000 1008
 100.300    4426501.375          0.000 1010
 100.300    8315956.412          0.000 1010
 100.532   19527167.528          0.000 1012
 100.204    8941288.979          0.000 1012
 100.254    9372320.861          0.000 1075
 100.113          0.000          0.000 1045
 100.185   12041895.479          0.000 1045
 100.285          0.000          0.000 1047
 100.608   13870386.569          0.000 1017
 100.401   15328621.345          0.000 1112
 100.338   10482763.798          0.000 1112
 100.348    8164984.723          0.000 1052
 100.305          0.000          0.000 1052
 100.563   29107735.535          0.001 1117
 100.122          0.000          0.000 1054
 100.277    6279448.862          0.000 1025
 100.725   14986729.087          0.000 1089
 100.303    2666283.692          0.000 1089
 100.303    6278892.381          0.000 1089
 100.483   12500400.881          0.000 1091
 100.621   18411095.612          0.000 1062
 100.292    9331610.717          0.000 1062
 100.210          0.000          0.000 1062
 100.326   14666281.698          0.000 1032
 100.276    8154797.950          0.000 1065
 100.276          0.000          0.000 1065
 100.283    6661753.660          0.000 1065
 100.167          0.000          0.000 1067
  91.099   17478330.427          0.000 1069
   0.000          0.000          0.000 1069
   0.000          0.000          0.000 1070
  89.621   15766164.733          0.000 1070
 100.326   13809100.510          0.000 1010
 100.722   16944843.189          0.000 1136
 100.487    6295846.103          0.000 1075
 100.246          0.000          0.000 1075
 100.213    7132110.931          0.000 1045
 100.113    4976413.945          0.000 1045
 100.267   17628062.789          0.000 1140
 100.649   21219287.225          0.000 1171
 100.481   25824805.447          0.001 1112
 100.716   19202903.651          0.000 1112
 100.295    4892666.344          0.000 1112
 100.326    6950277.711          0.000 1052
 100.263   12921168.850          0.000 1117
 100.272    6824519.195          0.000 1117
 100.716   16251938.483          0.000 1025
 100.292    9572662.478          0.000 1119
 100.335    9702847.216          0.000 1089
 100.303          0.000          0.000 1089
 100.742   23763041.079          0.000 1089
 100.088          0.000          0.000 1091
 100.347    8684109.607          0.000 1124
 100.194          0.000          0.000 1093
 100.334   20070373.726          0.000 1065
 100.276    8379191.695          0.000 1065
 100.381   12067490.050          0.000 1065
  98.884   23617985.260          0.000 1131
  89.747   10640776.181          0.000 1131
  67.435    5225069.850          0.000 1131
   0.000          0.000          0.000 1100
   0.000          0.000          0.000 1101
  89.632   16571832.454          0.000 1101
 100.322   13710429.308          0.000 1136
 100.372    6824005.038          0.000 1136
 100.506   24393559.260          0.000 1075
 100.246    6061230.969          0.000 1075
 100.113   11661702.492          0.000 1045
 100.220    4605577.577          0.000 1140
 100.411   11138765.490          0.000 1141
 100.358   11824135.383          0.000 1171
 100.295    4881559.713          0.000 1112
 100.295          0.000          0.000 1112
 100.602    9882365.723          0.000 1145
 100.676   23272450.979          0.000 1117
 100.283   12629819.981          0.000 1117
 100.244    5111152.910          0.000 1117
 100.244          0.000          0.000 1117
 100.653   13917080.842          0.000 1119
 100.237          0.000          0.000 1119
 100.401   15162131.150          0.000 1089
 100.090          0.000          0.000 1121
 100.273          0.000          0.000 1122
 100.410   10252157.217          0.000 1124
 100.195          0.000          0.000 1124
 100.223    6288905.498          0.000 1093
 100.288   16208453.144          0.000 1127
 100.257          0.000          0.000 1127
 100.538   21165186.164          0.000 1065
  97.806   17374021.571          0.000 1131
  90.201   15628080.908          0.000 1131
   0.000          0.000          0.000 1131
   0.000          0.000          0.000 1132
  85.796   12036969.272          0.000 1101
 100.630   17591521.134          0.000 1136
 100.321    6537094.550          0.000 1136
 100.321          0.000          0.000 1136
 100.309   17639711.513          0.000 1075
 100.439   16144173.283          0.000 1168
 100.155   22475945.575          0.000 1045
 100.220          0.000          0.000 1140
 100.158          0.000          0.000 1141
 100.220    6083862.046          0.000 1171
 100.295    8044612.482          0.000 1112
 100.498   12890624.429          0.000 1173
 100.414          0.000          0.000 1145
 100.498   12620479.372          0.000 1175
 100.277   16210954.906          0.000 1117
 100.546   13195328.591          0.000 1117
 100.355   11559562.126          0.000 1119
 100.147          0.000          0.000 1150
 100.362   11724987.283          0.000 1121
 100.298    6886592.410          0.000 1122
 100.492   18722589.738          0.000 1124
 100.195    7011362.635          0.000 1124
 100.437   12646252.344          0.000 1186
 100.257    5074286.274          0.000 1127
 100.399   11198214.381          0.000 1127
 100.575   17722743.719          0.000 1220
  99.856   23909995.718          0.000 1131
  88.515   13664517.596          0.000 1192
   0.000          0.000          0.000 1161
   0.000          0.000          0.000 1162
  96.110   18485268.386          0.000 1101
 100.514    9851995.960          0.000 1197
 100.385    5694930.263          0.000 1136
 100.408    8656429.372          0.000 1167
 100.225          0.000          0.000 1167
 100.051          0.000          0.000 1168
 100.264    7505302.444          0.000 1140
 100.543   11505858.746          0.000 1171
 100.219          0.000          0.000 1171
 100.328   22349601.687          0.000 1112
 100.097          0.000          0.000 1173
 100.687   12020252.485          0.000 1175
 100.159          0.000          0.000 1175
 100.272   11516128.813          0.000 1177
 100.129          0.000          0.000 1177
 100.602   16902259.250          0.000 1180
 100.144    4423260.176          0.000 1180
 100.144          0.000          0.000 1180
 100.287   10648761.530          0.000 1182
 100.178          0.000          0.000 1182
 100.483   10403821.421          0.000 1184
 100.281          0.000          0.000 1184
 100.453   11337652.534          0.000 1186
 100.264          0.000          0.000 1186
 100.790   11415009.816          0.000 1218
 100.532   18299418.288          0.000 1127
 100.293    7516229.533          0.000 1220
 100.458          0.000          0.000 1190
  89.819   15122459.731          0.000 1192
   0.000          0.000          0.000 1192
   0.000          0.000          0.000 1193
  74.872    9642979.473          0.000 1225
 100.654   15311629.211          0.000 1197
 100.350    5585979.886          0.000 1197
 100.349          0.000          0.000 1197
 100.618   17498121.536          0.000 1260
 100.225    9969813.641          0.000 1167
 100.225    7820989.959          0.000 1167
 100.277    7450666.172          0.000 1202
 100.179          0.000          0.000 1202
 100.419   10483385.371          0.000 1234
 100.587   23576098.621          0.000 1267
 100.236   15024421.747          0.000 1267
 100.499   11956973.189          0.000 1173
 100.097    6839850.970          0.000 1173
 100.159    6910465.982          0.000 1175
 100.157   13117049.578          0.000 1177
 100.466   11737203.393          0.000 1177
 100.145   11739707.381          0.000 1180
 100.440   12736403.572          0.000 1244
 100.178    7319011.831          0.000 1182
 100.435   16542039.895          0.000 1277
 100.303    7101226.932          0.000 1184
 100.658   16523605.869          0.000 1186
 100.431   12421637.411          0.000 1186
 100.538          0.000          0.000 1218
 100.579   12835413.676          0.000 1220
 100.189          0.000          0.000 1220
 100.790   10154273.312          0.000 1190
  96.384   21851114.780          0.000 1224
  88.087   14908920.739          0.000 1192
   0.000          0.000          0.000 1224
   0.000          0.000          0.000 1225
  94.993   17523525.539          0.000 1288
 100.350    6435736.199          0.000 1197
 100.569    9320777.958          0.000 1260
 100.222   10053721.979          0.000 1260
 100.407    7392319.234          0.000 1262
 100.713   27201081.190          0.001 1167
 100.329   14429576.684          0.000 1202
 100.180    7484639.917          0.000 1202
 100.060          0.000          0.000 1234
 100.372   11326521.184          0.000 1267
 100.121    6741830.507          0.000 1267
 100.313   10702765.671          0.000 1269
 100.154   18493322.317          0.000 1173
 100.263    9263928.342          0.000 1271
 100.545   10807375.421          0.000 1241
 100.242          0.000          0.000 1241
 100.242    7972473.834          0.000 1241
 100.345   13653465.796          0.000 1241
 100.174          0.000          0.000 1244
 100.208   17880631.434          0.000 1339
 100.060    6995065.142          0.000 1277
 100.501   18486720.003          0.000 1184
 100.214          0.000          0.000 1248
 100.607   23042143.586          0.000 1248
 100.467   22464155.195          0.000 1220
 100.189    7803757.850          0.000 1220
 100.640   13894271.199          0.000 1285
  93.834   15233268.718          0.000 1224
  69.704    7043337.595          0.000 1224
   0.000          0.000          0.000 1255
   0.000          0.000          0.000 1256
  75.201    7494307.930          0.000 1288
  96.557   20533051.855          0.000 1288
 100.477   10113650.850          0.000 1291
 100.222          0.000          0.000 1260
 100.293    4824492.252          0.000 1262
 100.293          0.000          0.000 1262
 100.478    7657507.142          0.000 1294
 100.280   23775518.848          0.000 1328
 100.165   12610909.245          0.000 1328
 100.121    7810906.394          0.000 1267
 100.121          0.000          0.000 1267
 100.709   17821081.631          0.000 1332
 100.160          0.000          0.000 1269
 100.286   13122427.632          0.000 1271
 100.117          0.000          0.000 1271
 100.474   14238490.730          0.000 1241
 100.242    6881927.350          0.000 1241
 100.644   19532795.707          0.000 1241
 100.577    7694873.945          0.000 1244
 100.208   10047296.712          0.000 1339
 100.060          0.000          0.000 1277
 100.311   12444695.195          0.000 1310
 100.214    4067785.306          0.000 1248
 100.229    8326286.447          0.000 1248
 100.326   20196119.565          0.000 1248
 100.514          0.000          0.000 1282
 100.627   11924962.030          0.000 1285
 100.320    3031576.101          0.000 1285
 100.320          0.000          0.000 1285
  80.727   13108189.395          0.000 1255
   0.000          0.000          0.000 1287
   0.000          0.000          0.000 1288
  86.119   12408717.276          0.000 1288
 100.313    3752120.646          0.000 1291
 100.313          0.000          0.000 1291
 100.384          0.000          0.000 1292
 100.363   14185648.653          0.000 1357
 100.384          0.000          0.000 1294
 100.480   13438981.387          0.000 1328
 100.165    6513419.779          0.000 1328
 100.350   17974174.589          0.000 1267
 100.621   15543524.373          0.000 1332
 100.334    6777051.287          0.000 1332
 100.168    6349168.568          0.000 1269
 100.118   10564363.119          0.000 1271
 100.442   20973791.757          0.000 1336
 100.333   11188746.796          0.000 1336
 100.704   11913647.502          0.000 1336
 100.322          0.000          0.000 1305
 100.632   11383775.859          0.000 1339
 100.208    3083876.989          0.000 1339
 100.395   19028100.337          0.000 1277
 100.188   11358317.147          0.000 1310
 100.157          0.000          0.000 1310
 100.157    7739540.544          0.000 1310
 100.579   18345017.266          0.000 1248
 100.648   18341747.170          0.000 1343
 100.675   24034480.930          0.000 1285
 100.320    8515472.054          0.000 1285
 100.320    5298252.703          0.000 1285
  89.877   15392006.514          0.000 1318
   0.000          0.000          0.000 1318
   0.000          0.000          0.000 1319
  83.858   11097265.002          0.000 1288
  97.274   25402744.702          0.000 1288
 100.549   21607354.517          0.000 1291
 100.517    9948665.207          0.000 1292
 100.409   12180510.562          0.000 1357
 100.283    4406502.035          0.000 1357
 100.579   21440446.117          0.000 1390
 100.301    9806781.195          0.000 1328
 100.165          0.000          0.000 1328
 100.165    6908160.039          0.000 1328
 100.712   14377767.820          0.000 1362
 100.514   13090865.632          0.000 1332
 100.334          0.000          0.000 1332
 100.331    6150194.662          0.000 1364
 100.573   12921990.456          0.000 1366
 100.333    7466812.415          0.000 1336
 100.333          0.000          0.000 1336
 100.618   14909445.838          0.000 1368
 100.370    8955262.629          0.000 1305
 100.208          0.000          0.000 1339
 100.361   14934341.797          0.000 1403
 100.511    8657396.007          0.000 1310
 100.434    5978588.603          0.000 1343
 100.354          0.000          0.000 1343
 100.354    5691669.617          0.000 1343
 100.354   14167964.612          0.000 1343
 100.378          0.000          0.000 1346
 100.725   19516530.396          0.000 1285
 100.339   16500782.529          0.000 1285
  78.067   10711493.926          0.000 1381
   0.000          0.000          0.000 1350
   0.000          0.000          0.000 1351
  90.881   17915104.469          0.000 1382
 100.473   21145787.007          0.000 1384
 100.291   20305116.786          0.000 1384
 100.514   14433053.664          0.000 1357
 100.283    7783393.727          0.000 1357
 100.282          0.000          0.000 1357
 100.281    9476180.806          0.000 1390
 100.440   11413075.128          0.000 1390
 100.261   10314952.759          0.000 1328
 100.352    5455541.601          0.000 1362
 100.340          0.000          0.000 1362
 100.604    9129708.422          0.000 1332
 100.285          0.000          0.000 1364
 100.265    8298573.576          0.000 1366
 100.213          0.000          0.000 1366
 100.676   31869792.055          0.001 1366
 100.471          0.000          0.000 1368
 100.503   20445352.222          0.000 1339
 100.230    9959692.706          0.000 1339
 100.208    4779314.581          0.000 1339
 100.416   14722752.725          0.000 1403
 100.224    6660965.886          0.000 1403
 100.121          0.000          0.000 1374
 100.456    9963266.071          0.000 1405
 100.454   15036354.760          0.000 1343
 100.420    9360387.877          0.000 1346
 100.335   14811500.828          0.000 1440
 100.331   14910774.245          0.000 1440
 100.365          0.000          0.000 1380
   0.000          0.000          0.000 1381
   0.000          0.000          0.000 1382
  93.713   27668862.303          0.001 1382
 100.184          0.000          0.000 1384
 100.185    8144677.416          0.000 1384
 100.431   10775166.080          0.000 1417
 100.283    8297029.917          0.000 1357
 100.649   23472568.393          0.000 1419
 100.248   13032150.219          0.000 1419
 100.202          0.000          0.000 1390
 100.074          0.000          0.000 1391
 100.076          0.000          0.000 1392
 100.455    7840797.262          0.000 1362
 100.580    6125834.912          0.000 1395
 100.509          0.000          0.000 1395
 100.418   22343291.459          0.000 1490
 100.213    2757340.957          0.000 1366
 100.214    8149707.040          0.000 1366
 100.229   16138119.963          0.000 1366
 100.170    6099075.328          0.000 1430
 100.425   16506451.057          0.000 1339
 100.633   14815094.349          0.000 1432
 100.224          0.000          0.000 1403
 100.373   11462696.772          0.000 1374
 100.363          0.000          0.000 1405
 100.237          0.000          0.000 1406
 100.656   11321309.926          0.000 1408
 100.441          0.000          0.000 1408
 100.320    5141906.417          0.000 1440
 100.365   21235620.588          0.000 1440
  79.188   11481524.269          0.000 1381
   0.000          0.000          0.000 1412
   0.000          0.000          0.000 1413
  91.768   21185350.495          0.000 1444
 100.184    4184805.184          0.000 1384
 100.217    5705904.294          0.000 1417
 100.217          0.000          0.000 1417
 100.281    4738034.165          0.000 1419
 100.248          0.000          0.000 1419
 100.248    6270261.706          0.000 1419
 100.792   23441419.316          0.000 1484
 100.265   14302331.038          0.000 1484
 100.168    9690038.451          0.000 1392
 100.333          0.000          0.000 1424
 100.333    6829029.614          0.000 1424
 100.742    8222005.974          0.000 1395
 100.317   13001353.558          0.000 1490
 100.273   12594809.605          0.000 1366
 100.442   12428906.156          0.000 1430
 100.170          0.000          0.000 1430
 100.474   17281639.227          0.000 1430
 100.298          0.000          0.000 1432
 100.298    4801881.511          0.000 1432
 100.400    7840230.480          0.000 1403
 100.114          0.000          0.000 1435
 100.363    2839815.132          0.000 1405
 100.282    4307894.139          0.000 1406
 100.468   22340375.605          0.000 1468
 100.320    9080842.552          0.000 1440
 100.320          0.000          0.000 1440
 100.320    6709222.421          0.000 1440
  89.202   13990834.647          0.000 1443
   0.000          0.000          0.000 1443
   0.000          0.000          0.000 1444
  84.745   11315223.151          0.000 1444
 100.595   13486349.175          0.000 1384
 100.427   12107809.323          0.000 1417
 100.635    8062837.028          0.000 1481
 100.248    6410482.987          0.000 1419
 100.716   12187156.412          0.000 1483
 100.357   12449432.547          0.000 1484
 100.196    4815705.744          0.000 1484
  99.566   23623401.394          0.000 1587
 100.455    7683228.134          0.000 1424
 100.605   12295493.729          0.000 1456
 100.480          0.000          0.000 1456
 100.285   12139035.499          0.000 1490
 100.256    5896680.326          0.000 1490
 100.671   10222493.474          0.000 1460
 100.341          0.000          0.000 1460
 100.604   18530459.693          0.000 1494
 100.540   12268356.068          0.000 1432
 100.298    4997840.296          0.000 1432
 100.298   12618159.171          0.000 1432
 100.431   18249179.129          0.000 1435
 100.494   15458136.809          0.000 1405
 100.367   11474133.034          0.000 1405
 100.234          0.000          0.000 1468
 100.235   12513198.331          0.000 1468
 100.484    9057377.979          0.000 1440
 100.414    9605028.359          0.000 1440
  96.463   18740054.250          0.000 1443
  85.271   11093753.143          0.000 1443
   0.000          0.000          0.000 1474
   0.000          0.000          0.000 1475
  87.515   13749243.090          0.000 1507
  97.316   22049367.755          0.000 1444
  94.833   16509484.119          0.000 1573
 100.569   13887697.366          0.000 1481
 100.526    4047506.598          0.000 1481
 100.526          0.000          0.000 1481
 100.661    9287281.130          0.000 1514
 100.185          0.000          0.000 1483
 100.195          0.000          0.000 1484
  95.442   13312086.288          0.000 1587
  99.417   22266912.756          0.000 1587
 100.272   30282756.946          0.001 1587
 100.395    6039186.799          0.000 1523
 100.457   10826732.413          0.000 1490
 100.256          0.000          0.000 1490
 100.506   13195093.616          0.000 1526
 100.490   15867244.612          0.000 1494
 100.184    8155351.751          0.000 1494
 100.170          0.000          0.000 1494
 100.697   16481276.296          0.000 1432
 100.288          0.000          0.000 1496
 100.605   27828315.539          0.001 1498
 100.166          0.000          0.000 1498
 100.658   21323707.424          0.000 1405
 100.278    8364662.809          0.000 1468
 100.234    4967480.849          0.000 1468
 100.682   27520034.961          0.001 1468
 100.249          0.000          0.000 1503
  98.141   17446159.261          0.000 1616
  81.818   14152637.794          0.000 1540
   0.000          0.000          0.000 1506
   0.000          0.000          0.000 1507
  90.323   17663751.940          0.000 1507
  78.455    8232248.544          0.000 1573
  99.651   27073937.118          0.001 1573
  87.524   13184728.351          0.000 1577
 100.526   10181359.217          0.000 1481
 100.291    7652058.038          0.000 1514
 100.291          0.000          0.000 1514
  88.370   14014798.539          0.000 1581
  96.751   19222329.315          0.000 1584
 100.232    9248489.137          0.000 1484
  85.956    8764622.284          0.000 1587
  81.591    9228708.731          0.000 1587
  94.748   15577100.774          0.000 1587
  98.953   21968248.863          0.000 1587
  90.414   17217475.631          0.000 1591
 100.345          0.000          0.000 1523
 100.525   10411205.344          0.000 1490
 100.215   15597487.480          0.000 1526
 100.148          0.000          0.000 1526
  98.076   23952979.873          0.000 1600
  85.410   10981484.958          0.000 1600
 100.439   12334013.825          0.000 1496
 100.288    4026952.857          0.000 1496
 100.166   11241152.004          0.000 1498
 100.710   11942905.738          0.000 1498
  97.381   21218850.673          0.000 1607
  90.261   15853904.951          0.000 1611
 100.184          0.000          0.000 1535
 100.445    9746028.517          0.000 1503
  80.751    8381897.311          0.000 1616
  93.318   13061652.913          0.000 1616
  90.103   15864939.888          0.000 1619
   0.000          0.000          0.000 1540
   0.000          0.000          0.000 1541
  90.724   18466104.333          0.000 1507
  88.744   14873123.288          0.000 1575
  77.278   11029920.243          0.000 1575
  89.227   15271920.344          0.000 1579
  77.917   11481441.117          0.000 1579
  80.676   13580775.260          0.000 1583
  83.626   10294412.913          0.000 1584
  79.039   12280856.148          0.000 1584
  72.069    6137169.483          0.000 1587
  88.155   14014219.804          0.000 1587
  86.552   12251307.349          0.000 1591
  86.215   12006613.186          0.000 1591
  86.181   12101696.920          0.000 1595
  79.780   12580882.518          0.000 1596
  75.978   10008423.404          0.000 1597
  87.368   13423123.821          0.000 1600
  79.843   12591352.484          0.000 1602
  74.593    8921394.579          0.000 1602
  77.507   10948728.612          0.000 1605
  81.173   13556426.757          0.000 1606
  80.215    8245033.791          0.000 1607
  75.899    9393760.339          0.000 1609
  78.937   11245793.378          0.000 1613
  78.668   11063937.337          0.000 1615
  89.142   14700114.749          0.000 1616
  90.196   16610022.657          0.000 1616
  77.309   10091093.873          0.000 1619
   0.000          0.000          0.000 1569
   0.000          0.000          0.000 1570
   0.000          0.000          0.000 1571
   0.000          0.000          0.000 1572
   0.000          0.000          0.000 1573
   0.000          0.000          0.000 1574
   0.000          0.000          0.000 1575
   0.000          0.000          0.000 1576
   0.000          0.000          0.000 1577
   0.000          0.000          0.000 1578
   0.000          0.000          0.000 1579
   0.000          0.000          0.000 1580
   0.000          0.000          0.000 1581
   0.000          0.000          0.000 1582
   0.000          0.000          0.000 1583
   0.000          0.000          0.000 1584
   0.000          0.000          0.000 1585
   0.000          0.000          0.000 1586
   0.000          0.000          0.000 1587
   0.000          0.000          0.000 1588
   0.000          0.000          0.000 1589
   0.000          0.000          0.000 1590
   0.000          0.000          0.000 1591
   0.000          0.000          0.000 1592
   0.000          0.000          0.000 1593
   0.000          0.000          0.000 1594
   0.000          0.000          0.000 1595
   0.000          0.000          0.000 1596
   0.000          0.000          0.000 1597
   0.000          0.000          0.000 1598
   0.000          0.000          0.000 1599
   0.000          0.000          0.000 1600
   0.000          0.000          0.000 1601
   0.000          0.000          0.000 1602
   0.000          0.000          0.000 1603
   0.000          0.000          0.000 1604
   0.000          0.000          0.000 1605
   0.000          0.000          0.000 1606
   0.000          0.000          0.000 1607
   0.000          0.000          0.000 1608
   0.000          0.000          0.000 1609
   0.000          0.000          0.000 1610
   0.000          0.000          0.000 1611
   0.000          0.000          0.000 1612
   0.000          0.000          0.000 1613
   0.000          0.000          0.000 1614
   0.000          0.000          0.000 1615
   0.000          0.000          0.000 1616
   0.000          0.000          0.000 1617
   0.000          0.000          0.000 1618
   0.000          0.000          0.000 1619
   0.000          0.000          0.000 1620
  97.746   18384723.610          0.000   29
 100.210    5977856.641          0.000  117
 100.438    6225616.569          0.000  178
 100.433    5496319.845          0.000  138
 100.581   17021128.750          0.000  105
 100.377    9521324.043          0.000  144
 100.171    7199535.173          0.000  182
 100.244    9733996.670          0.000  246
 100.204    5419849.014          0.000  354
 100.176    4357892.484          0.000  311
 100.234    3612212.065          0.000  366
 100.331    4700558.856          0.000  429
 100.366    4495720.635          0.000  486
 100.237    6242017.494          0.000  532
 100.236    6143096.542          0.000  565
 100.088    3846441.290          0.000  597
  99.049   24194633.086          0.000  636
 100.212    3342656.002          0.000  580
 100.243    4955744.062          0.000  629
 100.267    4172394.048          0.000  768
 100.285    6359213.613          0.000  715
 100.303    6826587.194          0.000  751
 100.132    5083706.468          0.000  841
 100.324   14565965.552          0.000  946
 100.303    7770120.966          0.000 1089
 100.220    9693171.031          0.000 1140
 100.239    8452449.636          0.000 1054
 100.244    6014338.031          0.000 1117
 100.289    8405994.742          0.000 1119
 100.305    6904853.653          0.000 1186
 100.362   14410837.837          0.000 1167
 100.165    3372705.232          0.000 1328
 100.117    4853471.583          0.000 1271
 100.333    4524638.524          0.000 1336
 100.195   13816115.280          0.000 1384
 100.189    6674123.416          0.000 1435
 100.364    8737748.412          0.000 1405
 100.166    4531739.267          0.000 1498
 100.366   12653985.516          0.000 1468
 100.366    5702240.455          0.000  486
  58.262    5449737.828          0.000    7
  63.139    6867464.275          0.000   21
  48.854    3532701.106          0.000   21
  47.198    3362050.626          0.000   26
  67.900    8714517.755          0.000   31
  67.188    8212605.628          0.000   42
  62.884    6464514.821          0.000   42
  61.474    5962337.635          0.000   44
  63.748    6957469.221          0.000    5
  51.806    4086131.777          0.000   13
  63.144    6730307.368          0.000   15
  61.290    6129252.727          0.000   17
  62.046    6306188.814          0.000   26
  63.109    6530727.887          0.000   29
  65.513    7524851.721          0.000   31
  61.449    6002698.422          0.000   33
  65.902    7527693.315          0.000   40
  56.974    5090070.354          0.000  141
  57.979    5309821.402          0.000  141
  60.023    5900481.039          0.000  171
  63.820    7100178.365          0.000  233
  65.059    7559107.082          0.000  233
  59.660    5350234.767          0.000  298
  68.567    9249433.254          0.000  265
  64.771    6931620.914          0.000  298
  67.902    8411319.961          0.000  328
  63.984    7098860.843          0.000  329
  63.955    7284150.261          0.000  329
  59.764    5365394.874          0.000  389
  65.274    7779331.793          0.000  420
  67.550    8165033.235          0.000  419
  61.293    6268131.218          0.000  420
  60.382    6080756.540          0.000  482
  64.103    7191039.088          0.000  514
  55.720    4501761.346          0.000  575
  54.027    4641214.551          0.000  546
  64.545    7526611.850          0.000  576
  68.217    9271864.868          0.000  605
  64.439    6845159.206          0.000  635
  55.414    4833470.318          0.000  636
  63.950    7189425.925          0.000  699
  64.469    7554815.708          0.000  699
  62.651    6727440.688          0.000  760
  62.007    6525432.041          0.000  789
  66.935    8501844.876          0.000  789
  60.775    5650016.324          0.000  820
  65.720    7245541.803          0.000  915
  61.049    6225278.768          0.000  883
  54.619    4328933.451          0.000  915
  60.704    5655673.368          0.000  948
  61.018    5767641.922          0.000  948
  68.959    8745041.274          0.000 1007
  63.818    6648767.480          0.000 1037
  64.488    6889812.453          0.000 1069
  60.513    6066853.379          0.000 1070
  64.444    7501315.574          0.000 1101
  62.708    6251336.675          0.000 1131
  56.926    5199490.263          0.000 1101
  63.284    6432537.102          0.000 1192
  64.200    6704972.523          0.000 1192
  57.911    5447738.672          0.000 1288
  63.212    6400121.681          0.000 1318
  56.104    5125002.251          0.000 1288
  64.367    7312188.475          0.000 1382
  67.707    8926801.877          0.000 1382
  65.690    8106676.809          0.000 1444
  60.821    5641370.111          0.000 1443
  56.061    5019530.144          0.000 1444
  61.709    5967304.222          0.000 1443
  60.998    6288680.619          0.000 1507
  64.741    7597646.259          0.000 1507
  51.859    4201755.815          0.000 1573
  59.804    5803156.886          0.000 1577
  59.220    5632296.405          0.000 1581
  52.189    4146303.126          0.000 1587
  63.187    6796742.749          0.000 1591
  58.430    5204015.087          0.000 1600
  63.724    6587587.425          0.000 1611
  52.453    3967669.149          0.000 1616
  64.661    6949428.876          0.000 1619
  64.604    7558046.608          0.000 1507
  61.459    6314396.566          0.000 1575
  60.628    6015595.970          0.000 1579
  53.413    4350181.045          0.000 1584
  44.542    3061445.103          0.000 1587
  61.010    6131212.976          0.000 1587
  60.138    5803225.488          0.000 1591
  59.741    5689757.891          0.000 1591
  59.740    5723947.525          0.000 1595
  63.805    6951411.288          0.000 1600
  54.904    4392210.339          0.000 1607
  64.721    7004168.799          0.000 1616
  66.968    8000356.624          0.000 1616
  57.044    5755886.093          0.000   15
  60.139    6326550.704          0.000  328
  58.997    6459432.903          0.000  420
  58.140    5699643.050          0.000  635
  40.289    2586029.686          0.000 1131
  61.540    6834239.992          0.000 1192
  47.067    3663769.403          0.000 1288
 100.498   22059262.632          0.000  105
 100.366    4582789.878          0.000  144
 100.690   16135924.349          0.000  150
 100.116   14000881.214          0.000  159
 100.959   30747106.896          0.001  228
 100.586   19158665.867          0.000  179
 100.836   25028597.438          0.001  228
 100.842   26425028.428          0.001  228
 100.371   11307221.562          0.000  238
 100.498   20251211.564          0.000  238
 100.334   17229396.198          0.000  275
 100.177   12200338.384          0.000  375
 100.246   17530830.788          0.000  383
 100.994   27088458.749          0.001  366
 100.182   16423085.560          0.000  457
 100.214   15987459.565          0.000  474
 100.182   23224877.214          0.000  457
 100.587   26004367.905          0.001  542
 100.378   22380851.503          0.000  552
 100.129   17575022.707          0.000  664
 100.172   13500949.650          0.000  665
 100.503   24970142.909          0.000  677
 100.680   19722685.193          0.000  763
 100.827   25551981.663          0.001  715
 100.748   43890509.116          0.001  778
 100.082   13223278.069          0.000  753
 100.252   13625067.603          0.000  774
 100.895   27464819.898          0.001  811
 100.365   21176861.596          0.000  866
 100.483   24904162.359          0.000  805
 100.690   19992990.285          0.000  827
 100.277   26038218.039          0.001  827
 100.387   20721646.723          0.000  902
 100.251   18038151.701          0.000  905
 100.229   14952706.849          0.000  954
 101.027   22138992.146          0.000 1015
 100.597   25418873.620          0.001 1089
 100.736   27377405.029          0.001 1089
 100.096   14121723.939          0.000 1033
 100.381   26606610.408          0.001 1010
 100.497   27143778.623          0.001 1136
 100.090    6330954.451          0.000 1121
 100.195   17396428.445          0.000 1124
 100.195   17277452.082          0.000 1124
 100.236   19669205.005          0.000 1171
 100.097   27821764.189          0.001 1173
 100.502   33701217.117          0.001 1267
 100.538   12784022.541          0.000 1218
 100.175   15415013.449          0.000 1244
 100.258   34191397.251          0.001 1339
 100.214   18408150.822          0.000 1248
 101.984   29855723.298          0.001 1224
 100.165   33568394.185          0.001 1328
 100.060   20400592.980          0.000 1277
 100.313   13177923.254          0.000 1291
 100.165   27847035.115          0.001 1328
 100.208   20013308.963          0.000 1339
 100.208   23853589.994          0.000 1339
 100.320   15262759.509          0.000 1285
 100.650   19105184.123          0.000 1292
 100.283   16757352.207          0.000 1357
 100.237   15986609.468          0.000 1366
 100.486   19613564.757          0.000 1432
 100.623   20954719.715          0.000 1406
 100.578   12475082.570          0.000 1523
 100.256   15826380.329          0.000 1490
 100.256   14755500.366          0.000 1490
 100.288   26980623.265          0.001 1496
 100.288   17598016.545          0.000 1496
 101.020   29497827.070          0.001 1616
 100.349   18667552.162          0.000 1496
 100.435    6614835.342          0.000  751
 100.182    6722205.547          0.000  457
 100.367   23144345.564          0.000 1267
 100.174    6552566.248          0.000 1244
 100.224   25265827.821          0.001 1339
 100.208   10921051.472          0.000 1339
 100.208   11944634.185          0.000 1339
 100.288   10398905.552          0.000 1496
 100.690    6397537.509          0.000  150
 100.116    5946808.485          0.000  159
 100.572    6792671.758          0.000  179
 100.334    5807043.746          0.000  275
 100.177    5403812.456          0.000  375
 100.214    5462175.054          0.000  474
 100.491   17119744.641          0.000  542
 100.129    5418321.386          0.000  664
 100.172    5254161.390          0.000  665
 100.417   15033987.585          0.000  677
 100.624   28372008.009          0.001  778
 100.070    5998734.224          0.000  753
 100.238    5471715.145          0.000  774
 100.401   16515135.441          0.000  805
 100.362    6353872.909          0.000  902
 100.229    4611840.575          0.000  954
 100.096    6428536.053          0.000 1033
 100.195    7694449.953          0.000 1124
 100.195    6462503.643          0.000 1124
 100.097    7034923.911          0.000 1173
 100.538    4373565.252          0.000 1218
 100.214    5852640.541          0.000 1248
 100.165   20254134.946          0.000 1328
 100.060    4874924.986          0.000 1277
 100.165   15322524.579          0.000 1328
 100.256    6072730.034          0.000 1490
 100.256    6561337.961          0.000 1490
 100.182    3795972.991          0.000  457
 100.288   17852657.293          0.000 1496
 100.288    6140994.398          0.000 1496
 100.208    7405779.744          0.000 1339
 100.208    6909058.547          0.000 1339
 105.785   18800923.599          0.000   49
  40.240    4951240.913          0.000   49
