   0.000          0.000          0.000    1
   0.000          0.000          0.000    2
   0.000          0.000          0.000    3
   0.000          0.000          0.000    4
   0.000          0.000          0.000    5
   0.000          0.000          0.000    6
   0.000          0.000          0.000    7
   0.000          0.000          0.000    8
   0.000          0.000          0.000    9
   0.000          0.000          0.000   10
   0.000          0.000          0.000   11
   0.000          0.000          0.000   12
   0.000          0.000          0.000   13
   0.000          0.000          0.000   14
   0.000          0.000          0.000   15
   0.000          0.000          0.000   16
   0.000          0.000          0.000   17
   0.000          0.000          0.000   18
   0.000          0.000          0.000   19
   0.000          0.000          0.000   20
   0.000          0.000          0.000   21
   0.000          0.000          0.000   22
   0.000          0.000          0.000   23
   0.000          0.000          0.000   24
   0.000          0.000          0.000   25
   0.000          0.000          0.000   26
   0.000          0.000          0.000   27
   0.000          0.000          0.000   28
   0.000          0.000          0.000   29
   0.000          0.000          0.000   30
   0.000          0.000          0.000   31
   0.000          0.000          0.000   32
   0.000          0.000          0.000   33
   0.000          0.000          0.000   34
   0.000          0.000          0.000   35
   0.000          0.000          0.000   36
   0.000          0.000          0.000   37
   0.000          0.000          0.000   38
   0.000          0.000          0.000   39
   0.000          0.000          0.000   40
   0.000          0.000          0.000   41
   0.000          0.000          0.000   42
   0.000          0.000          0.000   43
   0.000          0.000          0.000   44
   0.000          0.000          0.000   45
   0.000          0.000          0.000   46
   0.000          0.000          0.000   47
   0.000          0.000          0.000   48
   0.000          0.000          0.000   49
   0.000          0.000          0.000   50
   0.000          0.000          0.000   51
   0.000          0.000          0.000   52
 169.455    9104923.752          0.000    3
 221.322   12159073.231          0.000    3
 185.601   10025156.347          0.000    7
 161.112    7403781.426          0.000    7
  89.091    4199049.224          0.000   11
 290.230   18957180.918          0.000   11
 254.165   14392917.596          0.000   15
 192.280   10332832.756          0.000   15
 199.361   11018149.965          0.000   19
 355.203   22178049.542          0.000   21
  93.795    4320082.833          0.000   21
 298.935   18980716.917          0.000   23
 107.599    4891266.243          0.000   26
 259.011   16012922.269          0.000   28
 106.930    5135078.758          0.000   29
 360.285   21035475.798          0.000   30
 408.252   22415151.093          0.000   32
 165.528    5741107.398          0.000   35
 170.480    8112128.097          0.000   37
  75.662    3516271.051          0.000   37
 257.821   15422505.660          0.000   38
 318.120   14799500.946          0.000   42
 138.706    6284162.695          0.000   42
 296.009   14822183.299          0.000   44
 101.152    4499536.910          0.000   45
 169.600    8021387.763          0.000   49
 232.622   11994905.633          0.000  111
   0.000          0.000          0.000   80
   0.000          0.000          0.000   81
 403.062   23896475.928          0.000    3
 332.995   13790279.819          0.000    5
 154.470    6896653.067          0.000    5
 402.737   16493885.701          0.000    7
 259.224   10805702.680          0.000    7
 131.296    6060814.271          0.000   11
 276.784   14487000.932          0.000   13
 121.608    6125920.627          0.000   13
 260.103   13836731.284          0.000   15
 156.911    6962520.214          0.000   17
 409.410   17432749.496          0.000   17
 346.305   11640832.200          0.000   21
 143.798    6260432.554          0.000   21
 210.508    8787315.864          0.000   26
 195.323    8329505.819          0.000   26
 172.684    8103465.033          0.000   29
 196.153    8272893.846          0.000   29
 327.097   17578629.522          0.000   31
 167.187    6988778.911          0.000   33
 361.445   10200905.089          0.000   35
 493.129   20776650.055          0.000   37
 150.364    6318925.681          0.000   37
 257.446   14437641.425          0.000   40
 157.866    6402259.218          0.000   42
 537.117   25585766.615          0.001   42
 295.206   10956903.831          0.000   44
 174.979    7464595.582          0.000   45
 436.081   18354247.349          0.000   49
 173.606    8338135.462          0.000  140
   0.000          0.000          0.000  111
   0.000          0.000          0.000  112
 184.391    9573401.176          0.000  141
 577.983   26319640.349          0.000    5
 653.476   29834380.631          0.001    5
 524.124   18753004.036          0.000    7
 327.365   11446588.303          0.000   11
 259.715   12407918.188          0.000   13
 239.228   11105950.828          0.000   13
 605.818   23745953.390          0.000   17
 526.546   18953700.969          0.000   17
 723.836   25944761.188          0.000   21
 355.983   11257642.668          0.000   21
 576.559   26551096.867          0.000   21
 632.522   24351879.946          0.000   26
 436.584   20540875.087          0.000   26
 444.884   21896225.516          0.000   29
 524.817   22887906.150          0.000   29
 584.412   21569385.046          0.000   29
 448.409   13814662.660          0.000   33
 712.815   18552541.831          0.000   35
 597.180   19533121.573          0.000   37
 300.435   10509670.756          0.000   37
 347.196   11651227.532          0.000   42
 460.578   15971152.965          0.000   42
 486.482   16316259.744          0.000   44
 377.734   12983552.744          0.000   45
 608.254   29429041.421          0.001  140
 190.414    9228294.474          0.000  140
   0.000          0.000          0.000  140
   0.000          0.000          0.000  141
 229.983   12200837.086          0.000  141
 590.778   24958899.594          0.000    5
 587.225   17529556.730          0.000    5
 733.032   24469491.666          0.000   11
 581.132   21586355.459          0.000   11
 514.502   21231089.463          0.000   13
 507.554   19560937.844          0.000   13
 701.018   30787712.590          0.001   13
 713.053   29717143.534          0.001   13
 800.239   20432452.915          0.000  182
 752.295   25176234.778          0.000   21
 720.579   21154156.095          0.000   21
 670.080   19321576.780          0.000   26
 721.615   29299122.742          0.001   26
 506.337   17104258.000          0.000   26
 605.359   22343459.672          0.000   29
 727.336   27523543.963          0.001   29
 800.147          0.000          0.000  159
 731.808   19548011.327          0.000   33
 791.013   29799321.109          0.001   35
 563.862   18924375.707          0.000   37
 408.644   13252437.394          0.000   37
 502.342   15938978.884          0.000   42
 666.852   24280676.710          0.000   42
 800.461   18515755.704          0.000  228
 642.273   22873273.462          0.000   45
 620.750   27711208.769          0.001  140
 194.014    9188059.023          0.000  140
   0.000          0.000          0.000  170
   0.000          0.000          0.000  171
 194.946    9719283.727          0.000  171
 304.814   14876074.570          0.000  171
 753.877   27263618.397          0.001    5
 789.368   32323752.619          0.001   11
 800.192   13146729.363          0.000  206
 800.311   17182370.701          0.000  238
 800.475          0.000          0.000  178
 800.573          0.000          0.000  179
 800.429    8716648.340          0.000  211
 800.239    5799460.531          0.000  182
 800.239          0.000          0.000  182
 800.239    4280193.756          0.000  182
 774.560   26215565.638          0.000   26
 800.324   17750601.314          0.000  246
 800.302   14429561.928          0.000  218
 800.173          0.000          0.000  187
 800.147    9048678.895          0.000  159
 800.318   16787458.828          0.000  222
 800.318    9852347.173          0.000  222
 800.318   17165064.248          0.000  222
 605.564   19724853.434          0.000   37
 737.789   29566923.028          0.001   37
 711.285   24536573.563          0.000   42
 800.461   12911077.993          0.000  228
 800.461    6321004.117          0.000  228
 792.115   33697322.891          0.001  170
 722.390   22495942.209          0.000  170
 216.514    8394380.527          0.000  170
 111.470    4585119.100          0.000  170
   0.000          0.000          0.000  201
   0.000          0.000          0.000  202
 206.123    9411046.495          0.000  233
 655.031   25215601.701          0.000  233
 800.234   10085033.401          0.000  236
 800.177          0.000          0.000  206
 800.311    4720534.734          0.000  238
 800.400   24491550.944          0.000  275
 800.431   17491136.263          0.000  211
 800.429    5161102.527          0.000  211
 800.429          0.000          0.000  211
 800.239   13587248.013          0.000  182
 800.239    6096163.429          0.000  182
 800.239   18541464.414          0.000  182
 800.320    9957301.300          0.000  246
 800.320    5566377.420          0.000  246
 800.302   10640643.963          0.000  218
 800.302          0.000          0.000  218
 800.173    6667884.688          0.000  187
 800.256   12018020.364          0.000  249
 800.318    8926869.087          0.000  222
 800.318          0.000          0.000  222
 800.318    6598985.590          0.000  222
 800.348   11327091.037          0.000  255
 800.348   17075061.111          0.000  255
 800.354    9552965.618          0.000  257
 800.461   10264559.408          0.000  228
 800.461          0.000          0.000  228
 800.372    9188955.642          0.000  260
 613.461   20870547.194          0.000  170
 265.363   12877655.211          0.000  201
   0.000          0.000          0.000  232
   0.000          0.000          0.000  233
 367.977   18937038.471          0.000  233
 770.249   32485353.434          0.001  233
 800.234          0.000          0.000  236
 800.307   11120729.705          0.000  270
 800.311          0.000          0.000  238
 800.400   23237170.717          0.000  275
 800.400   12778504.668          0.000  275
 800.431   15689217.308          0.000  211
 800.346    9527303.908          0.000  277
 800.241   13350657.951          0.000  182
 800.273   14334171.649          0.000  311
 800.320    8575994.933          0.000  246
 800.320          0.000          0.000  246
 800.321   16020177.248          0.000  246
 800.309   10246607.446          0.000  283
 800.255          0.000          0.000  249
 800.256   10694017.698          0.000  249
 800.320   17541450.089          0.000  222
 800.350   19497595.976          0.000  255
 800.348   10591403.202          0.000  255
 800.348    4619893.958          0.000  255
 800.348          0.000          0.000  255
 800.348    7239575.264          0.000  255
 800.352          0.000          0.000  257
 800.461   13891656.795          0.000  228
 800.370   16347140.937          0.000  260
 800.370          0.000          0.000  260
 800.370   10469050.045          0.000  260
 573.290   23803313.543          0.000  298
 170.973    8127959.947          0.000  298
   0.000          0.000          0.000  264
   0.000          0.000          0.000  265
 447.738   28849968.283          0.001  265
 652.956   29013181.125          0.001  265
 748.706   32540604.956          0.001  329
 800.234    4346198.911          0.000  236
 800.307          0.000          0.000  270
 800.307    6433336.519          0.000  270
 800.311   12875699.958          0.000  238
 800.219   15933341.089          0.000  335
 800.399    4982949.273          0.000  275
 800.399          0.000          0.000  275
 800.346    7570952.279          0.000  277
 800.346          0.000          0.000  277
 800.271   15303554.574          0.000  311
 800.270    3580292.305          0.000  311
 800.320    9044911.194          0.000  246
 800.535   10831719.557          0.000  314
 800.302   12717890.659          0.000  283
 800.302          0.000          0.000  283
 800.256    8175319.037          0.000  249
 800.239    7480229.657          0.000  286
 800.237          0.000          0.000  286
 800.239   11111143.605          0.000  319
 800.348    9792881.674          0.000  255
 800.348    5789842.602          0.000  255
 800.348   15693195.747          0.000  255
 800.356    9382810.298          0.000  257
 800.352   13193153.602          0.000  257
 800.370   14158604.807          0.000  260
 800.370    6834751.392          0.000  260
 659.102   19964253.821          0.000  298
 445.301   13227166.532          0.000  298
 217.885    8048677.108          0.000  298
   0.000          0.000          0.000  298
   0.000          0.000          0.000  299
 132.813    6679680.138          0.000  265
 275.206   13405081.083          0.000  265
 588.475   20581587.421          0.000  329
 800.234   11276223.199          0.000  236
 800.309   10831597.880          0.000  270
 800.307   16418303.577          0.000  270
 800.222   12456959.405          0.000  335
 800.215    6201151.329          0.000  335
 800.402    8807887.304          0.000  275
 800.352   14028293.124          0.000  277
 800.029          0.000          0.000  310
 800.270          0.000          0.000  311
 800.534   18779107.199          0.000  314
 800.534    9249693.570          0.000  314
 800.534          0.000          0.000  314
 800.304   16003655.277          0.000  283
 800.302   11150351.272          0.000  283
 800.237   11925702.467          0.000  286
 800.237    6496559.695          0.000  286
 800.239          0.000          0.000  319
 800.331          0.000          0.000  320
 800.348   12558909.478          0.000  255
 800.333   16518535.202          0.000  383
 800.288   12062066.385          0.000  354
 800.288    5905338.919          0.000  354
 800.376   16880648.827          0.000  260
 761.138   28495820.740          0.001  298
 312.845   15242299.176          0.000  328
   0.000          0.000          0.000  328
   0.000          0.000          0.000  329
 172.195    8019523.158          0.000  329
 518.785   19244314.224          0.000  329
 800.235   20697972.054          0.000  236
 800.314    8172145.468          0.000  364
 800.339   15286003.302          0.000  366
 800.215          0.000          0.000  335
 800.414   11785376.574          0.000  368
 800.405    8586162.658          0.000  368
 800.405   17380853.015          0.000  368
 800.417          0.000          0.000  339
 800.272   13370569.254          0.000  311
 800.270    5015250.139          0.000  311
 800.270    8180306.524          0.000  311
 800.282          0.000          0.000  343
 800.540   15749563.068          0.000  314
 800.264          0.000          0.000  345
 800.338   15696676.911          0.000  408
 800.237   16426522.987          0.000  286
 800.239    4085633.403          0.000  319
 800.332    7996946.148          0.000  320
 800.319   10057995.260          0.000  382
 800.319   11815231.133          0.000  382
 800.312    5642112.266          0.000  383
 800.288    6452651.303          0.000  354
 800.288          0.000          0.000  354
 800.222   11166563.837          0.000  416
 800.222   20053761.648          0.000  416
 446.146   14793549.228          0.000  389
 260.007   14164644.990          0.000  328
   0.000          0.000          0.000  359
   0.000          0.000          0.000  360
 305.742   16011533.265          0.000  329
 619.267   22977140.299          0.000  420
 800.422    8723542.673          0.000  394
 800.314          0.000          0.000  364
 800.339    6922519.376          0.000  366
 800.339          0.000          0.000  366
 800.405   10017195.610          0.000  368
 800.405          0.000          0.000  368
 800.405    4286956.792          0.000  368
 800.404   22657010.055          0.000  429
 800.271   20082989.128          0.000  311
 800.271   12211345.484          0.000  311
 800.271   15667967.215          0.000  311
 800.271   21208582.532          0.000  311
 800.209          0.000          0.000  375
 800.236   13105868.957          0.000  406
 800.336   16235611.823          0.000  408
 800.336    6580877.143          0.000  408
 800.239   15651479.594          0.000  319
 800.239   14821201.372          0.000  319
 800.319    8898363.232          0.000  382
 800.319          0.000          0.000  382
 800.312          0.000          0.000  383
 800.288   14650596.052          0.000  354
 800.293    9739860.739          0.000  354
 800.222    4578338.647          0.000  416
 621.061   19276141.300          0.000  389
 121.932    5185940.026          0.000  389
   0.000          0.000          0.000  389
   0.000          0.000          0.000  390
 368.949   22607706.136          0.000  420
 379.565   13744148.934          0.000  420
 800.422    6176466.036          0.000  394
 800.422          0.000          0.000  394
 800.517   13976240.565          0.000  424
 800.339    7872815.155          0.000  366
 800.339    5248106.252          0.000  366
 800.405    7644811.630          0.000  368
 800.392    7455829.599          0.000  429
 800.392   12049162.457          0.000  429
 800.268    9663183.819          0.000  432
 800.262   13727853.821          0.000  404
 800.262    5318767.954          0.000  404
 800.261          0.000          0.000  404
 800.215   13061637.821          0.000  375
 800.236          0.000          0.000  406
 800.277   12316826.763          0.000  437
 800.336          0.000          0.000  408
 800.255    8776371.453          0.000  439
 800.247    9425857.550          0.000  441
 800.320   17686243.479          0.000  382
 800.319    5111961.349          0.000  382
 800.312    5030030.136          0.000  383
 800.346   17392064.614          0.000  445
 800.345    8128270.767          0.000  445
 800.222          0.000          0.000  416
 551.603   15721606.339          0.000  389
 327.467   15732462.838          0.000  419
   0.000          0.000          0.000  419
   0.000          0.000          0.000  420
 126.905    6038117.110          0.000  420
 454.947   16108199.420          0.000  420
 800.517    9888000.991          0.000  424
 800.517          0.000          0.000  424
 800.517    6524325.653          0.000  424
 800.339   12188544.780          0.000  366
 800.339   12012911.302          0.000  366
 800.392   13530985.116          0.000  429
 800.392          0.000          0.000  429
 800.392    6327891.931          0.000  429
 800.392   12413725.579          0.000  429
 800.266          0.000          0.000  432
 800.262   10451977.317          0.000  404
 800.433   15066479.171          0.000  466
 800.147   17716957.983          0.000  467
 800.295   17099311.971          0.000  406
 800.272          0.000          0.000  437
 800.255   10709439.930          0.000  439
 800.255          0.000          0.000  439
 800.255    6384029.353          0.000  439
 800.246          0.000          0.000  441
 800.323   13803362.354          0.000  382
 800.313   12149680.077          0.000  383
 800.312    8923549.134          0.000  474
 800.345          0.000          0.000  445
 800.222   13398177.784          0.000  416
 731.250   24361026.273          0.000  389
 675.706   28857799.388          0.001  450
 222.280   11914349.637          0.000  419
   0.000          0.000          0.000  450
   0.000          0.000          0.000  451
 267.505   14906806.331          0.000  420
 449.388   16713489.194          0.000  420
 800.451   16530603.353          0.000  486
 800.517    9236716.077          0.000  424
 800.283    6518745.386          0.000  457
 800.283          0.000          0.000  457
 800.350   22573209.655          0.000  366
 800.392   12300204.936          0.000  429
 800.392    4481131.490          0.000  429
 800.286   17430727.813          0.000  525
 800.425   28295478.790          0.001  429
 800.351   19673612.593          0.000  529
 800.350   10831187.815          0.000  529
 800.439   11267466.669          0.000  466
 800.433          0.000          0.000  466
 800.123          0.000          0.000  467
 800.081          0.000          0.000  468
 800.372   11315251.191          0.000  501
 800.255    6898600.050          0.000  439
 800.144   20395917.865          0.000  536
 800.144   13548457.721          0.000  536
 800.447   16951315.833          0.000  538
 800.311          0.000          0.000  474
 800.311   14080019.545          0.000  474
 800.345    6126170.139          0.000  445
 800.345   13697917.059          0.000  445
 674.098   24547709.584          0.000  450
 494.065   16802596.374          0.000  450
 125.560    5384411.889          0.000  450
   0.000          0.000          0.000  481
   0.000          0.000          0.000  482
 213.727   10838405.984          0.000  482
 469.596   20625148.063          0.000  482
 800.451   17603213.940          0.000  486
 800.451          0.000          0.000  486
 800.462   17830706.155          0.000  486
 800.283   15904854.678          0.000  457
 800.283    7831581.657          0.000  457
 800.392   21073607.478          0.000  429
 800.392   13426215.278          0.000  429
 800.283   14246162.138          0.000  525
 800.283    5596153.706          0.000  525
 800.284   14282780.146          0.000  525
 800.351   19932778.442          0.000  529
 800.350    4834953.728          0.000  529
 800.433    9640287.591          0.000  466
 800.243          0.000          0.000  498
 800.325   17752308.858          0.000  532
 800.326   12750195.507          0.000  532
 800.359          0.000          0.000  501
 800.370   10133294.475          0.000  503
 800.370          0.000          0.000  503
 800.144    2616199.103          0.000  536
 800.144    6992190.620          0.000  536
 800.149   17862374.461          0.000  536
 800.446    7458744.051          0.000  538
 800.311    8615906.692          0.000  474
 800.345   11546433.239          0.000  445
 800.346   24673522.101          0.000  445
 628.101   20787587.016          0.000  575
 204.069   11263518.716          0.000  481
   0.000          0.000          0.000  513
   0.000          0.000          0.000  514
 198.321    9866205.002          0.000  514
 568.115   23759116.805          0.000  514
 800.451   10414028.520          0.000  486
 800.451    5416468.475          0.000  486
 800.473    9712875.459          0.000  520
 800.473          0.000          0.000  520
 800.341   15468381.036          0.000  552
 800.558    7694998.015          0.000  523
 800.558          0.000          0.000  523
 800.286   16343413.065          0.000  525
 800.282          0.000          0.000  525
 800.283    5334993.163          0.000  525
 800.468   20469273.124          0.000  588
 800.350    7582809.028          0.000  529
 800.350          0.000          0.000  529
 800.243    8033107.879          0.000  498
 800.325    8794811.894          0.000  532
 800.325          0.000          0.000  532
 800.260   16087728.974          0.000  565
 800.258   10137650.341          0.000  565
 800.373   10386437.293          0.000  503
 800.144          0.000          0.000  536
 800.136   21810585.532          0.000  597
 800.446          0.000          0.000  538
 800.446    4524467.127          0.000  538
 800.304    7214882.230          0.000  571
 800.295    6683266.284          0.000  572
 734.204   21053251.723          0.000  575
 415.100   13133662.630          0.000  575
 146.384    6241847.800          0.000  575
   0.000          0.000          0.000  545
   0.000          0.000          0.000  546
 164.758    8195170.448          0.000  546
 613.775   25160960.342          0.000  546
 800.451   21138507.614          0.000  486
 800.274    7022140.020          0.000  580
 800.475    9029463.505          0.000  520
 800.341          0.000          0.000  552
 800.341    7799587.985          0.000  552
 800.191    6303382.143          0.000  583
 800.560   10744553.084          0.000  523
 800.361    6777387.807          0.000  585
 800.283    6146790.673          0.000  525
 800.283    6697491.364          0.000  525
 800.460    8425523.698          0.000  588
 800.350    8206061.782          0.000  529
 800.389    8825272.172          0.000  590
 800.258    9091003.070          0.000  591
 800.325   12273794.677          0.000  532
 800.325   11658282.339          0.000  532
 800.258          0.000          0.000  565
 800.258    4587187.273          0.000  565
 800.095    6606080.532          0.000  595
 800.131    7681961.639          0.000  597
 800.450   12222003.291          0.000  538
 800.312   11684795.017          0.000  571
 800.304          0.000          0.000  571
 800.295          0.000          0.000  572
 729.035   31628505.233          0.001  575
 342.597   14418851.619          0.000  575
   0.000          0.000          0.000  575
   0.000          0.000          0.000  576
 344.287   20411491.146          0.000  576
 320.513   15141356.905          0.000  546
 683.114   25179617.972          0.000  636
 800.274          0.000          0.000  580
 800.274   16812543.305          0.000  580
 800.341    5657961.556          0.000  552
 800.191          0.000          0.000  583
 800.361    7213800.400          0.000  585
 800.361          0.000          0.000  585
 800.286   16706557.819          0.000  525
 800.283   14469204.429          0.000  525
 800.460          0.000          0.000  588
 800.354   16455065.490          0.000  529
 800.388          0.000          0.000  590
 800.255          0.000          0.000  591
 800.225          0.000          0.000  592
 800.270   13670436.580          0.000  565
 800.359   21482909.458          0.000  658
 800.095          0.000          0.000  595
 800.131    6511173.604          0.000  597
 800.131          0.000          0.000  597
 800.318   10063027.797          0.000  629
 800.213    8817530.451          0.000  630
 800.173   10213218.764          0.000  601
 800.170          0.000          0.000  601
 566.151   23407488.261          0.000  575
 152.863    7059942.243          0.000  575
   0.000          0.000          0.000  604
   0.000          0.000          0.000  605
 407.620   27497895.495          0.001  605
 227.665   10189159.583          0.000  636
 719.343   29707423.128          0.001  636
 800.274   15670882.151          0.000  580
 800.274    7612676.389          0.000  580
 800.317   20440883.603          0.000  672
 800.341   14983019.547          0.000  552
 800.193    8826138.478          0.000  583
 800.361   14998026.136          0.000  585
 800.364   11011612.006          0.000  585
 800.320   14826767.294          0.000  678
 800.460    7190318.928          0.000  588
 800.331   19243101.758          0.000  652
 800.321    8857652.471          0.000  652
 800.255   13674812.624          0.000  591
 800.255    5255510.922          0.000  591
 800.437   10659770.356          0.000  654
 800.327    8176555.492          0.000  656
 800.127          0.000          0.000  624
 800.345    9161544.983          0.000  658
 800.345    6673454.512          0.000  658
 800.131   12439758.731          0.000  597
 800.318    2408977.134          0.000  629
 800.318          0.000          0.000  629
 800.213          0.000          0.000  630
 800.266   14665477.070          0.000  663
 611.983   19936684.692          0.000  697
 612.074   30796395.566          0.001  635
 262.639   12922870.674          0.000  635
   0.000          0.000          0.000  635
   0.000          0.000          0.000  636
 118.683    5875488.242          0.000  636
 225.385   10439185.168          0.000  636
 584.722   23298366.404          0.000  636
 800.274   17394147.475          0.000  580
 800.316    9544122.562          0.000  672
 800.197          0.000          0.000  642
 800.162          0.000          0.000  643
 800.256          0.000          0.000  644
 800.256   10476411.270          0.000  644
 800.323   14171787.847          0.000  678
 800.320    3726960.991          0.000  678
 800.320    7596050.348          0.000  678
 800.541    8769899.337          0.000  650
 800.541          0.000          0.000  650
 800.321   11653519.552          0.000  652
 800.321          0.000          0.000  652
 800.255   15559533.203          0.000  591
 800.430          0.000          0.000  654
 800.327    6000048.866          0.000  656
 800.327          0.000          0.000  656
 800.345    8310903.708          0.000  658
 800.345          0.000          0.000  658
 800.345   18236866.780          0.000  658
 800.318    8304145.240          0.000  629
 800.325    9315223.735          0.000  629
 800.318    8370666.572          0.000  629
 800.266          0.000          0.000  663
 800.207          0.000          0.000  664
 376.284   12460214.200          0.000  697
 237.843   12749362.618          0.000  635
   0.000          0.000          0.000  667
   0.000          0.000          0.000  668
 198.446   11652386.487          0.000  698
 499.922   19549977.972          0.000  636
 800.274   27315356.285          0.000  580
 800.316          0.000          0.000  672
 800.316    8601029.333          0.000  672
 800.390   15954460.795          0.000  705
 800.300   16814830.686          0.000  644
 800.342          0.000          0.000  676
 800.320   12322140.964          0.000  678
 800.320          0.000          0.000  678
 800.320   10995392.400          0.000  678
 800.517   12701248.262          0.000  710
 800.308          0.000          0.000  681
 800.309   10191180.243          0.000  681
 800.411   17467759.026          0.000  714
 800.409    6527886.855          0.000  714
 800.430    9604000.303          0.000  654
 800.430    5334922.199          0.000  654
 800.327    6121352.438          0.000  656
 800.347   16637282.666          0.000  658
 800.345    8728830.532          0.000  658
 800.319   14196916.380          0.000  629
 800.319   19078126.333          0.000  629
 800.320   16404339.935          0.000  629
 800.270    9091097.787          0.000  663
 800.209    7995524.736          0.000  664
 407.799   13449888.737          0.000  697
  77.186    3452252.194          0.000  697
   0.000          0.000          0.000  697
   0.000          0.000          0.000  698
 204.654   10238074.575          0.000  698
 406.767   17128671.074          0.000  698
 717.358   33489759.057          0.001  636
 800.316   13362275.306          0.000  672
 800.320   18305945.321          0.000  672
 800.384    4157212.886          0.000  705
 800.384          0.000          0.000  705
 800.342    8223640.529          0.000  676
 800.162          0.000          0.000  707
 800.162    8725454.625          0.000  739
 800.517    5569921.932          0.000  710
 800.517          0.000          0.000  710
 800.309    6738317.709          0.000  681
 800.409   13882113.528          0.000  714
 800.409    6346886.687          0.000  714
 800.409          0.000          0.000  714
 800.431   12905052.646          0.000  654
 800.327   14121481.890          0.000  656
 800.337   19919158.012          0.000  777
 800.337   12086487.006          0.000  777
 800.337   10445805.573          0.000  777
 800.319   24089494.954          0.000  629
 800.392    9899146.392          0.000  750
 800.333   13121150.790          0.000  751
 800.404   20254197.398          0.000  753
 800.400   10192290.882          0.000  753
 604.032   19710812.716          0.000  697
 461.554   16394229.449          0.000  697
 259.994   14410018.445          0.000  697
   0.000          0.000          0.000  728
   0.000          0.000          0.000  729
 350.703   22147368.440          0.000  698
 474.311   19520422.614          0.000  759
 664.790   26292794.769          0.000  759
 800.287   12585576.698          0.000  762
 800.402   22361033.840          0.000  825
 800.330          0.000          0.000  735
 800.391   11887432.685          0.000  705
 800.315   13225047.694          0.000  767
 800.162    8152938.675          0.000  707
 800.160          0.000          0.000  739
 800.517   15667158.184          0.000  710
 800.517    5832707.821          0.000  710
 800.317          0.000          0.000  742
 800.409   16897559.746          0.000  714
 800.409    7619297.750          0.000  714
 800.312    7380109.191          0.000  774
 800.368   17931591.791          0.000  776
 800.364    8020405.771          0.000  776
 800.337    3320204.788          0.000  777
 800.338   19437976.377          0.000  777
 800.392          0.000          0.000  750
 800.333          0.000          0.000  751
 800.084          0.000          0.000  752
 800.400          0.000          0.000  753
 800.400    5644049.502          0.000  753
 783.569   25470447.676          0.000  787
 703.634   18714713.845          0.000  787
 123.447    4729670.480          0.000  787
   0.000          0.000          0.000  758
   0.000          0.000          0.000  759
 147.827    7210670.739          0.000  759
 430.775   16164850.097          0.000  759
 800.287          0.000          0.000  762
 800.287    6085381.958          0.000  762
 800.402   12866374.386          0.000  825
 800.330   10934999.006          0.000  735
 800.230          0.000          0.000  766
 800.314          0.000          0.000  767
 800.420    6608638.617          0.000  798
 800.420   15030594.610          0.000  798
 800.517   14597697.742          0.000  710
 800.318    8968135.969          0.000  742
 800.448   12214428.269          0.000  804
 800.243          0.000          0.000  773
 800.312          0.000          0.000  774
 800.364   10684253.198          0.000  776
 800.364          0.000          0.000  776
 800.337          0.000          0.000  777
 800.412    7618052.544          0.000  810
 800.393   11731603.173          0.000  750
 800.345   10728959.306          0.000  751
 800.084    7067275.448          0.000  752
 800.400    7960306.694          0.000  753
 800.400   10976345.793          0.000  753
 797.983   32335276.982          0.001  787
 612.285   20981896.286          0.000  787
 338.924   10092631.925          0.000  787
   0.000          0.000          0.000  787
   0.000          0.000          0.000  788
 184.280    8465270.233          0.000  788
 559.778   21020859.468          0.000  788
 800.287    8333885.285          0.000  762
 800.417   19531285.335          0.000  825
 800.402    5392555.366          0.000  825
 800.348   11865071.969          0.000  826
 800.343   11866961.716          0.000  826
 800.314    5373562.800          0.000  767
 800.421   15911142.818          0.000  798
 800.420          0.000          0.000  798
 800.420    7131408.240          0.000  798
 800.524          0.000          0.000  800
 800.371   10775089.319          0.000  865
 800.441   18464374.768          0.000  804
 800.441    7864785.977          0.000  804
 800.441          0.000          0.000  804
 800.441    6499719.474          0.000  804
 800.224   13052328.207          0.000  838
 800.364    9973089.194          0.000  776
 800.181   11508459.871          0.000  840
 800.412    7755302.941          0.000  810
 800.412          0.000          0.000  810
 800.412    9129023.395          0.000  810
 800.404    6535223.692          0.000  843
 800.321   17620383.737          0.000  845
 800.315    6135019.608          0.000  845
 800.400   16880754.905          0.000  753
 800.172   45087238.427          0.001  787
 550.963   21287104.433          0.000  787
 159.293    7066081.932          0.000  787
   0.000          0.000          0.000  819
   0.000          0.000          0.000  820
 378.514   23181027.915          0.000  788
 497.527   19609252.562          0.000  788
 694.456   28472636.306          0.001  882
 800.292   23006464.950          0.000  762
 800.402          0.000          0.000  825
 800.343          0.000          0.000  826
 800.343    3092520.004          0.000  826
 800.343    7468310.276          0.000  826
 800.324          0.000          0.000  829
 800.324    3686987.103          0.000  829
 800.420    6577441.644          0.000  798
 800.524    7478062.643          0.000  800
 800.370   13928317.994          0.000  865
 800.370    4505021.655          0.000  865
 800.441    8393379.955          0.000  804
 800.441   11468213.544          0.000  804
 800.224   10116208.290          0.000  838
 800.224          0.000          0.000  838
 800.182   22046158.750          0.000  840
 800.181          0.000          0.000  840
 800.412   11284717.587          0.000  810
 800.404    6642534.184          0.000  843
 800.403          0.000          0.000  843
 800.315   10373214.103          0.000  845
 800.315          0.000          0.000  845
 788.738   32289941.671          0.001  914
 708.562   21195644.497          0.000  914
 606.841   27300244.158          0.001  819
 161.711    7751264.343          0.000  819
   0.000          0.000          0.000  850
   0.000          0.000          0.000  851
 174.996   10100959.852          0.000  820
 331.399   20208401.166          0.000  820
 475.240   17195666.542          0.000  882
 800.302          0.000          0.000  855
 800.509          0.000          0.000  856
 800.402    5887008.855          0.000  825
 800.343    4872922.708          0.000  826
 800.302   16524539.941          0.000  889
 800.344   12056633.125          0.000  826
 800.342   15228814.224          0.000  829
 800.515    6808234.950          0.000  893
 800.423   11305253.956          0.000  928
 800.370    8406712.978          0.000  865
 800.370          0.000          0.000  865
 800.461   23386751.798          0.000  804
 800.279   17149338.451          0.000  932
 800.331    7540519.665          0.000  869
 800.331          0.000          0.000  869
 800.238   10852968.817          0.000  838
 800.258          0.000          0.000  871
 800.339   12806734.918          0.000  904
 800.339    6932489.517          0.000  904
 800.404   12815794.061          0.000  843
 800.415   13439088.294          0.000  843
 800.371   16789908.387          0.000  845
 800.370          0.000          0.000  877
 739.347   28805113.177          0.001  914
 300.188   10413863.675          0.000  914
 332.514   20609774.947          0.000  914
   0.000          0.000          0.000  881
   0.000          0.000          0.000  882
 156.601    7381022.593          0.000  882
 664.961   26590133.214          0.000  882
 800.199          0.000          0.000  885
 800.517   13678672.146          0.000  856
 800.402   16394239.227          0.000  825
 800.313   19437469.828          0.000  889
 800.301          0.000          0.000  889
 800.344   21134472.226          0.000  826
 800.520   12625381.444          0.000  925
 800.515    7360858.660          0.000  893
 800.515          0.000          0.000  893
 800.424   13655976.299          0.000  928
 800.423    5405577.160          0.000  928
 800.423   10132975.286          0.000  928
 800.370    6064259.431          0.000  865
 800.357   14319717.148          0.000  930
 800.272    7771745.325          0.000  932
 800.283   19956318.004          0.000  932
 800.361          0.000          0.000  901
 800.259    4697026.167          0.000  871
 800.339    5263913.993          0.000  904
 800.339          0.000          0.000  904
 800.339    5174487.503          0.000  904
 800.339   13997303.498          0.000  904
 800.330    9028712.438          0.000  908
 800.329          0.000          0.000  908
 800.374   11102837.485          0.000  877
 800.271          0.000          0.000  910
 327.288   11934431.620          0.000  914
 196.163    7595054.830          0.000  914
 102.528    4412684.837          0.000  914
   0.000          0.000          0.000  914
   0.000          0.000          0.000  915
  78.129    3714494.034          0.000  948
 388.778   13285739.128          0.000  948
 800.199    9960849.621          0.000  885
 800.478   12522717.850          0.000  920
 800.472          0.000          0.000  920
 800.302   15693157.455          0.000  889
 800.302    7113103.406          0.000  889
 800.302    6077841.659          0.000  889
 800.344   28997621.800          0.001  826
 800.520          0.000          0.000  925
 800.520   17643137.749          0.000  893
 800.424   22036895.053          0.000  928
 800.423          0.000          0.000  928
 800.357    8503627.136          0.000  930
 800.357          0.000          0.000  930
 800.357    4771851.954          0.000  930
 800.272          0.000          0.000  932
 800.272    6752571.784          0.000  932
 800.324          0.000          0.000  934
 800.324    9006308.567          0.000  934
 800.262   14638086.486          0.000  871
 800.339   13443015.782          0.000  904
 800.347   15537039.810          0.000  904
 800.339   14394220.951          0.000  904
 800.284   14683532.952          0.000  970
 800.282    6916108.325          0.000  970
 800.273   15952095.734          0.000  910
 800.271    7419881.409          0.000  910
 679.003   22655634.746          0.000  914
 474.385   15018277.357          0.000  914
 205.433    9369147.830          0.000  947
   0.000          0.000          0.000  947
   0.000          0.000          0.000  948
 221.311   10061207.607          0.000  948
 769.400   27995334.758          0.001  948
 799.535   30067882.034          0.001 1007
 800.473   11826223.233          0.000  920
 800.287          0.000          0.000  953
 800.366   13265812.136          0.000 1014
 800.419   19753987.778          0.000 1016
 800.520   10510580.541          0.000  925
 800.425   20176434.845          0.000  928
 800.423    8832921.190          0.000  928
 800.423    3792659.770          0.000  928
 800.442   12170547.019          0.000  928
 800.268   10017542.549          0.000  992
 800.272   16868236.255          0.000  992
 800.272   11578930.844          0.000  932
 800.425   17554050.450          0.000 1088
 800.431   19896559.083          0.000 1088
 800.425   26862033.445          0.001 1088
 800.184          0.000          0.000  967
 800.184    8496652.027          0.000  967
 800.369   17399998.313          0.000 1031
 800.281          0.000          0.000  970
 800.154   13982897.627          0.000 1032
 718.457   28116063.874          0.001  914
 564.420   22005830.746          0.000  947
 259.181   14091431.111          0.000  947
   0.000          0.000          0.000  975
   0.000          0.000          0.000  976
 188.003   10391390.882          0.000 1007
 552.774   21607884.294          0.000  948
 799.937   37347942.882          0.001 1007
 792.601   23463734.742          0.000 1007
 800.203    7384999.388          0.000 1012
 800.287    8415736.182          0.000  953
 800.366    6308109.477          0.000 1014
 800.421   17337272.227          0.000 1016
 800.419    7069346.142          0.000 1016
 800.279    4584476.584          0.000 1017
 800.430   20324731.960          0.000  928
 800.423    9342316.034          0.000  928
 800.185    9341274.442          0.000  990
 800.185          0.000          0.000  990
 800.268    7146944.560          0.000  992
 800.268          0.000          0.000  992
 800.269    6893806.080          0.000  992
 800.355   10193410.129          0.000 1024
 800.424   11857983.576          0.000 1088
 800.424    9818616.029          0.000 1088
 800.425   17770419.597          0.000 1088
 800.477          0.000          0.000  998
 800.184    7550344.255          0.000  967
 800.362   17586687.528          0.000 1031
 800.361    5049843.515          0.000 1031
 800.153    5342023.617          0.000 1032
 800.348   19679125.424          0.000 1064
 660.303   22122146.719          0.000 1006
 266.230   10018294.807          0.000 1006
   0.000          0.000          0.000 1006
   0.000          0.000          0.000 1007
 201.818    8850802.264          0.000 1007
 454.937   17501708.416          0.000 1007
 774.652   34573757.745          0.001 1007
 748.996   18566685.886          0.000 1007
 800.202          0.000          0.000 1012
 800.298   19453341.872          0.000  953
 800.366          0.000          0.000 1014
 800.419   10344833.727          0.000 1016
 800.419          0.000          0.000 1016
 800.279          0.000          0.000 1017
 800.427   27690787.900          0.000  928
 800.424   18194915.065          0.000  928
 800.367    8066974.373          0.000 1051
 800.273   18143834.087          0.000  992
 800.268   13257365.260          0.000  992
 800.355    9664557.238          0.000 1024
 800.355          0.000          0.000 1024
 800.425   21012162.461          0.000 1088
 800.424    4871984.854          0.000 1088
 800.424   14927349.790          0.000 1088
 800.477    7944459.655          0.000  998
 800.145          0.000          0.000 1029
 800.190   22332139.256          0.000  967
 800.361          0.000          0.000 1031
 800.153          0.000          0.000 1032
 800.342    6554187.354          0.000 1064
 616.078   23445648.187          0.000 1036
 212.293    9341551.268          0.000 1036
   0.000          0.000          0.000 1036
   0.000          0.000          0.000 1037
  69.253    3008439.413          0.000 1007
 237.044    7704408.069          0.000 1007
 363.800   10127423.594          0.000 1007
 783.995   38585052.917          0.001 1007
 796.540   30067857.348          0.001 1007
 800.317   11082296.330          0.000 1074
 800.139          0.000          0.000 1044
 800.139   12075475.961          0.000 1044
 800.285          0.000          0.000 1046
 800.422   12807043.877          0.000 1016
 800.361   15558418.797          0.000 1111
 800.360   10556260.827          0.000 1111
 800.367    8208459.180          0.000 1051
 800.366          0.000          0.000 1051
 800.340   25412297.905          0.000 1116
 800.156          0.000          0.000 1053
 800.355    6271595.740          0.000 1024
 800.431   13683699.476          0.000 1088
 800.424    2717269.423          0.000 1088
 800.424    5899774.377          0.000 1088
 800.197   12255621.862          0.000 1090
 800.287   16586896.235          0.000 1061
 800.284    8653006.872          0.000 1061
 800.284          0.000          0.000 1061
 800.361   15318183.150          0.000 1031
 800.342    8154881.924          0.000 1064
 800.342          0.000          0.000 1064
 800.342   17553356.727          0.000 1064
 703.261   33090839.646          0.001 1068
 285.386   12705128.574          0.000 1068
   0.000          0.000          0.000 1068
   0.000          0.000          0.000 1069
 262.847   15387914.109          0.000 1069
 590.462   17525862.923          0.000 1007
 774.374   26650796.927          0.000 1007
 800.317    6011261.837          0.000 1074
 800.317          0.000          0.000 1074
 800.139    6314170.824          0.000 1044
 800.139    4872843.085          0.000 1044
 800.243   18611220.821          0.000 1139
 800.321   20526188.966          0.000 1170
 800.362   26424000.629          0.000 1111
 800.362   17741328.148          0.000 1111
 800.360    5005648.280          0.000 1111
 800.367    7386384.895          0.000 1051
 800.327   12413554.489          0.000 1116
 800.327    7364871.988          0.000 1116
 800.360   15669810.012          0.000 1024
 800.328   10124700.106          0.000 1118
 800.424   10196853.019          0.000 1088
 800.424          0.000          0.000 1088
 800.456   23374478.742          0.000 1088
 800.189          0.000          0.000 1090
 800.269    9029932.910          0.000 1123
 800.212          0.000          0.000 1092
 800.342   21613241.843          0.000 1064
 800.342    9952285.540          0.000 1064
 665.758   23321245.094          0.000 1130
 409.193   21694159.797          0.000 1130
 179.787    8031822.763          0.000 1130
  85.059    4022885.247          0.000 1130
   0.000          0.000          0.000 1099
   0.000          0.000          0.000 1100
 279.297   15908483.929          0.000 1100
 708.351   28164123.663          0.001 1100
 800.403   10952211.024          0.000 1135
 800.317   23908183.131          0.000 1074
 800.317    6510265.221          0.000 1074
 800.139   11349599.030          0.000 1044
 800.243    4851133.392          0.000 1139
 800.212    9731658.212          0.000 1140
 800.319   11587832.358          0.000 1170
 800.360    5394673.524          0.000 1111
 800.360          0.000          0.000 1111
 800.485   11763861.623          0.000 1144
 800.329   20546845.793          0.000 1116
 800.327   12058636.942          0.000 1116
 800.327    4928451.363          0.000 1116
 800.326          0.000          0.000 1116
 800.341   12309125.064          0.000 1118
 800.328          0.000          0.000 1118
 800.424   15739450.425          0.000 1088
 800.128          0.000          0.000 1120
 800.282          0.000          0.000 1121
 800.270   10930061.489          0.000 1123
 800.269          0.000          0.000 1123
 800.212    5927803.745          0.000 1092
 800.327   16913417.613          0.000 1126
 800.327          0.000          0.000 1126
 775.935   34164946.649          0.001 1130
 298.001   12618984.898          0.000 1130
 302.615   15793960.974          0.000 1130
   0.000          0.000          0.000 1130
   0.000          0.000          0.000 1131
 150.126    7119935.925          0.000 1100
 729.635   37524343.607          0.001 1100
 800.403   12423345.521          0.000 1135
 800.403          0.000          0.000 1135
 800.317   17808685.449          0.000 1074
 800.127   13649364.486          0.000 1167
 800.139   22321420.162          0.000 1044
 800.243          0.000          0.000 1139
 800.210          0.000          0.000 1140
 800.319    6212994.599          0.000 1170
 800.360    7988785.888          0.000 1111
 800.190   11460009.700          0.000 1172
 800.484          0.000          0.000 1144
 800.277   11115646.568          0.000 1174
 800.327   16453561.768          0.000 1116
 800.333   12314336.346          0.000 1116
 800.328   12123379.100          0.000 1118
 800.147          0.000          0.000 1149
 800.133    9850567.731          0.000 1120
 800.282    8287790.586          0.000 1121
 800.275   18267728.566          0.000 1123
 800.269    7088924.114          0.000 1123
 800.397   12019477.849          0.000 1185
 800.327    5145664.709          0.000 1126
 800.327   11074116.312          0.000 1126
 800.320   20719613.710          0.000 1219
 439.956   19061827.450          0.000 1130
 251.689   12664612.681          0.000 1191
   0.000          0.000          0.000 1160
   0.000          0.000          0.000 1161
 241.909   10778805.948          0.000 1100
 623.876   23701071.472          0.000 1100
 800.403    6815029.279          0.000 1135
 800.296    8705144.986          0.000 1166
 800.295          0.000          0.000 1166
 800.110          0.000          0.000 1167
 800.243    7633025.939          0.000 1139
 800.321   10497293.875          0.000 1170
 800.318          0.000          0.000 1170
 800.360   24219588.469          0.000 1111
 800.181          0.000          0.000 1172
 800.286   11941779.275          0.000 1174
 800.275          0.000          0.000 1174
 800.212   11542544.428          0.000 1176
 800.212          0.000          0.000 1176
 800.238   15268976.800          0.000 1179
 800.230    4500578.375          0.000 1179
 800.230          0.000          0.000 1179
 800.203   12356870.340          0.000 1181
 800.201          0.000          0.000 1181
 800.341    9920251.942          0.000 1183
 800.340          0.000          0.000 1183
 800.397   12430668.415          0.000 1185
 800.397          0.000          0.000 1185
 800.600   12388857.457          0.000 1217
 800.327   17723276.310          0.000 1126
 800.316    8896465.943          0.000 1219
 627.344   24461341.245          0.000 1191
 199.414    8695291.034          0.000 1191
   0.000          0.000          0.000 1191
   0.000          0.000          0.000 1192
 138.400    7663356.918          0.000 1224
 571.469   32020903.004          0.001 1224
 758.738   40672680.771          0.001 1287
 800.435          0.000          0.000 1196
 800.357   15923648.832          0.000 1259
 800.296    8815980.545          0.000 1166
 800.296    7839429.221          0.000 1166
 800.238    7772191.858          0.000 1201
 800.238          0.000          0.000 1201
 800.124    9771110.138          0.000 1233
 800.220   22162319.391          0.000 1266
 800.219   14517757.848          0.000 1266
 800.191   12802688.716          0.000 1172
 800.181    6861750.421          0.000 1172
 800.275    6874801.574          0.000 1174
 800.212   13886080.747          0.000 1176
 800.216    9983996.137          0.000 1176
 800.230   12796406.796          0.000 1179
 800.283   10913280.255          0.000 1243
 800.201    6782254.246          0.000 1181
 800.120   14406343.039          0.000 1276
 800.340    7637597.380          0.000 1183
 800.399   15751814.401          0.000 1185
 800.397   12441536.524          0.000 1185
 800.594          0.000          0.000 1217
 800.321   11470882.990          0.000 1219
 800.316          0.000          0.000 1219
 584.674   18289963.868          0.000 1223
 362.334   20647211.626          0.000 1223
 328.149   17520221.407          0.000 1191
   0.000          0.000          0.000 1223
   0.000          0.000          0.000 1224
 233.918   10467718.674          0.000 1287
 662.675   27859044.276          0.000 1287
 800.357    9752607.301          0.000 1259
 800.357    9580316.819          0.000 1259
 800.332    7023090.412          0.000 1261
 800.314   25437653.048          0.000 1166
 800.238   14308075.722          0.000 1201
 800.238    7461394.461          0.000 1201
 800.120          0.000          0.000 1233
 800.219   11483489.043          0.000 1266
 800.219    6528487.325          0.000 1266
 800.202   10829440.665          0.000 1268
 800.181   19449777.142          0.000 1172
 800.164    8932464.631          0.000 1270
 800.371   11021168.831          0.000 1240
 800.370          0.000          0.000 1240
 800.370    8507646.730          0.000 1240
 800.370   14122287.152          0.000 1240
 800.280          0.000          0.000 1243
 800.299   19057327.502          0.000 1338
 800.119    6582167.743          0.000 1276
 800.345   19842300.052          0.000 1183
 800.287          0.000          0.000 1247
 800.306   21604354.240          0.000 1247
 800.322   26054622.379          0.001 1219
 800.316   10797883.962          0.000 1219
 649.121   22273063.053          0.000 1223
 157.359    6448433.828          0.000 1223
  77.827    3492181.616          0.000 1223
   0.000          0.000          0.000 1254
   0.000          0.000          0.000 1255
 100.823    5026340.051          0.000 1287
 326.498   16758306.646          0.000 1287
 621.736   24234652.810          0.000 1287
 800.357          0.000          0.000 1259
 800.332    5385916.572          0.000 1261
 800.332          0.000          0.000 1261
 800.421    8661839.472          0.000 1293
 800.230   23928397.823          0.000 1327
 800.230   12214104.985          0.000 1327
 800.219    7875476.147          0.000 1266
 800.219          0.000          0.000 1266
 800.485   17995342.029          0.000 1331
 800.201          0.000          0.000 1268
 800.167   12494140.381          0.000 1270
 800.164          0.000          0.000 1270
 800.372   14409108.893          0.000 1240
 800.370    6582629.705          0.000 1240
 800.370   19903369.476          0.000 1240
 800.280    7692285.532          0.000 1243
 800.299   10486647.538          0.000 1338
 800.118          0.000          0.000 1276
 800.286   12014027.534          0.000 1309
 800.287    4055427.198          0.000 1247
 800.287    8100534.690          0.000 1247
 800.287   20436853.692          0.000 1247
 800.514          0.000          0.000 1281
 703.473   22337555.461          0.000 1223
 513.711   14878053.906          0.000 1223
 370.669   11825654.077          0.000 1223
 261.855   13911091.800          0.000 1254
   0.000          0.000          0.000 1286
   0.000          0.000          0.000 1287
 172.902    8842852.686          0.000 1287
 753.665   40578484.856          0.001 1287
 800.361          0.000          0.000 1290
 800.442          0.000          0.000 1291
 800.333   14193863.359          0.000 1356
 800.421          0.000          0.000 1293
 800.230   11713900.823          0.000 1327
 800.230    6057229.122          0.000 1327
 800.219   17658220.484          0.000 1266
 800.481   15566819.384          0.000 1331
 800.480    6657887.076          0.000 1331
 800.202    7176880.444          0.000 1268
 800.164    9779387.173          0.000 1270
 800.409   21485204.482          0.000 1335
 800.409   11512128.313          0.000 1335
 800.416   11322999.791          0.000 1335
 800.335          0.000          0.000 1304
 800.300   10291325.632          0.000 1338
 800.299    3035079.323          0.000 1338
 800.155   19903897.946          0.000 1276
 800.286   12895294.137          0.000 1309
 800.286          0.000          0.000 1309
 800.286    6657117.028          0.000 1309
 800.289   16629323.883          0.000 1247
 800.427   18853415.687          0.000 1342
 784.290   39006253.575          0.001 1223
 676.357   20132746.310          0.000 1223
 503.440   18289434.923          0.000 1317
 199.369    8466187.769          0.000 1317
   0.000          0.000          0.000 1317
   0.000          0.000          0.000 1318
 219.569   12542261.031          0.000 1287
 454.818   30345702.460          0.001 1287
 663.729   25616775.735          0.000 1381
 800.442   10518463.736          0.000 1291
 800.333   12357333.910          0.000 1356
 800.333    4557538.673          0.000 1356
 800.299   20096626.501          0.000 1389
 800.230   10885774.533          0.000 1327
 800.229          0.000          0.000 1327
 800.230    7671122.900          0.000 1327
 800.445   14429894.127          0.000 1361
 800.480   12978629.461          0.000 1331
 800.480          0.000          0.000 1331
 800.308    7166274.974          0.000 1363
 800.293   11133386.348          0.000 1365
 800.409    8531886.006          0.000 1335
 800.409          0.000          0.000 1335
 800.504   17219187.689          0.000 1367
 800.335    9070348.430          0.000 1304
 800.299          0.000          0.000 1338
 800.320   15757714.552          0.000 1402
 800.286    6948728.363          0.000 1309
 800.415    7004412.855          0.000 1342
 800.415          0.000          0.000 1342
 800.415    5892905.436          0.000 1342
 800.415   14760502.496          0.000 1342
 800.398          0.000          0.000 1345
 766.010   27629144.180          0.001 1223
 526.883   18473346.929          0.000 1317
 142.020    6639894.634          0.000 1380
   0.000          0.000          0.000 1349
   0.000          0.000          0.000 1350
 129.335    6301546.373          0.000 1381
 588.199   23969550.266          0.000 1381
 771.624   34399614.066          0.001 1381
 800.333   13260029.946          0.000 1356
 800.333    7327675.084          0.000 1356
 800.333          0.000          0.000 1356
 800.291   10161833.515          0.000 1389
 800.292   12209625.063          0.000 1389
 800.230   11121990.053          0.000 1327
 800.444    5518093.695          0.000 1361
 800.444          0.000          0.000 1361
 800.480    8550379.586          0.000 1331
 800.308          0.000          0.000 1363
 800.286    9144664.189          0.000 1365
 800.285          0.000          0.000 1365
 800.311   29733192.778          0.001 1365
 800.493          0.000          0.000 1367
 800.301   20678984.471          0.000 1338
 800.299   10750283.197          0.000 1338
 800.299    5193647.156          0.000 1338
 800.320   14386641.149          0.000 1402
 800.320    6746962.148          0.000 1402
 800.168          0.000          0.000 1373
 800.435   11817515.820          0.000 1404
 800.415   15541782.130          0.000 1342
 800.398   11297576.977          0.000 1345
 800.363   16986666.066          0.000 1439
 800.363   23252424.086          0.000 1439
 491.605   19572430.031          0.000 1380
   0.000          0.000          0.000 1380
   0.000          0.000          0.000 1381
 392.955   15350788.395          0.000 1381
 280.730   11471069.595          0.000 1381
 615.769   21658492.862          0.000 1381
 800.306   11456768.212          0.000 1416
 800.333   11605769.684          0.000 1356
 799.573   33593481.786          0.001 1580
 792.341   26190461.820          0.000 1580
 800.291          0.000          0.000 1389
 800.074          0.000          0.000 1390
 668.118   24622980.847          0.000 1586
 800.444    7288246.476          0.000 1361
 800.595    7194639.376          0.000 1394
 800.595          0.000          0.000 1394
 795.004   29989621.285          0.001 1594
 800.285    2979337.480          0.000 1365
 800.286    8585951.112          0.000 1365
 800.286   16760799.588          0.000 1365
 800.261    7304293.004          0.000 1429
 800.299   18614170.269          0.000 1338
 800.420   15323890.578          0.000 1431
 800.320          0.000          0.000 1402
 800.171    9938815.323          0.000 1373
 800.435          0.000          0.000 1404
 800.299          0.000          0.000 1405
 800.500   10586482.921          0.000 1407
 800.497          0.000          0.000 1407
 800.363    6428319.868          0.000 1439
 431.042   15673528.153          0.000 1442
 190.819    9767202.222          0.000 1380
   0.000          0.000          0.000 1411
   0.000          0.000          0.000 1412
 333.280   19162482.882          0.000 1443
 476.866   16946691.283          0.000 1381
 800.306   13704832.019          0.000 1416
 800.306          0.000          0.000 1416
 800.309    6406738.682          0.000 1418
 800.308          0.000          0.000 1418
 745.390   20872677.958          0.000 1580
 739.890   33180608.007          0.001 1583
 556.831   19050573.125          0.000 1586
 657.398   25995950.373          0.000 1586
 800.366          0.000          0.000 1423
 800.366    8119644.628          0.000 1423
 800.595    7713946.331          0.000 1394
 769.561   22061808.623          0.000 1594
 800.286   15173195.436          0.000 1365
 800.263   11835411.352          0.000 1429
 800.261          0.000          0.000 1429
 700.487   23784795.159          0.000 1599
 800.418          0.000          0.000 1431
 800.418    5053755.092          0.000 1431
 800.320    7214417.225          0.000 1402
 800.178          0.000          0.000 1434
 800.435    6404535.626          0.000 1404
 800.299    4279171.600          0.000 1405
 754.506   23980570.763          0.000 1610
 800.363   11160567.839          0.000 1439
 800.363          0.000          0.000 1439
 630.633   21998027.962          0.000 1442
 159.069    6828233.413          0.000 1442
   0.000          0.000          0.000 1442
   0.000          0.000          0.000 1443
 161.020    8449835.039          0.000 1443
 473.016   20479072.949          0.000 1443
 736.391   30058332.407          0.001 1576
 660.031   20339056.061          0.000 1576
 650.871   22013329.272          0.000 1580
 604.229   21024979.508          0.000 1580
 595.259   23451846.146          0.000 1583
 670.586   30378093.096          0.001 1586
 283.238   12174912.524          0.000 1586
 702.310   28971667.248          0.001 1586
 800.517   17683959.798          0.000 1455
 800.515          0.000          0.000 1455
 745.451   25300815.583          0.000 1594
 672.965   15518035.878          0.000 1594
 743.449   23715022.262          0.000 1596
 686.923   26004202.899          0.000 1596
 623.097   22705359.977          0.000 1599
 658.144   21226741.098          0.000 1599
 800.418   13252194.980          0.000 1431
 800.418   13902270.796          0.000 1431
 800.186   19347376.220          0.000 1434
 769.977   25839405.292          0.001 1605
 771.124   22244748.205          0.000 1606
 753.131   18912813.522          0.000 1610
 640.142   16282778.574          0.000 1610
 800.363   13697547.111          0.000 1439
 651.360   23373922.129          0.000 1442
 423.000   20067702.016          0.000 1442
 247.678   11310331.143          0.000 1442
   0.000          0.000          0.000 1473
   0.000          0.000          0.000 1474
 246.827   13369336.300          0.000 1506
 405.012   23599310.058          0.000 1443
 309.270   18047518.335          0.000 1572
 479.251   18260640.394          0.000 1576
 298.561   10574730.076          0.000 1576
 626.155   23722522.562          0.000 1576
 517.143   22708678.162          0.000 1578
 366.749   12509008.584          0.000 1580
 507.369   26273697.916          0.000 1586
 160.031    7731275.207          0.000 1586
 334.103   14864038.636          0.000 1586
 502.448   27515952.894          0.001 1586
 545.131   21591470.771          0.000 1590
 708.955   32637917.852          0.001 1594
 446.983   10291729.376          0.000 1594
 400.750   12562196.958          0.000 1596
 597.673   23719618.892          0.000 1596
 431.173   15592476.786          0.000 1599
 273.711    9891267.008          0.000 1599
 725.457   28910641.342          0.001 1599
 800.317          0.000          0.000 1495
 508.584   18320800.304          0.000 1604
 734.642   21566844.766          0.000 1605
 446.214   14246205.755          0.000 1606
 685.744   27208510.022          0.001 1606
 392.529    9585458.561          0.000 1610
 775.576   33414821.542          0.001 1610
 456.963   17986462.372          0.000 1615
 340.354   17271173.315          0.000 1615
 257.132   13079014.995          0.000 1539
   0.000          0.000          0.000 1505
   0.000          0.000          0.000 1506
 329.018   18623085.222          0.000 1506
 150.556    8407474.088          0.000 1572
 538.740   42124766.010          0.001 1572
 123.446    5764996.836          0.000 1576
 513.894   24194589.194          0.000 1576
 363.888   16078331.542          0.000 1578
 299.751   13762478.554          0.000 1578
 118.848    5142326.150          0.000 1580
 248.054   11512067.684          0.000 1583
 448.214   19337035.915          0.000 1586
 102.369    5181990.098          0.000 1586
 160.920    8508299.815          0.000 1586
 270.589   14218322.902          0.000 1586
 380.072   20151729.365          0.000 1586
 305.316   17364622.571          0.000 1590
 343.753   14430655.480          0.000 1590
 213.806    6781756.730          0.000 1594
 478.146   23545793.801          0.000 1596
 137.585    5888026.023          0.000 1596
 357.949   18231250.053          0.000 1599
 105.352    4977417.175          0.000 1599
 452.140   19661772.779          0.000 1601
 491.442   20458167.177          0.000 1601
 222.044    8792632.149          0.000 1604
 379.351   10730789.924          0.000 1605
 352.933   14861033.586          0.000 1606
 158.891    5325490.308          0.000 1610
 442.684   18754067.684          0.000 1612
 410.065   14263296.888          0.000 1614
 136.922    6753039.560          0.000 1615
 241.063   11920395.591          0.000 1615
 320.527   15968544.757          0.000 1618
   0.000          0.000          0.000 1539
   0.000          0.000          0.000 1540
 353.977   20182258.874          0.000 1506
 269.754   14536535.948          0.000 1574
 179.966    9647395.580          0.000 1574
 263.598   14478108.954          0.000 1578
 133.397    6908410.615          0.000 1578
 240.677   14173922.355          0.000 1582
 130.385    6517358.746          0.000 1583
 232.590   13258567.826          0.000 1583
  71.275    3679896.414          0.000 1586
 272.674   14885018.362          0.000 1586
 182.707    8781491.164          0.000 1590
 137.976    7040272.772          0.000 1590
  97.558    4121860.604          0.000 1594
 218.149   13705300.707          0.000 1595
  84.820    3818024.698          0.000 1596
 269.584   14817224.473          0.000 1599
 231.642   10585209.316          0.000 1601
 111.781    5484344.067          0.000 1601
 105.324    4702631.415          0.000 1604
 155.310    5740035.591          0.000 1605
 127.277    5460473.855          0.000 1606
 164.770    8580732.549          0.000 1608
 144.312    6913623.196          0.000 1612
 147.551    6266910.312          0.000 1614
 269.288   13605145.652          0.000 1615
 384.216   21699938.080          0.000 1615
 175.088    8583492.988          0.000 1618
   0.000          0.000          0.000 1568
   0.000          0.000          0.000 1569
   0.000          0.000          0.000 1570
   0.000          0.000          0.000 1571
   0.000          0.000          0.000 1572
   0.000          0.000          0.000 1573
   0.000          0.000          0.000 1574
   0.000          0.000          0.000 1575
   0.000          0.000          0.000 1576
   0.000          0.000          0.000 1577
   0.000          0.000          0.000 1578
   0.000          0.000          0.000 1579
   0.000          0.000          0.000 1580
   0.000          0.000          0.000 1581
   0.000          0.000          0.000 1582
   0.000          0.000          0.000 1583
   0.000          0.000          0.000 1584
   0.000          0.000          0.000 1585
   0.000          0.000          0.000 1586
   0.000          0.000          0.000 1587
   0.000          0.000          0.000 1588
   0.000          0.000          0.000 1589
   0.000          0.000          0.000 1590
   0.000          0.000          0.000 1591
   0.000          0.000          0.000 1592
   0.000          0.000          0.000 1593
   0.000          0.000          0.000 1594
   0.000          0.000          0.000 1595
   0.000          0.000          0.000 1596
   0.000          0.000          0.000 1597
   0.000          0.000          0.000 1598
   0.000          0.000          0.000 1599
   0.000          0.000          0.000 1600
   0.000          0.000          0.000 1601
   0.000          0.000          0.000 1602
   0.000          0.000          0.000 1603
   0.000          0.000          0.000 1604
   0.000          0.000          0.000 1605
   0.000          0.000          0.000 1606
   0.000          0.000          0.000 1607
   0.000          0.000          0.000 1608
   0.000          0.000          0.000 1609
   0.000          0.000          0.000 1610
   0.000          0.000          0.000 1611
   0.000          0.000          0.000 1612
   0.000          0.000          0.000 1613
   0.000          0.000          0.000 1614
   0.000          0.000          0.000 1615
   0.000          0.000          0.000 1616
   0.000          0.000          0.000 1617
   0.000          0.000          0.000 1618
   0.000          0.000          0.000 1619
 271.212   12146625.070          0.000   29
 534.883   22331403.709          0.000   11
 800.475   13895377.247          0.000  178
 666.823   27913318.875          0.001   45
 624.247   20059707.426          0.000   42
 693.121   32153911.066          0.001  171
 800.239    9718492.135          0.000  182
 800.320    9837103.747          0.000  246
 800.288    5863787.436          0.000  354
 800.270    4165954.062          0.000  311
 800.339    3446520.595          0.000  366
 800.392    5176107.986          0.000  429
 800.451    6084640.751          0.000  486
 800.325    6708742.834          0.000  532
 800.258    6064128.128          0.000  565
 800.131    3537945.906          0.000  597
 335.773   14058536.202          0.000  636
 800.274    5772594.636          0.000  580
 800.318    5342767.259          0.000  629
 800.314    4836341.844          0.000  767
 800.409    6927465.993          0.000  714
 800.392    7415055.681          0.000  750
 800.181    5118921.827          0.000  840
 762.416   29714617.264          0.001  914
 800.424    7876001.159          0.000 1088
 800.243   10219367.921          0.000 1139
 800.156    7757722.634          0.000 1053
 800.327    6256504.476          0.000 1116
 800.328    9392162.618          0.000 1118
 800.397    6805777.937          0.000 1185
 800.296   13960689.288          0.000 1166
 800.230    3130829.279          0.000 1327
 800.164    4495392.612          0.000 1270
 800.409    4765228.954          0.000 1335
 718.830   27566296.884          0.000 1381
 800.178    7374049.377          0.000 1434
 800.435   18397320.350          0.000 1404
 594.280   22749717.863          0.000 1604
 565.998   19490487.019          0.000 1610
 800.451    7719681.962          0.000  486
  61.328    3098292.427          0.000    7
 152.085    8713447.598          0.000   21
  35.910    1778624.662          0.000   21
  47.728    2298530.217          0.000   26
 226.165   17780183.266          0.000   31
  49.344    2436013.795          0.000   42
  66.123    3173059.248          0.000   42
  59.494    2828575.544          0.000   44
  70.470    3418274.040          0.000    5
  56.868    2958241.017          0.000   13
 118.621    6233271.344          0.000   15
  68.771    3364797.396          0.000   17
  77.906    3715997.143          0.000   26
  89.496    4081019.107          0.000   29
 137.706    7162658.144          0.000   31
  72.773    3289739.728          0.000   33
 123.920    6679369.343          0.000   40
  86.782    4514378.796          0.000  141
  93.686    4935885.770          0.000  141
  93.371    4775074.118          0.000  171
  93.895    4487885.149          0.000  233
 157.217    8047786.162          0.000  233
  78.865    3856780.036          0.000  298
 169.956    9176609.480          0.000  265
  85.545    3666190.272          0.000  298
 135.457    6678233.618          0.000  328
  76.241    3835587.104          0.000  329
 124.114    6615190.914          0.000  329
  49.130    2309471.764          0.000  389
 138.847    7720325.437          0.000  420
 158.247    7651222.022          0.000  419
  53.660    2755703.156          0.000  420
  88.754    4701089.753          0.000  482
  95.520    4944291.535          0.000  514
  60.333    2764232.113          0.000  575
  70.770    3688548.232          0.000  546
 145.088    8048486.011          0.000  576
 188.257   11003886.879          0.000  605
 114.954    5715164.980          0.000  635
  59.093    3051149.935          0.000  636
  94.163    4942615.732          0.000  698
 165.973    9629965.202          0.000  698
  69.228    3592564.978          0.000  759
  76.605    3848551.110          0.000  788
 161.234    9082151.424          0.000  788
  84.120    4108983.565          0.000  819
 154.665    8497875.839          0.000  914
  68.998    3531321.881          0.000  882
  46.656    2154911.476          0.000  914
  86.210    4127933.105          0.000  947
 118.883    6179503.504          0.000  947
 123.580    5095047.403          0.000 1006
  91.796    4290963.515          0.000 1036
 118.845    5573495.206          0.000 1068
 106.941    6000240.705          0.000 1069
 130.499    7278728.877          0.000 1100
 125.807    6299750.430          0.000 1130
  64.609    3284893.809          0.000 1100
 121.286    6026422.517          0.000 1191
  90.240    4176150.461          0.000 1191
  77.027    4080032.722          0.000 1287
  89.931    4144369.513          0.000 1317
 102.316    5731566.642          0.000 1287
  54.031    2852696.765          0.000 1381
 126.880    6593603.609          0.000 1381
 138.090    7705109.485          0.000 1443
  66.908    3083502.944          0.000 1442
  71.885    3863267.308          0.000 1443
 132.590    6088455.348          0.000 1442
 114.136    6138622.858          0.000 1506
 144.795    7872126.043          0.000 1506
  76.564    4235056.907          0.000 1572
  56.890    2855253.584          0.000 1576
  51.498    2434740.030          0.000 1580
  72.185    3843389.595          0.000 1586
 125.344    6833537.760          0.000 1590
  51.724    2549895.050          0.000 1599
  68.769    2686824.054          0.000 1610
  64.891    3227393.991          0.000 1615
 143.870    7000877.644          0.000 1618
 147.107    7930456.131          0.000 1506
 111.458    5948109.133          0.000 1574
  76.476    4091040.150          0.000 1578
  55.430    2911026.354          0.000 1583
  35.062    1851121.411          0.000 1586
 120.883    6477803.834          0.000 1586
  83.641    4185673.799          0.000 1590
  65.633    3439478.576          0.000 1590
  43.427    2050583.741          0.000 1594
 141.888    7632194.325          0.000 1599
  66.906    2952108.726          0.000 1606
 131.196    6572721.430          0.000 1615
 190.887    9959716.629          0.000 1615
 121.727    6720653.377          0.000   15
 124.910    6540611.811          0.000  328
 125.017    6881679.192          0.000  420
 115.338    5973381.755          0.000  635
  41.157    1998864.097          0.000 1130
 154.189    7827809.042          0.000 1191
  47.963    2487709.720          0.000 1287
 621.791   24653153.589          0.000   42
 737.128   24181017.084          0.000    5
 781.555   37811209.543          0.001   17
 800.147   14150927.435          0.000  159
 777.575   31579409.723          0.001   45
 800.573   21182550.016          0.000  179
 800.512   26442804.292          0.001  228
 800.525   28964384.348          0.001  228
 800.311   11278935.644          0.000  238
 800.326   21567065.566          0.000  238
 800.399   14942017.632          0.000  275
 800.209   11311370.360          0.000  375
 800.313   16076712.039          0.000  383
 800.378   24478158.121          0.000  366
 800.283   14255840.023          0.000  457
 800.311   16477770.480          0.000  474
 800.283   24195177.547          0.000  457
 535.509   30536679.527          0.001  575
 800.341   22781196.844          0.000  552
 800.207   15866784.987          0.000  664
 749.786   35267464.807          0.001  697
 800.345   24285404.472          0.000  676
 800.287   18781133.477          0.000  762
 800.451   23243234.714          0.000  714
 800.421   43570315.872          0.001  777
 800.084   13004325.507          0.000  752
 800.243   14078408.739          0.000  773
 800.486   26789611.477          0.001  810
 800.371   21976381.431          0.000  865
 800.441   25951377.095          0.000  804
 800.365   18784089.768          0.000  826
 800.344   25953409.560          0.000  826
 800.363   21750030.604          0.000  901
 800.339   19089500.605          0.000  904
 800.287   13820314.667          0.000  953
 800.369   20141772.306          0.000 1014
 800.425   24439862.517          0.000 1088
 800.437   27456503.319          0.001 1088
 800.153   14121597.888          0.000 1032
 747.423   33704281.180          0.001 1007
 316.978   12556651.358          0.000 1100
 800.128    5826600.954          0.000 1120
 800.269   15368593.971          0.000 1123
 800.269   17791364.086          0.000 1123
 800.319   21009386.691          0.000 1170
 800.181   26226638.666          0.000 1172
 800.232   32798003.547          0.001 1266
 800.594   12699875.799          0.000 1217
 800.280   15996569.944          0.000 1243
 800.299   36226664.761          0.001 1338
 800.287   16271952.003          0.000 1247
 495.117   25819455.529          0.001 1223
 800.230   33233002.928          0.001 1327
 800.119   20844330.243          0.000 1276
 378.526   16197760.929          0.000 1287
 800.230   24682682.702          0.000 1327
 800.299   18773846.789          0.000 1338
 800.299   21795737.330          0.000 1338
 767.775   28558249.462          0.001 1223
 800.446   20396729.502          0.000 1291
 800.333   18921454.688          0.000 1356
 800.286   17591448.172          0.000 1365
 800.418   21126985.945          0.000 1431
 800.333   20827569.371          0.000 1405
 548.405   22165050.032          0.000 1590
 671.399   18736014.703          0.000 1596
 586.359   26704194.845          0.001 1594
 503.071   22947756.177          0.000 1604
 612.920   35374785.374          0.001 1442
 338.983   11514702.514          0.000 1604
 800.392    5571620.879          0.000  750
 800.283    6136454.627          0.000  457
 800.219   22589070.061          0.000 1266
 800.280    6716606.482          0.000 1243
 800.299   26690296.032          0.000 1338
 800.299   10338470.619          0.000 1338
 800.299   11207881.835          0.000 1338
 678.431   24400241.501          0.000   17
 800.147    6220256.031          0.000  159
 800.573    8211255.286          0.000  179
 800.399    5359944.813          0.000  275
 800.209    5091821.078          0.000  375
 800.311    5614153.209          0.000  474
 536.973   23902298.009          0.000  575
 800.207    5108940.709          0.000  664
 595.877   20219106.189          0.000  697
 800.342   14776076.419          0.000  676
 800.344   28056628.886          0.001  777
 800.084    5802648.382          0.000  752
 800.243    5450669.889          0.000  773
 800.441   17265827.197          0.000  804
 800.361    6682516.861          0.000  901
 800.287    4422210.065          0.000  953
 800.153    6428505.132          0.000 1032
 800.269    6971947.522          0.000 1123
 800.269    6558222.154          0.000 1123
 800.181    6528294.656          0.000 1172
 800.594    4360263.766          0.000 1217
 800.287    5605900.676          0.000 1247
 800.230   19952154.254          0.000 1327
 800.118    4973826.968          0.000 1276
 800.230   13955090.185          0.000 1327
 716.347   20201427.252          0.000 1594
 573.781   22405655.341          0.000 1594
 800.283    3829812.675          0.000  457
 681.540   22334821.498          0.000 1604
 800.299    7036342.849          0.000 1338
 800.299    6600239.024          0.000 1338
 361.856   17548411.033          0.000   49
  80.829    3913352.703          0.000   49
 800.370   11302038.459          0.000  865
 339.358   15009573.508          0.000   13
 235.906   10677870.443          0.000   21
 337.535   16082629.148          0.000   21
 301.410   13336854.149          0.000  233
 202.641    7751722.927          0.000  389
 250.705   10083397.574          0.000 1442
 800.277   38106874.094          0.001 1007
 800.297   14862387.061          0.000 1309
 800.319   14466269.496          0.000  681
 169.398    6803465.517          0.000   21
 208.526    9427862.126          0.000    7
 188.684    9366764.970          0.000 1578
 155.849    6684498.817          0.000   44
 201.889    8180770.014          0.000  948
 133.142    5163144.255          0.000 1007
 324.114   15212964.791          0.000  636
 247.374    9526212.074          0.000  697
 247.377    9341408.807          0.000 1606
 265.374   11591157.373          0.000 1380
 237.108   10863480.206          0.000 1615
 319.139   17154030.263          0.000 1224
 233.667    9659956.025          0.000 1599
 370.426   20069676.158          0.000 1608
 207.404    7896430.895          0.000  697
 220.715    8346433.122          0.000  697
 289.718   13985247.063          0.000 1443
 254.437   10559083.301          0.000 1576
 192.099    7496465.492          0.000 1580
 286.477   12200414.254          0.000   11
 410.581   22455170.571          0.000   15
 254.816    9466509.983          0.000  389
 263.468   10916070.169          0.000  420
 380.267   15898415.564          0.000 1605
 328.928   14413790.117          0.000 1590
 290.271   10934799.636          0.000    5
 307.005   11712546.606          0.000   17
 352.908   16268261.098          0.000  140
 350.113   14591803.283          0.000    5
 372.113   16702236.205          0.000  140
 259.708   10596844.900          0.000  420
 277.185   10457694.632          0.000  450
 331.949   14218918.634          0.000  575
 326.137   13334916.363          0.000  787
 324.454   14229568.300          0.000  819
 332.820   12034583.350          0.000   26
 326.121   12341224.913          0.000   29
 289.195   11257669.921          0.000   42
 332.918   14443662.520          0.000  298
 290.134   12096012.599          0.000  329
 329.085   14970619.643          0.000  514
 261.583   11315124.207          0.000  759
 278.255   11543686.699          0.000  882
 351.630   14783371.751          0.000  947
 350.828   14801519.666          0.000  948
 292.730   11961639.420          0.000 1381
 300.910   13624944.775          0.000 1586
 286.509   10520147.316          0.000 1596
 195.188    8830616.886          0.000 1381
 359.290   12319766.432          0.000  170
 239.774    8880134.951          0.000 1223
 318.584   12155645.763          0.000   26
 374.054   15823637.546          0.000  636
 360.596   14666915.247          0.000  788
 317.746   11146558.437          0.000  914
 377.869   15069593.236          0.000 1036
 380.931   15088069.445          0.000 1191
 337.860   11447069.793          0.000 1223
 344.767   14672583.783          0.000  636
 359.328   12450269.046          0.000   37
 391.899   15446938.599          0.000   45
 410.352   16675137.296          0.000   29
 419.120   18901462.371          0.000  265
 414.237   16656404.091          0.000 1100
 410.800   16633052.945          0.000 1287
 414.876   16921360.605          0.000 1287
 408.297   17256239.129          0.000 1583
 318.898   12040210.172          0.000 1594
 340.941   19682383.002          0.000 1594
 387.531   12611175.492          0.000  389
 355.142   11436244.600          0.000  389
 491.376   23190038.075          0.000  389
 426.629   15601247.559          0.000 1442
 378.047   11765635.575          0.000 1580
 473.435   22860698.526          0.000 1615
 386.808   14537682.557          0.000   42
 433.173   17356221.994          0.000  233
 486.020   21466107.687          0.000 1068
 462.070   20922498.035          0.000  171
 441.031   15135499.140          0.000 1006
 452.913   17062278.380          0.000 1130
 455.644   17447136.753          0.000 1586
 483.792   19761610.967          0.000 1586
 440.915   16114220.966          0.000 1442
 514.964   21335647.729          0.000   13
 527.935   22000243.055          0.000  575
 499.083   19205967.914          0.000  636
 518.327   20618245.560          0.000  636
 471.650   15358451.269          0.000 1599
 480.360   16751480.157          0.000 1596
 491.622   16832238.142          0.000 1599
 464.150   15284999.519          0.000 1599
 512.364   17665494.271          0.000  914
 508.285   17098981.279          0.000 1576
 525.306   19126366.106          0.000   29
 490.855   14937232.380          0.000  914
 522.402   16719538.556          0.000   11
 521.363   14446723.110          0.000  787
 551.607   16703862.162          0.000   21
 576.373   18850470.853          0.000  948
 573.255   18385263.668          0.000 1007
 556.311   14140475.879          0.000 1007
 579.947   20374152.660          0.000 1007
 574.896   17877563.613          0.000 1007
 558.298   15694803.580          0.000 1580
 575.939   17063419.179          0.000 1605
 577.594   20308175.984          0.000   45
