   0.000          0.000          0.000    1
   0.000          0.000          0.000    2
   0.000          0.000          0.000    3
   0.000          0.000          0.000    4
   0.000          0.000          0.000    5
   0.000          0.000          0.000    6
   0.000          0.000          0.000    7
   0.000          0.000          0.000    8
   0.000          0.000          0.000    9
   0.000          0.000          0.000   10
   0.000          0.000          0.000   11
   0.000          0.000          0.000   12
   0.000          0.000          0.000   13
   0.000          0.000          0.000   14
   0.000          0.000          0.000   15
   0.000          0.000          0.000   16
   0.000          0.000          0.000   17
   0.000          0.000          0.000   18
   0.000          0.000          0.000   19
   0.000          0.000          0.000   20
   0.000          0.000          0.000   21
   0.000          0.000          0.000   22
   0.000          0.000          0.000   23
   0.000          0.000          0.000   24
   0.000          0.000          0.000   25
   0.000          0.000          0.000   26
   0.000          0.000          0.000   27
   0.000          0.000          0.000   28
   0.000          0.000          0.000   29
   0.000          0.000          0.000   30
   0.000          0.000          0.000   31
   0.000          0.000          0.000   32
   0.000          0.000          0.000   33
   0.000          0.000          0.000   34
   0.000          0.000          0.000   35
   0.000          0.000          0.000   36
   0.000          0.000          0.000   37
   0.000          0.000          0.000   38
   0.000          0.000          0.000   39
   0.000          0.000          0.000   40
   0.000          0.000          0.000   41
   0.000          0.000          0.000   42
   0.000          0.000          0.000   43
   0.000          0.000          0.000   44
   0.000          0.000          0.000   45
   0.000          0.000          0.000   46
   0.000          0.000          0.000   47
   0.000          0.000          0.000   48
   0.000          0.000          0.000   49
   0.000          0.000          0.000   50
   0.000          0.000          0.000   51
   0.000          0.000          0.000   52
 179.478    9637429.507          0.000    3
 233.071   12498186.246          0.000    3
 203.720   11106342.367          0.000    7
 141.122    7630309.123          0.000    7
  63.705    3444267.034          0.000   11
 382.078   26106879.027          0.000   11
 301.155   17192610.798          0.000   15
 213.726   12155860.782          0.000   15
 220.706   12075732.115          0.000   19
 347.861   16636064.340          0.000   20
  40.300    2166655.923          0.000   21
 326.514   14412033.002          0.000   24
  81.960    4428117.354          0.000   26
 362.057   25844613.709          0.000   28
  55.013    2905945.270          0.000   29
 266.565   11624931.853          0.000   33
 130.863    6827224.591          0.000   35
 172.791    9045080.136          0.000   37
  40.343    2068100.630          0.000   37
 312.594   16837570.734          0.000   38
 262.283   11916744.932          0.000   42
 134.220    7049841.655          0.000   42
 319.996   16436520.072          0.000   44
  88.603    4397721.883          0.000   45
 160.775    7856365.746          0.000   49
 248.694   12235389.515          0.000  110
   0.000          0.000          0.000   79
   0.000          0.000          0.000   80
 472.791   27840830.604          0.001    3
 246.189   12062659.640          0.000    5
 123.871    6567783.424          0.000    5
 321.468   17201637.553          0.000    7
 206.230   11191920.193          0.000    7
  91.395    4941404.871          0.000   11
 235.288   11892968.216          0.000   13
  68.301    3664456.390          0.000   13
 272.496   14842715.229          0.000   15
 101.019    5446398.614          0.000   17
 339.510   17027341.276          0.000   17
 250.200   13609808.731          0.000   21
  56.053    2984475.698          0.000   21
 145.982    7871271.700          0.000   26
  91.837    4832529.978          0.000   26
  86.283    4524973.699          0.000   29
 146.212    7670118.533          0.000   29
 384.220   22225425.424          0.000   31
  63.430    3243880.242          0.000   33
 238.257   12476262.847          0.000   35
 456.885   24173466.158          0.000   37
  71.926    3645993.347          0.000   37
 335.831   18851059.223          0.000   40
  91.293    4633956.168          0.000   42
 525.660   28713523.589          0.001   42
 158.568    7867881.482          0.000   44
 147.111    7290183.632          0.000   45
 360.941   17099538.966          0.000   49
 174.283    8482008.685          0.000  138
   0.000          0.000          0.000  110
   0.000          0.000          0.000  111
 183.311    9590488.872          0.000  139
 480.860   21640271.515          0.000    5
 369.463   19814967.787          0.000    7
 162.297    8706846.169          0.000   11
 129.067    6657580.038          0.000   13
 124.920    6585227.046          0.000   13
 440.325   21089777.942          0.000   17
 266.815   13585373.362          0.000   17
 646.726   35917227.078          0.001   17
  95.733    4899645.973          0.000   21
 483.534   28353318.547          0.001   21
 541.916   27861817.798          0.001   26
 448.929   25818513.041          0.000   26
 352.578   16667780.794          0.000   29
 502.044   28480598.966          0.001   29
 411.161   20833765.422          0.000   29
 118.281    5758983.235          0.000   33
 510.795   26205760.589          0.001   35
 397.927   18421736.910          0.000   37
 112.856    5612238.850          0.000   37
 161.745    7990876.033          0.000   42
 334.390   18635874.665          0.000   42
 229.109   11129116.814          0.000   44
 252.001   12331525.023          0.000   45
 612.499   30377418.886          0.001  138
 189.600    9341449.987          0.000  138
   0.000          0.000          0.000  138
   0.000          0.000          0.000  139
 235.836   12437172.526          0.000  139
 498.337   25428727.261          0.000    5
 317.155   16370294.127          0.000    5
 385.829   18758415.315          0.000   11
 330.442   16699351.160          0.000   11
 189.543    9333433.870          0.000   13
 321.597   17825755.269          0.000   13
 611.593   44265005.643          0.001   13
 507.115   24846164.884          0.000   13
 563.791   25656518.674          0.000   17
 315.585   13755144.185          0.000   21
 319.389   13676336.798          0.000   21
 307.570   15818807.375          0.000   26
 587.314   30707555.787          0.001   26
 178.842    9103106.547          0.000   26
 199.986    9835783.259          0.000   29
 462.226   22681943.461          0.000   29
 397.840   17224485.603          0.000   33
 150.138    7134012.945          0.000   33
 762.835   32417804.828          0.001   33
 219.101   10338624.507          0.000   37
 136.907    6737185.576          0.000   37
 218.976   10548927.865          0.000   42
 537.538   31481400.505          0.001   42
 523.707   24663749.957          0.000   44
 479.527   22332604.354          0.000   45
 565.639   26104299.272          0.001  168
 226.814   11768668.927          0.000  138
   0.000          0.000          0.000  168
   0.000          0.000          0.000  169
 215.402   12138859.140          0.000  169
 327.986   19065236.716          0.000  169
 526.499   25337242.225          0.000    5
 585.270   26260221.240          0.000   11
 581.799   26858998.645          0.000   11
 479.738   21228191.511          0.000   13
 532.111   31384950.612          0.001   13
 443.038   19142808.235          0.000   13
 606.838   24094061.275          0.000   17
 493.157   18953922.863          0.000   21
 180.257    8568761.192          0.000   21
 477.944   26227820.975          0.000   21
 426.557   20652219.943          0.000   26
 255.926   12215695.767          0.000   26
 628.804   25138334.298          0.000   29
 365.500   15584286.342          0.000   29
 648.126   27282821.328          0.001   33
 555.645   18862050.511          0.000   33
 437.021   15292644.135          0.000   33
 548.928   22276547.188          0.000   37
 188.592    8938618.090          0.000   37
 530.804   22420395.259          0.000   37
 330.205   14925561.579          0.000   42
 799.857   32034647.732          0.001   44
 798.463   31834444.065          0.001   44
 753.332   34220672.149          0.001  168
 445.587   20750236.098          0.000  168
 154.816    7702681.582          0.000  168
  85.018    4227084.730          0.000  168
   0.000          0.000          0.000  199
   0.000          0.000          0.000  200
  96.874    5285081.751          0.000  231
 224.227   11723303.200          0.000  231
 633.248   23682541.189          0.000  231
 462.514   21289163.238          0.000   11
 810.024   32034098.136          0.001   13
 723.117   25514675.704          0.000   13
 567.744   18724871.427          0.000   13
 873.930   39210972.231          0.001   13
 936.612   33714279.234          0.001   17
 642.759   20911807.786          0.000   21
 233.506   10408327.071          0.000   21
 923.353   41867582.520          0.001   26
 677.048   39218871.809          0.001   26
 371.891   15628068.187          0.000   26
 667.910   27797838.139          0.001   26
 848.197   27779582.494          0.001   29
 492.125   19475267.823          0.000   29
 969.897   32462220.750          0.001   33
 430.765   13328814.261          0.000   33
 794.093   23867850.378          0.000   33
 975.963   41685046.271          0.001   37
 400.550   15827988.650          0.000   37
 743.844   29463741.109          0.001   42
 696.436   27889115.067          0.001   42
 856.905   29359777.450          0.001   42
1099.140   47454616.528          0.001  296
 964.301   39863698.142          0.001  296
 420.213   19990506.520          0.000  168
 274.747   13342817.877          0.000  199
   0.000          0.000          0.000  230
   0.000          0.000          0.000  231
 396.297   22383086.942          0.000  231
 431.865   20398600.227          0.000  231
 456.023   19515084.913          0.000  231
 917.149   37724158.097          0.001   11
 951.504   29703994.159          0.001   13
 992.926   28149378.437          0.001   13
 757.150   26006322.554          0.000   13
1003.691   28834138.838          0.001   13
 884.247   26978189.416          0.000   21
 311.242   12414430.474          0.000   21
1084.145   40787896.462          0.001   21
 798.965   32418976.612          0.001   26
 678.166   22034976.468          0.000   26
 881.320   27593638.150          0.001   26
 827.967   25453425.407          0.000   29
 834.628   28424540.569          0.001   29
1077.433   30659628.451          0.001   33
 739.390   18238797.760          0.000   33
1110.736   41115531.755          0.001   37
 828.877   28648333.440          0.001   37
 639.295   23511371.478          0.000   37
 345.583   13971954.371          0.000   37
 761.181   23880903.623          0.000   37
 820.433   27650051.824          0.001   42
1109.010   36761127.640          0.001  296
 653.969   21444572.260          0.000  296
 632.767   24269338.999          0.000  296
 622.468   21160939.828          0.000  296
 514.575   21103373.765          0.000  296
 191.267   10467427.794          0.000  296
   0.000          0.000          0.000  262
   0.000          0.000          0.000  263
 553.628   33811112.964          0.001  263
 602.441   34334762.695          0.001  263
 644.300   29844900.017          0.001  327
 775.346   37414250.810          0.001  327
 873.603   30666476.129          0.001  231
1108.197   40713328.513          0.001  231
1108.369   31318154.385          0.001   13
1097.620   47300679.895          0.001   13
1122.452   32150123.418          0.001   13
1300.402          0.000          0.000  273
1078.001   28376460.657          0.001   21
 766.871   20485305.391          0.000   21
 600.419   16112697.166          0.000   21
1072.615   26184567.954          0.000   21
1022.308   31143479.200          0.001   26
1082.813   32993685.707          0.001   26
1124.931   36564998.496          0.001   26
 928.434   26269326.470          0.000   29
1059.407   34913420.966          0.001   29
1029.447   24764743.224          0.000   33
1026.430   22539706.977          0.000   33
1184.657   45013569.552          0.001   37
 631.517   19102132.160          0.000   37
 534.203   17417296.956          0.000   37
 901.701   24494867.794          0.000   37
1077.432   35629486.211          0.001   42
1176.133   48988939.002          0.001   42
 617.372   18879106.564          0.000  296
 438.916   15630390.575          0.000  296
 203.562    9284123.598          0.000  296
 138.068    6610281.283          0.000  296
  84.478    4175949.574          0.000  296
   0.000          0.000          0.000  296
   0.000          0.000          0.000  297
 133.871    7356576.879          0.000  263
 269.595   15048538.795          0.000  263
 319.116   15202720.700          0.000  327
 433.576   20057018.647          0.000  327
 762.522   25822820.548          0.000  327
1142.921   32290817.878          0.001  327
1300.219   19155394.453          0.000  333
1300.218    8361188.871          0.000  333
1300.402    8993940.462          0.000  273
1105.929   29913821.729          0.001   21
1002.273   26100226.621          0.000   21
 993.063   21003354.147          0.000   21
1300.537   22809461.853          0.000  312
1300.537   11531057.823          0.000  312
1300.537          0.000          0.000  312
1227.576   43844890.931          0.001   29
1184.385   35772727.960          0.001   29
1284.605   37435017.662          0.001   33
1227.929   30003691.299          0.001   33
1300.241          0.000          0.000  317
1054.502   28231248.962          0.001   37
 732.931   20472170.806          0.000   37
1254.167   38758060.192          0.001   37
1209.164   33553295.113          0.001  296
1070.563   28135371.669          0.001  296
 653.051   23440561.744          0.000  296
 544.528   20496418.064          0.000  296
 319.967   16356910.318          0.000  326
   0.000          0.000          0.000  326
   0.000          0.000          0.000  327
  82.523    4390397.004          0.000  327
 166.480    8537566.969          0.000  327
 289.135   13392002.552          0.000  327
 746.547   22433308.198          0.000  327
1229.261   42045018.929          0.001  327
1300.218          0.000          0.000  333
1300.408   11784935.067          0.000  366
1300.408    9481748.627          0.000  366
1300.408   19871727.988          0.000  366
1300.417          0.000          0.000  337
1167.840   31628099.436          0.001   21
1203.934   26492740.309          0.000   21
1263.811   29491187.565          0.001   21
1300.282          0.000          0.000  341
1300.537   17630562.952          0.000  312
1300.264          0.000          0.000  343
1300.338   17252934.398          0.000  406
1288.998   40808508.522          0.001   33
1300.241    4259102.013          0.000  317
1198.582   37134503.457          0.001   37
1177.331   34018115.860          0.001   37
1180.848   32734575.694          0.001   37
1300.316   12988948.231          0.000  381
1215.869   34826020.488          0.001  387
1067.446   32411850.641          0.001  387
 801.088   29434208.880          0.001  387
 625.608   28382759.441          0.001  387
 234.091   11353766.696          0.000  387
 317.251   16238238.935          0.000  326
   0.000          0.000          0.000  357
   0.000          0.000          0.000  358
 342.055   19593463.148          0.000  327
 541.762   32353018.464          0.001  418
 823.237   38477112.187          0.001  327
 910.826   33497769.383          0.001  327
1233.997   43662481.351          0.001  327
1300.344          0.000          0.000  364
1300.408    9922231.525          0.000  366
1300.408          0.000          0.000  366
1300.408    4699269.408          0.000  366
1300.396   22100835.286          0.000  427
1296.790   41148431.399          0.001   21
1279.597   33422229.388          0.001   21
1293.967   37132746.772          0.001   21
1296.529   43242546.089          0.001   21
1300.212          0.000          0.000  373
1300.243   13181568.432          0.000  404
1300.338   16447280.531          0.000  406
1300.338    6792339.463          0.000  406
1300.241   16274387.221          0.000  317
1300.241   15909988.910          0.000  317
1300.322   10438031.026          0.000  380
1300.322          0.000          0.000  380
1300.316          0.000          0.000  381
1127.118   28694677.257          0.001  387
 608.687   17717380.398          0.000  387
 644.208   21568436.571          0.000  387
 403.697   18427931.889          0.000  387
  62.088    3040931.128          0.000  387
   0.000          0.000          0.000  387
   0.000          0.000          0.000  388
 444.645   23022120.632          0.000  418
 244.072   12855050.157          0.000  418
 472.474   17777830.843          0.000  418
 664.803   29302011.053          0.001  418
 934.426   24283202.523          0.000  418
1269.673   43834931.317          0.001  418
1300.344    5686102.260          0.000  364
1300.408    7228774.496          0.000  366
1300.396    6657786.537          0.000  427
1300.396   13239272.378          0.000  427
1300.269    9942263.171          0.000  430
1300.264   14160440.555          0.000  402
1300.264    5431582.498          0.000  402
1300.264          0.000          0.000  402
1300.212   13088312.606          0.000  373
1300.243          0.000          0.000  404
1300.275   12453246.525          0.000  435
1300.338          0.000          0.000  406
1300.258    8836191.696          0.000  437
1300.249    9512905.776          0.000  439
1300.322   17660742.744          0.000  380
1300.322    5086149.078          0.000  380
1300.316    5481170.224          0.000  381
1156.278   33148983.457          0.001  387
 925.130   24879493.566          0.000  387
 306.681   12268482.967          0.000  387
 154.528    7288102.815          0.000  387
 341.782   17330466.630          0.000  417
   0.000          0.000          0.000  417
   0.000          0.000          0.000  418
  66.047    3521573.348          0.000  418
 136.610    6972373.871          0.000  418
 312.226   13134577.423          0.000  418
 520.917   16591635.318          0.000  418
 713.588   19345914.480          0.000  418
1200.795   32288842.278          0.001  418
1300.344   12861650.121          0.000  364
1300.396   14554794.835          0.000  427
1300.396          0.000          0.000  427
1300.396    6157922.475          0.000  427
1300.396   12036649.349          0.000  427
1300.269          0.000          0.000  430
1300.264   10564759.277          0.000  402
1300.437   15067811.949          0.000  464
1300.131   17788196.340          0.000  465
1300.252   17097063.673          0.000  404
1300.275          0.000          0.000  435
1300.258   10709156.560          0.000  437
1300.258          0.000          0.000  437
1300.258    6192400.360          0.000  437
1300.249          0.000          0.000  439
1300.322   13777301.957          0.000  380
1300.316   12594223.655          0.000  381
1200.452   35218799.717          0.001  387
 681.643   18224053.287          0.000  387
 650.368   33454964.818          0.001  387
 468.776   18277685.260          0.000  387
 507.382   22116465.605          0.000  387
 255.514   12875256.235          0.000  417
   0.000          0.000          0.000  448
   0.000          0.000          0.000  449
 300.587   16690899.033          0.000  418
 271.503   13748832.481          0.000  418
 471.430   20807814.841          0.000  418
 620.462   18512693.745          0.000  418
1137.793   32315160.820          0.001  418
1300.285          0.000          0.000  455
1300.344   23596969.604          0.000  364
1300.396   12508684.669          0.000  427
1300.396    4689521.038          0.000  427
1300.285   17277224.778          0.000  523
1300.399   26122137.196          0.000  427
1300.353   20366195.732          0.000  527
1300.353   11008716.013          0.000  527
1300.437   11517671.267          0.000  464
1300.437          0.000          0.000  464
1300.128          0.000          0.000  465
1300.081          0.000          0.000  466
1300.363   11315620.700          0.000  499
1300.258    6917109.204          0.000  437
1300.147   20702143.283          0.000  534
1300.147   13548665.559          0.000  534
1300.449   17238882.766          0.000  536
1262.029   29493269.968          0.001  387
1187.850   41445928.133          0.001  387
 983.851   37242946.746          0.001  573
 858.789   34463065.249          0.001  387
 518.408   26084346.238          0.001  448
 348.385   17735212.684          0.000  448
 111.744    5630778.655          0.000  448
   0.000          0.000          0.000  479
   0.000          0.000          0.000  480
 244.435   14065336.279          0.000  480
 524.298   35124148.540          0.001  480
 768.013   43424071.717          0.001  512
 848.374   41430079.356          0.001  512
1088.246   33097570.824          0.001  418
1300.285   21370691.206          0.000  455
1300.285    8321572.807          0.000  455
1300.396   21795057.885          0.000  427
1300.396   14056006.300          0.000  427
1300.285   13402181.580          0.000  523
1300.285    5443490.057          0.000  523
1300.285   14320935.440          0.000  523
1300.353   20232539.491          0.000  527
1300.353    4867202.979          0.000  527
1300.437    9782290.087          0.000  464
1300.246          0.000          0.000  496
1300.327   17752414.313          0.000  530
1300.327   12750276.342          0.000  530
1300.363          0.000          0.000  499
1300.373   10246397.517          0.000  501
1300.373          0.000          0.000  501
1300.146    2616238.787          0.000  534
1300.147    6968990.240          0.000  534
1300.147   17838964.364          0.000  534
1300.448    7567349.664          0.000  536
1266.652   46108630.622          0.001  573
 925.434   32597075.466          0.001  573
 669.291   26203752.554          0.001  573
 391.152   16948618.560          0.000  573
 238.987   12025293.044          0.000  479
   0.000          0.000          0.000  511
   0.000          0.000          0.000  512
 126.278    7057898.348          0.000  512
 275.616   15169044.945          0.000  512
 478.099   23953982.415          0.000  512
 966.578   35495209.172          0.001  634
1142.616   33770456.806          0.001  634
1300.476          0.000          0.000  518
1300.343   16353862.710          0.000  550
1300.561    7695542.444          0.000  521
1300.561          0.000          0.000  521
1300.285   16404912.346          0.000  523
1300.285          0.000          0.000  523
1300.285    5319003.926          0.000  523
1300.463   20649065.134          0.000  586
1300.353    7689886.848          0.000  527
1300.352          0.000          0.000  527
1300.246    8249280.622          0.000  496
1300.327    8531015.074          0.000  530
1300.327          0.000          0.000  530
1300.262   16087497.746          0.000  563
1300.262   10227387.661          0.000  563
1300.373   10574895.181          0.000  501
1300.146          0.000          0.000  534
1300.133   21840839.773          0.000  595
1300.448          0.000          0.000  536
1300.449    5063472.908          0.000  536
 971.686   26966107.652          0.001  573
 360.330   14030972.994          0.000  573
 197.920    9192000.232          0.000  573
 143.882    6910727.279          0.000  573
  77.511    3860362.750          0.000  573
   0.000          0.000          0.000  543
   0.000          0.000          0.000  544
 165.171    9772375.174          0.000  544
 509.693   38457381.911          0.001  544
 676.878   24195516.270          0.000  634
 730.633   21891359.982          0.000  634
1243.419   42130300.142          0.001  634
1300.343          0.000          0.000  550
1300.343    8390021.158          0.000  550
1300.194    6303247.976          0.000  581
1300.561   10744043.369          0.000  521
1300.363    6777493.568          0.000  583
1300.285    6082316.231          0.000  523
1300.285    6686770.816          0.000  523
1300.463    8491840.719          0.000  586
1300.353    8471124.049          0.000  527
1300.391    8201295.188          0.000  588
1300.258    9088498.798          0.000  589
1300.327   12274072.822          0.000  530
1300.327   11626141.143          0.000  530
1300.262          0.000          0.000  563
1300.262    4466482.662          0.000  563
1300.097    6683119.241          0.000  593
1300.133    7681413.678          0.000  595
1300.448   12638335.529          0.000  536
1187.079   39410064.872          0.001  573
 944.078   27250196.067          0.001  573
 702.890   23470006.083          0.000  573
 382.631   15691207.576          0.000  573
 365.140   18500406.387          0.000  573
   0.000          0.000          0.000  573
   0.000          0.000          0.000  574
 388.581   21693269.692          0.000  574
 298.603   19065866.421          0.000  544
 206.893    9877456.557          0.000  634
 385.618   14834762.434          0.000  634
 855.664   22302913.917          0.000  634
1227.827   31413351.442          0.001  634
1300.193          0.000          0.000  581
1300.363    7274894.047          0.000  583
1300.363          0.000          0.000  583
1300.285   16685171.674          0.000  523
1300.285   14458597.385          0.000  523
1300.462          0.000          0.000  586
1300.353   16719784.178          0.000  527
1300.391          0.000          0.000  588
1300.257          0.000          0.000  589
1300.225          0.000          0.000  590
1300.262   13669952.784          0.000  563
1300.349   19752276.646          0.000  656
1300.097          0.000          0.000  593
1300.133    6495915.391          0.000  595
1300.133          0.000          0.000  595
1300.321   10700415.587          0.000  627
1088.423   33479381.314          0.001  573
 721.543   24180826.685          0.000  695
 457.258   17975490.254          0.000  695
 504.868   27077751.808          0.001  573
 147.157    7439356.536          0.000  573
   0.000          0.000          0.000  602
   0.000          0.000          0.000  603
 363.206   16029850.163          0.000  634
  98.090    5112046.347          0.000  634
 550.524   30132081.547          0.001  634
 557.556   20536412.351          0.000  634
 642.336   26670290.155          0.000  634
 981.783   35021155.538          0.001  634
1290.340   39198490.718          0.001  634
1300.194    9904079.821          0.000  581
1300.363   15099114.332          0.000  583
1300.363   11011510.926          0.000  583
1300.323   14826905.535          0.000  676
1300.462    7190286.000          0.000  586
1300.325   19242461.890          0.000  650
1300.325    8857506.843          0.000  650
1300.257   13674908.904          0.000  589
1300.258    5390964.958          0.000  589
1300.433   10655963.315          0.000  652
1300.329    8178689.574          0.000  654
1300.127          0.000          0.000  622
1300.348    8712362.513          0.000  656
1300.348    6922734.031          0.000  656
1300.133   12424290.936          0.000  595
1300.321    2447772.063          0.000  627
1300.321          0.000          0.000  627
1021.680   27199982.331          0.001  695
 465.074   15720806.925          0.000  695
 193.582    8768914.961          0.000  695
 482.925   20256806.868          0.000  695
 320.133   17205409.642          0.000  633
   0.000          0.000          0.000  633
   0.000          0.000          0.000  634
  57.337    3081977.219          0.000  634
 101.835    5373766.785          0.000  634
 177.191    8977779.645          0.000  634
 249.441   11741508.760          0.000  634
 660.226   22044508.258          0.000  634
1120.818   35211626.127          0.001  634
1300.162          0.000          0.000  641
1300.264          0.000          0.000  642
1300.264   10481804.191          0.000  642
1300.323   14171716.661          0.000  676
1300.323    3726976.729          0.000  676
1300.323    7596039.728          0.000  676
1300.543    8769687.878          0.000  648
1300.543          0.000          0.000  648
1300.325   11653786.794          0.000  650
1300.325          0.000          0.000  650
1300.258   16456146.034          0.000  589
1300.433          0.000          0.000  652
1300.329    5969633.551          0.000  654
1300.329          0.000          0.000  654
1300.348    8014980.909          0.000  656
1300.348          0.000          0.000  656
1300.348   18487035.666          0.000  656
1300.321    8408637.079          0.000  627
1300.321    9656005.025          0.000  627
1263.999   34396244.286          0.001  695
 901.025   22546293.719          0.000  695
 553.547   21896923.144          0.000  695
 129.690    6132526.290          0.000  695
 273.339   13493387.858          0.000  633
   0.000          0.000          0.000  665
   0.000          0.000          0.000  666
 227.706   12973894.999          0.000  696
 297.300   16093488.366          0.000  634
 549.968   19664415.478          0.000  634
 606.074   19894767.444          0.000  634
 960.352   28149449.493          0.000  634
1290.615   52311002.257          0.001  634
1300.269   16813061.603          0.000  642
1300.345          0.000          0.000  674
1300.323   12523239.388          0.000  676
1300.322          0.000          0.000  676
1300.323   11199154.491          0.000  676
1300.519   12701003.057          0.000  708
1300.312          0.000          0.000  679
1300.312   10199756.309          0.000  679
1300.414   16981647.870          0.000  712
1300.414    6049099.899          0.000  712
1300.433    9857194.997          0.000  652
1300.433    5334917.563          0.000  652
1300.329    6251314.683          0.000  654
1300.348   15879108.401          0.000  656
1300.348    8728832.813          0.000  656
1300.321   14301417.090          0.000  627
1300.321   19889833.322          0.000  627
1296.846   42298587.982          0.001  695
1091.390   29151421.909          0.001  695
 625.398   25011261.222          0.000  695
 136.948    6418780.110          0.000  695
  37.242    1850491.247          0.000  695
   0.000          0.000          0.000  695
   0.000          0.000          0.000  696
 195.943   10979994.153          0.000  696
 331.622   18727023.442          0.000  696
 583.467   25087960.308          0.000  757
 873.789   41214483.968          0.001  634
 996.908   29370815.792          0.001  634
1300.388    7349123.156          0.000  703
1300.388          0.000          0.000  703
1300.345    8223798.437          0.000  674
1300.165          0.000          0.000  705
1300.163    8529744.694          0.000  737
1300.519    5570007.604          0.000  708
1300.519          0.000          0.000  708
1300.312    6738120.606          0.000  679
1300.414   13876462.949          0.000  712
1300.414    6345981.579          0.000  712
1300.414          0.000          0.000  712
1300.434   12905052.553          0.000  652
1300.329   14251388.679          0.000  654
1300.341   20093100.606          0.000  775
1300.341   12141818.561          0.000  775
1300.341   10474107.787          0.000  775
1300.321   24193967.670          0.000  627
1300.394   10712677.937          0.000  748
1238.790   40428837.071          0.001  695
 719.915   20042732.232          0.000  695
 495.455   16463808.793          0.000  695
 194.198    8709248.592          0.000  695
 337.095   15415626.870          0.000  695
 311.025   16572068.645          0.000  695
   0.000          0.000          0.000  726
   0.000          0.000          0.000  727
 319.617   13849247.564          0.000  757
 311.373   14688049.260          0.000  757
 347.234   16305058.905          0.000  757
 607.996   29728787.980          0.001  757
 914.441   27469716.693          0.000  757
1124.081   28643434.337          0.000  757
1300.388   13522362.701          0.000  703
1300.317   13860003.812          0.000  765
1300.165    7708848.190          0.000  705
1300.163          0.000          0.000  737
1300.519   15667634.587          0.000  708
1300.519    5877207.500          0.000  708
1300.319          0.000          0.000  740
1300.414   16897195.003          0.000  712
1300.414    7660756.448          0.000  712
1300.315    7447981.342          0.000  772
1300.367   17973397.827          0.000  774
1300.367    8062341.404          0.000  774
1300.341    3309973.571          0.000  775
1300.341   19552500.825          0.000  775
1300.394          0.000          0.000  748
1300.337          0.000          0.000  749
1190.321   36082289.432          0.001  695
 839.886   25903425.852          0.000  695
 618.680   20302392.245          0.000  695
 618.884   25214256.327          0.000  695
 626.364   32144196.804          0.001  695
 120.023    6206554.782          0.000  785
   0.000          0.000          0.000  756
   0.000          0.000          0.000  757
  59.934    3090780.698          0.000  757
 124.039    6004996.355          0.000  757
 199.506    8998120.862          0.000  757
 266.150   11042871.610          0.000  757
 657.282   17986504.025          0.000  757
1156.587   31309766.905          0.001  757
1300.230          0.000          0.000  764
1300.317          0.000          0.000  765
1300.422    6473255.552          0.000  796
1300.422   15218523.887          0.000  796
1300.519   14755396.014          0.000  708
1300.319    8883846.182          0.000  740
1300.445   12213575.067          0.000  802
1300.245          0.000          0.000  771
1300.315          0.000          0.000  772
1300.367   10684336.404          0.000  774
1300.367          0.000          0.000  774
1300.341          0.000          0.000  775
1300.419    7603441.694          0.000  808
1300.394   12695185.483          0.000  748
1300.338   12191387.559          0.000  749
1182.163   34630870.660          0.001  912
1036.333   40498414.985          0.001  912
 816.378   30349766.781          0.001  912
 754.732   36174314.640          0.001  785
 493.992   25494329.542          0.001  785
 268.184   14517442.610          0.000  785
   0.000          0.000          0.000  785
   0.000          0.000          0.000  786
 182.578   10671960.106          0.000  786
 487.964   20042209.516          0.000  757
 400.019   16525473.867          0.000  757
 582.845   18583862.157          0.000  757
 713.030   16957370.035          0.000  757
1233.878   31561061.960          0.001  757
1295.051   36649170.023          0.001  757
1300.317    5723076.099          0.000  765
1300.422   15764991.657          0.000  796
1300.422          0.000          0.000  796
1300.422    7209852.901          0.000  796
1300.527          0.000          0.000  798
1300.373   10782646.562          0.000  863
1300.445   18098407.818          0.000  802
1300.445    7751434.837          0.000  802
1300.445          0.000          0.000  802
1300.445    6552799.378          0.000  802
1300.228   13052499.505          0.000  836
1300.367    9973186.265          0.000  774
1300.184   11508529.323          0.000  838
1300.419    7755618.044          0.000  808
1300.419          0.000          0.000  808
1300.419    9750874.965          0.000  808
1300.407    8030087.724          0.000  841
1091.705   31848374.121          0.001  912
 786.389   22970918.882          0.000  912
 504.843   18609038.380          0.000  912
 602.945   22506777.249          0.000  912
 360.432   17570811.394          0.000  785
 125.228    6217973.093          0.000  785
   0.000          0.000          0.000  817
   0.000          0.000          0.000  818
 456.755   27756914.242          0.001  786
 381.611   21443706.113          0.000  786
 393.296   18459321.542          0.000  880
 697.987   25734031.549          0.000  757
1038.128   30832841.562          0.001  757
1156.182   23130923.150          0.000  757
1252.518   26377524.806          0.000  757
1289.485   30764795.487          0.001  757
1300.329          0.000          0.000  827
1300.329    3650879.440          0.000  827
1300.422    6575843.793          0.000  796
1300.527    7482555.363          0.000  798
1300.373   13962129.729          0.000  863
1300.373    4516998.154          0.000  863
1300.445    8384783.203          0.000  802
1300.445   11551216.598          0.000  802
1300.228   10108632.141          0.000  836
1300.228          0.000          0.000  836
1300.184   22046391.505          0.000  838
1300.183          0.000          0.000  838
1300.419   11854106.749          0.000  808
1300.407    6424897.010          0.000  841
1300.407          0.000          0.000  841
 976.020   28374825.611          0.001  912
 649.513   20617208.920          0.000  912
 340.320   13907450.849          0.000  912
 226.301   10413982.508          0.000  912
 503.665   21688731.898          0.000  912
 186.044    9503983.048          0.000  817
   0.000          0.000          0.000  848
   0.000          0.000          0.000  849
 199.782   11356585.417          0.000  818
 410.560   25079268.913          0.000  818
 174.434    9410717.637          0.000  880
 540.696   23579402.816          0.000  880
1027.247   38081938.753          0.001  880
1230.219   43494212.652          0.001  757
1267.225   28346540.631          0.000  757
1300.305   17040852.220          0.000  887
1298.275   35499799.557          0.001  757
1300.329   14758464.042          0.000  827
1300.518    6555598.468          0.000  891
1300.427   11738356.515          0.000  926
1300.373    8406621.133          0.000  863
1300.372          0.000          0.000  863
1300.447   23329943.943          0.000  802
1300.276   17123614.188          0.000  930
1300.334    7546548.565          0.000  867
1300.334          0.000          0.000  867
1300.228   10530708.493          0.000  836
1300.261          0.000          0.000  869
1300.342   13437162.963          0.000  902
1300.342    7260419.047          0.000  902
1300.407   13165079.960          0.000  841
1300.407   17941267.449          0.000  841
 973.698   32390175.782          0.001  912
 826.656   36575641.650          0.001  912
 493.507   22512833.055          0.000  912
 114.469    5661201.861          0.000  912
 245.849    9749323.554          0.000  912
   0.000          0.000          0.000  879
   0.000          0.000          0.000  880
  82.385    4557266.605          0.000  880
 433.697   20527747.857          0.000  880
 345.791   16664621.005          0.000  880
 647.827   24092145.840          0.000  880
1156.477   41974766.508          0.001  880
1300.305   25505704.244          0.000  887
1300.305          0.000          0.000  887
1300.148   44964538.887          0.001  757
1300.522   12625482.596          0.000  923
1300.518    7360760.027          0.000  891
1300.518          0.000          0.000  891
1300.427   13768588.515          0.000  926
1300.427    5518277.380          0.000  926
1300.427   10133044.156          0.000  926
1300.372    6067625.578          0.000  863
1300.359   14270111.410          0.000  928
1300.275    7823058.919          0.000  930
1300.276   19826222.057          0.000  930
1300.364          0.000          0.000  899
1300.262    4885090.119          0.000  869
1300.342    4976974.565          0.000  902
1300.341          0.000          0.000  902
1300.342    5546440.722          0.000  902
1300.342   15942731.310          0.000  902
1199.006   32487783.536          0.001  912
 999.892   24970296.488          0.000  912
 516.221   16042393.291          0.000  912
 269.171   11430534.634          0.000  912
 120.650    5922591.088          0.000  912
  83.613    4195198.012          0.000  912
  48.133    2454496.847          0.000  912
   0.000          0.000          0.000  912
   0.000          0.000          0.000  913
  67.144    3711136.147          0.000  946
 220.881   12283914.502          0.000  946
 750.136   35296118.008          0.001  880
 890.605   34812577.629          0.001  880
1026.895   36467522.319          0.001 1004
1126.006   31570255.916          0.001 1004
1300.305   10187807.923          0.000  887
1300.305    6108353.604          0.000  887
1300.327   53544419.804          0.001  757
1300.522          0.000          0.000  923
1300.518   17642956.447          0.000  891
1300.427   22149344.385          0.000  926
1300.427          0.000          0.000  926
1300.359    8900149.480          0.000  928
1300.359          0.000          0.000  928
1300.359    4759381.559          0.000  928
1300.275          0.000          0.000  930
1300.275    6623090.768          0.000  930
1300.326          0.000          0.000  932
1300.326    8975733.998          0.000  932
1300.262   14812919.228          0.000  869
1300.342   13739728.313          0.000  902
1300.342   15908667.755          0.000  902
1300.342   16489477.906          0.000  902
1216.462   34585151.984          0.001  912
1075.774   28327146.975          0.001  912
 591.618   17989468.968          0.000  912
 423.747   14925720.625          0.000  912
 353.822   15933784.721          0.000  912
 210.900   10061868.755          0.000  912
 201.499   10113959.138          0.000  945
   0.000          0.000          0.000  945
   0.000          0.000          0.000  946
 202.447   11295347.006          0.000  946
 487.297   24713775.947          0.000  946
 607.053   23741600.929          0.000 1004
 902.620   28289169.984          0.000 1004
 943.248   26383339.692          0.000 1004
1300.369   12652145.548          0.000 1011
1300.422   19760513.980          0.000 1013
1300.522   10508675.513          0.000  923
1300.427   20007586.480          0.000  926
1300.427    8663852.839          0.000  926
1300.427    3751757.257          0.000  926
1300.427   11456751.263          0.000  926
1300.271   10017423.804          0.000  989
1300.271   16791149.478          0.000  989
1300.275   11896072.360          0.000  930
1300.428   17649377.014          0.000 1084
1300.428   20017566.236          0.000 1084
1300.428   27438242.463          0.000 1084
1300.187          0.000          0.000  965
1300.187    8567745.636          0.000  965
1300.365   18350908.610          0.000 1028
1221.824   34729212.011          0.001  912
 915.959   35667381.032          0.001  912
 470.847   19161940.489          0.000  912
 474.901   24138203.976          0.000  945
 307.803   15336908.622          0.000  945
   0.000          0.000          0.000  973
   0.000          0.000          0.000  974
 202.285   11222298.457          0.000 1004
 488.260   27682995.714          0.001  946
 308.213   13681017.674          0.000 1004
 432.317   16103566.026          0.000 1004
 977.424   33993830.025          0.001 1004
1300.369    6036614.834          0.000 1011
1300.422   17440488.210          0.000 1013
1300.422    7075598.245          0.000 1013
1300.282    4584526.524          0.000 1014
1300.427   19340344.237          0.000  926
1300.427    9301516.702          0.000  926
1300.187    9340966.010          0.000  987
1300.187          0.000          0.000  987
1300.271    7146882.632          0.000  989
1300.271          0.000          0.000  989
1300.271    6817053.096          0.000  989
1300.358   10300211.799          0.000 1021
1300.428   11858545.548          0.000 1084
1300.428    9967783.670          0.000 1084
1300.428   18194977.591          0.000 1084
1300.479          0.000          0.000  995
1300.187    7471955.140          0.000  965
1300.365   17860443.020          0.000 1028
1300.365    5191702.417          0.000 1028
1134.513   34539496.579          0.001 1033
 813.558   28805512.912          0.001 1033
 573.770   25460878.700          0.001 1033
 252.403   14663204.292          0.000 1003
   0.000          0.000          0.000 1003
   0.000          0.000          0.000 1004
 142.042    7767648.143          0.000 1004
 297.259   16748766.492          0.000 1004
 462.424   15825537.892          0.000 1004
 186.543    9114015.303          0.000 1004
 326.832   12995408.560          0.000 1004
1063.699   25883907.039          0.000 1004
1300.369          0.000          0.000 1011
1300.422   10345002.845          0.000 1013
1300.422          0.000          0.000 1013
1300.282          0.000          0.000 1014
1300.427   27649964.369          0.000  926
1300.427   18154191.058          0.000  926
1300.369    8067008.225          0.000 1047
1300.271   18143550.185          0.000  989
1300.271   13164745.060          0.000  989
1300.358    9790179.838          0.000 1021
1300.358          0.000          0.000 1021
1300.428   21012833.225          0.000 1084
1300.428    4910868.711          0.000 1084
1300.428   14939420.581          0.000 1084
1300.479    7442439.385          0.000  995
1300.145          0.000          0.000 1026
1300.187   22256688.345          0.000  965
1300.364          0.000          0.000 1028
 972.826   28868835.195          0.001 1033
 471.761   17010276.784          0.000 1033
 239.292   10527125.316          0.000 1033
 102.373    4948436.414          0.000 1033
   0.000          0.000          0.000 1033
   0.000          0.000          0.000 1034
  33.230    1824464.180          0.000 1004
  82.448    4395877.823          0.000 1004
 108.371    5668693.250          0.000 1004
 453.551   20863933.285          0.000 1004
 585.303   16689214.184          0.000 1004
1073.084   24330594.647          0.000 1004
1252.776   33998718.706          0.001 1004
1300.285          0.000          0.000 1042
1300.422   12806975.788          0.000 1013
1300.363   15946536.882          0.000 1107
1300.363   10773118.689          0.000 1107
1300.369    8205573.386          0.000 1047
1300.369          0.000          0.000 1047
1300.331   25391978.197          0.000 1112
1300.158          0.000          0.000 1049
1300.358    6095966.555          0.000 1021
1300.428   13599348.562          0.000 1084
1300.427    2736948.105          0.000 1084
1300.428    5895003.202          0.000 1084
1300.194   12255997.330          0.000 1086
1300.287   16583046.189          0.000 1057
1300.287    8651506.424          0.000 1057
1300.287          0.000          0.000 1057
1282.442   47107360.400          0.001 1126
 820.070   29545761.687          0.001 1126
 598.768   22901145.529          0.000 1126
 687.685   32846588.741          0.001 1126
 604.726   27106856.532          0.001 1033
 344.268   22090941.552          0.000 1064
   0.000          0.000          0.000 1064
   0.000          0.000          0.000 1065
 324.022   19593587.189          0.000 1065
 277.690   12874198.146          0.000 1004
 293.890   13895341.059          0.000 1004
 796.374   31765147.960          0.001 1004
1016.141   25125544.883          0.000 1004
1181.769   32396579.988          0.001 1004
1223.648   29644270.259          0.001 1004
1300.245   19748952.305          0.000 1135
1300.321   20580423.604          0.000 1166
1300.363   26812253.754          0.000 1107
1300.363   17957891.108          0.000 1107
1300.362    5109630.040          0.000 1107
1300.369    7386393.256          0.000 1047
1300.330   12393767.299          0.000 1112
1300.330    7676323.756          0.000 1112
1300.358   14832760.186          0.000 1021
1300.332   10164288.473          0.000 1114
1300.427   10196990.555          0.000 1084
1300.427          0.000          0.000 1084
1300.433   23368222.028          0.000 1084
1300.194          0.000          0.000 1086
1300.272    9030004.947          0.000 1119
1300.214          0.000          0.000 1088
 955.780   29895065.133          0.001 1126
 665.073   23235496.931          0.000 1126
 283.126   13009511.426          0.000 1126
 429.075   21539418.038          0.000 1126
  98.593    4932517.423          0.000 1126
  50.144    2524194.266          0.000 1126
   0.000          0.000          0.000 1095
   0.000          0.000          0.000 1096
 333.668   20231393.006          0.000 1096
 555.579   29199970.721          0.001 1096
 641.276   24206015.765          0.000 1004
 975.255   34003598.265          0.001 1004
1225.938   33211140.103          0.001 1004
1282.994   36692191.306          0.001 1004
1300.245    5025576.325          0.000 1135
1300.213    9731371.959          0.000 1136
1300.321   11649007.354          0.000 1166
1300.362    5398853.937          0.000 1107
1300.362          0.000          0.000 1107
1300.487   12071176.598          0.000 1140
1300.330   20256482.948          0.000 1112
1300.330   11954878.220          0.000 1112
1300.330    4908726.225          0.000 1112
1300.330          0.000          0.000 1112
1300.332   12308687.366          0.000 1114
1300.332          0.000          0.000 1114
1300.428   15774955.285          0.000 1084
1300.131          0.000          0.000 1116
1300.284          0.000          0.000 1117
1300.272   10930187.107          0.000 1119
1300.272          0.000          0.000 1119
1290.656   53796429.367          0.001 1126
1146.063   40849517.126          0.001 1126
 629.883   22317219.694          0.000 1126
 331.586   14463985.068          0.000 1126
 151.765    7506380.438          0.000 1126
 375.193   21154085.005          0.000 1126
   0.000          0.000          0.000 1126
   0.000          0.000          0.000 1127
  81.566    4188278.227          0.000 1096
 544.310   26046519.288          0.000 1096
 690.046   27282548.594          0.000 1096
 596.826   23325558.491          0.000 1096
1029.468   31387988.948          0.001 1096
1300.116   15697876.084          0.000 1163
1297.738   46841524.560          0.001 1004
1300.245          0.000          0.000 1135
1300.213          0.000          0.000 1136
1300.321    6275836.493          0.000 1166
1300.362    8012908.722          0.000 1107
1300.185   11148125.510          0.000 1168
1300.487          0.000          0.000 1140
1300.279   11068233.902          0.000 1170
1300.330   16435172.372          0.000 1112
1300.330   12314215.015          0.000 1112
1300.332   12123579.684          0.000 1114
1300.147          0.000          0.000 1145
1300.131    9431060.170          0.000 1116
1300.285    8789306.436          0.000 1117
1300.272   18179582.042          0.000 1119
1300.272    7007357.499          0.000 1119
1300.400   18037435.510          0.000 1181
 893.078   29051477.277          0.001 1126
1110.619   51351079.924          0.001 1126
 608.329   31203522.465          0.001 1126
 252.964   12253396.316          0.000 1126
 278.326   13986441.600          0.000 1187
   0.000          0.000          0.000 1156
   0.000          0.000          0.000 1157
 113.373    5749326.023          0.000 1096
 206.954    9959108.964          0.000 1096
 384.473   15325581.360          0.000 1096
 945.997   23152342.245          0.000 1096
1249.808   27914425.906          0.000 1096
1300.115          0.000          0.000 1163
1300.245    7696283.201          0.000 1135
1300.321   10488447.490          0.000 1166
1300.321          0.000          0.000 1166
1300.363   24691002.856          0.000 1107
1300.185          0.000          0.000 1168
1300.279   11850992.087          0.000 1170
1300.278          0.000          0.000 1170
1300.215   11597637.026          0.000 1172
1300.215          0.000          0.000 1172
1300.234   15266883.306          0.000 1175
1300.234    4498897.818          0.000 1175
1300.234          0.000          0.000 1175
1300.204   12469174.805          0.000 1177
1300.204          0.000          0.000 1177
1300.343    9920671.230          0.000 1179
1300.343          0.000          0.000 1179
1300.400   12649954.862          0.000 1181
1300.399          0.000          0.000 1181
1139.172   32523597.022          0.001 1219
 897.490   35027040.914          0.001 1219
 627.438   23596136.140          0.000 1219
 565.387   22875122.285          0.000 1219
 211.014   11431545.354          0.000 1187
   0.000          0.000          0.000 1187
   0.000          0.000          0.000 1188
 172.485    9955284.897          0.000 1220
 527.325   26461676.333          0.000 1096
 574.061   30058006.223          0.001 1096
 522.139   20554120.929          0.000 1096
1027.020   48860630.771          0.001 1096
 968.820   27230295.965          0.000 1096
1297.057   36452437.880          0.001 1096
1300.240    7792530.966          0.000 1197
1300.240          0.000          0.000 1197
1300.123   11814094.124          0.000 1229
1293.671   43157544.251          0.001 1580
1269.753   36028804.419          0.001 1580
1300.185   12883907.889          0.000 1168
1300.185    6864007.554          0.000 1168
1300.279    6872815.006          0.000 1170
1300.215   13888216.731          0.000 1172
1300.215    9769925.682          0.000 1172
1300.234   12787713.341          0.000 1175
1300.283   10976545.955          0.000 1239
1300.204    6677492.637          0.000 1177
1300.122   15342793.773          0.000 1272
1300.343    7965828.569          0.000 1179
1300.400   14743209.823          0.000 1181
1300.400   14362547.193          0.000 1181
1241.638   40175316.560          0.001 1219
 606.678   19262306.099          0.000 1219
 376.100   14740895.821          0.000 1219
 188.788    8823495.537          0.000 1219
 303.628   11448175.390          0.000 1219
 371.720   19618074.228          0.000 1187
   0.000          0.000          0.000 1219
   0.000          0.000          0.000 1220
 115.792    6347727.602          0.000 1283
 622.822   38680519.004          0.001 1283
 645.296   25504412.587          0.000 1283
 904.393   32501073.281          0.001 1283
1300.335    9374742.194          0.000 1257
1300.287   55425078.767          0.001 1096
1300.241   20723058.170          0.000 1197
1300.241   10041455.312          0.000 1197
1300.123          0.000          0.000 1229
1201.121   30857958.514          0.001 1580
1173.338   28487655.210          0.000 1580
1300.204   12927218.006          0.000 1264
1300.185   19519620.915          0.000 1168
1300.167    8933945.147          0.000 1266
1300.373   11172290.941          0.000 1236
1300.372          0.000          0.000 1236
1300.373    9061512.225          0.000 1236
1300.373   15112474.938          0.000 1236
1300.283          0.000          0.000 1239
1297.682   41979966.617          0.001 1593
1300.122    6725668.167          0.000 1272
1300.343   20285161.568          0.000 1179
1300.290          0.000          0.000 1243
1300.292   24809483.055          0.000 1243
 855.961   37502102.210          0.001 1219
 663.750   30266718.310          0.001 1219
 526.268   33503473.780          0.001 1219
  81.253    4048400.143          0.000 1219
  44.605    2242629.465          0.000 1219
   0.000          0.000          0.000 1250
   0.000          0.000          0.000 1251
  57.147    3180755.604          0.000 1283
 359.802   22024704.901          0.000 1283
 218.437   11442356.971          0.000 1283
 475.421   19674818.163          0.000 1283
1010.873   34770762.612          0.001 1283
1300.335          0.000          0.000 1257
1218.624   34278675.500          0.001 1574
1187.072   41869296.670          0.001 1580
1063.076   34131832.025          0.001 1580
1235.051   37382582.590          0.001 1580
 901.892   21584070.996          0.000 1580
1249.538   33843243.514          0.001 1580
1300.204          0.000          0.000 1264
1300.167   13916114.293          0.000 1266
1300.167          0.000          0.000 1266
1300.373   15669267.173          0.000 1236
1300.373    6406788.265          0.000 1236
1300.373   21571209.896          0.000 1236
1300.283    8376171.547          0.000 1239
1281.502   33456621.169          0.001 1593
1300.122          0.000          0.000 1272
1300.289   12111425.369          0.000 1305
1300.290    4887669.254          0.000 1243
1300.290   10158169.598          0.000 1243
1071.010   33640445.226          0.001 1219
 543.404   19823728.250          0.000 1219
 260.812   12117053.172          0.000 1219
 196.878    9468950.935          0.000 1219
 155.733    7596026.738          0.000 1219
 289.099   14539908.659          0.000 1250
   0.000          0.000          0.000 1282
   0.000          0.000          0.000 1283
 182.318   10448665.893          0.000 1283
 603.665   27443671.103          0.000 1283
 587.220   27642605.839          0.000 1283
 901.720   29464100.872          0.001 1283
1133.877   34066336.827          0.001 1574
1120.318   34565039.152          0.001 1574
 962.040   28532814.062          0.001 1580
 811.146   25605548.009          0.000 1580
1027.429   33251814.451          0.001 1580
 923.365   22535392.528          0.000 1580
1245.967   33594429.528          0.001 1580
1179.269   30692116.192          0.001 1588
1101.286   30186996.404          0.001 1588
1281.946   38764031.286          0.001 1588
1298.632   57844912.547          0.001 1593
1228.560   33243810.663          0.001 1593
1091.161   27467228.163          0.001 1593
1251.289   36682898.064          0.001 1593
1199.950   26021351.483          0.000 1593
1300.130   19598303.672          0.000 1272
1300.289   13597489.005          0.000 1305
1300.289          0.000          0.000 1305
1300.289    6566441.623          0.000 1305
1300.290   19810777.855          0.000 1243
1033.872   31959555.830          0.001 1219
 687.567   26769311.663          0.001 1219
 304.522   13767849.186          0.000 1219
 395.213   19282033.731          0.000 1313
 170.654    8455851.979          0.000 1313
   0.000          0.000          0.000 1313
   0.000          0.000          0.000 1314
 267.320   14955813.193          0.000 1283
 435.413   21590223.725          0.000 1377
 334.069   16534210.796          0.000 1377
1020.850   46131426.359          0.001 1377
1105.333   40813907.653          0.001 1574
1000.875   39771287.899          0.001 1574
 968.231   36113473.756          0.001 1574
 919.459   28670035.647          0.001 1580
 476.692   18416466.934          0.000 1580
 698.882   24728763.992          0.000 1580
 435.672   15015837.934          0.000 1580
1141.044   37046913.119          0.001 1580
1201.171   39716610.643          0.001 1588
 807.355   21353811.234          0.000 1588
 950.426   23143229.422          0.000 1588
1083.028   31855777.159          0.001 1588
1215.127   34595570.562          0.001 1593
1057.984   30068401.064          0.001 1593
1125.209   33152499.687          0.001 1593
1053.571   22342414.268          0.000 1593
1215.526   36123833.424          0.001 1598
1300.289    8099097.642          0.000 1305
1300.418    8254049.660          0.000 1338
1300.418          0.000          0.000 1338
1300.418   19313049.046          0.000 1338
1209.991   44011061.400          0.001 1604
1000.521   37841377.482          0.001 1219
 454.739   18794475.510          0.000 1219
 372.301   18026665.249          0.000 1313
 158.177    7951095.710          0.000 1376
   0.000          0.000          0.000 1345
   0.000          0.000          0.000 1346
  93.481    5179954.364          0.000 1377
 482.118   25671915.783          0.000 1377
 582.091   28369843.955          0.001 1377
 858.520   32396559.607          0.001 1570
 870.813   35831941.092          0.001 1570
 716.246   26079477.760          0.000 1574
 744.539   26494697.572          0.000 1574
 660.836   22945523.141          0.000 1580
 654.969   27704650.154          0.000 1580
 321.096   12812948.146          0.000 1580
 669.117   23902791.742          0.000 1580
1049.123   37924781.315          0.001 1580
 750.403   21186213.140          0.000 1588
 955.595   33776169.162          0.001 1588
 904.021   28502834.535          0.001 1588
1117.187   37240938.264          0.001 1593
 848.817   23504361.139          0.000 1593
 795.598   28397252.387          0.001 1593
 840.508   24574490.559          0.000 1593
 714.049   17212576.362          0.000 1593
1005.913   31858222.793          0.001 1593
1048.880   28587122.326          0.001 1598
1192.616   34976973.383          0.001 1599
 985.984   28940890.304          0.001 1600
1051.961   30201311.172          0.001 1604
1056.099   38074294.536          0.001 1604
 756.654   38904615.961          0.001 1437
 431.155   18386586.771          0.000 1437
 544.996   31809215.272          0.001 1376
   0.000          0.000          0.000 1376
   0.000          0.000          0.000 1377
 216.089   11659702.912          0.000 1377
 169.369    9360773.458          0.000 1377
 316.556   17053013.492          0.000 1377
 586.734   28003090.404          0.001 1377
 772.596   36554823.245          0.001 1570
 355.004   14861701.156          0.000 1574
 478.655   19910651.246          0.000 1574
 499.440   27699233.003          0.000 1574
 274.976   12910633.176          0.000 1580
 195.520    9565995.619          0.000 1580
 446.276   17690933.910          0.000 1580
1009.054   57157335.470          0.001 1580
 838.104   29961352.298          0.001 1588
 318.853   12513351.184          0.000 1588
 604.800   20482297.522          0.000 1588
 536.992   17657613.379          0.000 1588
 889.095   29601220.001          0.001 1588
 424.428   14594228.492          0.000 1593
 361.767   12630283.428          0.000 1593
 642.525   20307252.653          0.000 1593
 728.802   21530337.114          0.000 1598
1067.627   34745135.738          0.001 1599
 861.230   30084636.775          0.001 1600
 843.349   27783559.721          0.001 1604
 554.983   18807000.667          0.000 1604
 808.802   26889957.498          0.001 1604
 521.646   20838432.397          0.000 1437
 185.894    8963262.384          0.000 1437
 217.424   10900276.607          0.000 1376
   0.000          0.000          0.000 1407
   0.000          0.000          0.000 1408
 414.138   25677385.180          0.000 1438
 247.955   13556009.271          0.000 1377
 693.195   33058133.884          0.001 1570
 367.495   18028010.017          0.000 1570
 692.840   32049588.201          0.001 1570
 673.995   37934393.633          0.001 1574
 229.125   11189470.213          0.000 1574
 562.084   23578017.791          0.000 1574
 176.662    8899979.507          0.000 1580
 407.387   20228730.933          0.000 1580
 632.435   31425426.526          0.001 1580
 895.878   30724122.750          0.001 1588
 216.632    9827443.319          0.000 1588
 250.238   10866615.079          0.000 1588
 786.683   34904151.231          0.001 1588
 574.566   25557496.421          0.000 1593
 199.144    8767731.295          0.000 1593
 293.351   11860411.269          0.000 1593
 621.710   21189491.663          0.000 1593
 501.847   17512977.695          0.000 1598
 736.231   21428226.742          0.000 1599
 814.861   29550560.884          0.001 1600
 631.358   22451332.754          0.000 1604
 349.162   14147133.034          0.000 1604
 909.785   48472140.156          0.001 1437
 785.747   38496124.567          0.001 1437
 410.652   19654039.233          0.000 1437
  99.969    4910139.291          0.000 1437
   0.000          0.000          0.000 1437
   0.000          0.000          0.000 1438
 164.329    9136646.924          0.000 1438
 417.899   24077085.595          0.000 1438
 406.738   17685053.713          0.000 1570
 247.561   13068384.260          0.000 1570
 391.566   17794107.340          0.000 1574
 239.580   13035528.677          0.000 1574
 463.635   33314000.888          0.001 1577
 523.151   23011210.862          0.000 1580
 115.587    6064466.898          0.000 1580
 538.055   23238047.360          0.000 1580
 643.020   31572235.980          0.001 1580
 700.207   35477111.621          0.001 1584
 387.589   15833668.130          0.000 1588
 145.010    7189833.655          0.000 1588
 474.728   26849494.862          0.001 1590
 419.278   22413404.507          0.000 1590
 311.166   15319707.249          0.000 1593
 158.349    7331612.410          0.000 1593
 425.497   15797623.605          0.000 1593
 274.819   12348358.738          0.000 1598
 354.889   13788397.878          0.000 1599
 290.222   12432263.606          0.000 1600
 296.975   12577993.944          0.000 1604
 243.174   10789240.410          0.000 1604
 560.766   24495810.815          0.000 1609
 411.089   18784660.440          0.000 1437
 439.547   21744914.400          0.000 1437
 240.914   11727913.049          0.000 1437
   0.000          0.000          0.000 1467
   0.000          0.000          0.000 1468
 246.922   13299489.422          0.000 1500
 432.387   24140468.234          0.000 1438
 377.987   21908972.360          0.000 1566
 288.737   15022963.951          0.000 1570
 126.980    6981593.993          0.000 1570
 454.222   21382255.289          0.000 1570
 489.889   20983060.870          0.000 1574
 149.517    8122139.155          0.000 1574
 524.822   27811360.351          0.001 1580
  78.194    4198982.619          0.000 1580
 223.897   10853363.000          0.000 1580
 379.347   20134787.402          0.000 1580
 363.527   19588604.659          0.000 1584
 442.369   19171992.622          0.000 1588
 101.018    5184990.625          0.000 1588
 234.999   13124953.603          0.000 1590
 536.282   29865522.757          0.001 1590
 210.728   10609387.056          0.000 1593
  88.707    4394175.170          0.000 1593
 478.419   19513255.360          0.000 1593
 639.618   34707086.199          0.001 1595
 174.973    8425511.468          0.000 1598
 428.554   17995624.665          0.000 1599
 193.840    8978595.808          0.000 1600
 560.751   28076023.954          0.001 1604
 138.923    6656749.582          0.000 1604
 772.740   35975133.247          0.001 1604
 281.782   13751357.364          0.000 1609
 356.909   17425652.222          0.000 1609
 269.990   13276408.666          0.000 1533
   0.000          0.000          0.000 1499
   0.000          0.000          0.000 1500
 343.805   18678411.321          0.000 1500
 170.412    9371719.567          0.000 1566
 547.778   29027056.867          0.001 1568
  74.197    4088368.128          0.000 1570
 444.489   21910727.187          0.000 1570
 319.014   17743665.416          0.000 1572
 320.027   21762362.235          0.000 1572
  60.623    3326373.413          0.000 1574
 224.490   13717823.703          0.000 1577
 300.417   13603598.434          0.000 1580
  52.536    2860134.266          0.000 1580
 126.287    6898740.511          0.000 1580
 207.809   11309808.996          0.000 1580
 286.826   15475386.341          0.000 1580
 362.903   20866030.077          0.000 1584
 249.379   13561392.069          0.000 1584
  68.677    3599675.476          0.000 1588
 479.073   25725048.736          0.000 1590
 108.569    5923044.143          0.000 1590
 334.238   16318927.690          0.000 1593
  48.211    2489731.229          0.000 1593
 435.939   23889595.556          0.000 1595
 367.344   19202378.026          0.000 1595
  97.199    4930724.716          0.000 1598
 160.399    7372964.541          0.000 1599
 355.049   17649282.249          0.000 1600
  77.187    3778655.184          0.000 1604
 406.708   19985713.524          0.000 1606
 288.642   14052380.190          0.000 1608
 122.209    6022992.459          0.000 1609
 234.977   11474780.129          0.000 1609
 328.632   15978052.362          0.000 1612
   0.000          0.000          0.000 1533
   0.000          0.000          0.000 1534
 375.008   20311732.874          0.000 1500
 256.204   13728510.545          0.000 1568
 187.163   10266155.655          0.000 1568
 278.466   15400393.287          0.000 1572
 154.949    9350452.292          0.000 1572
 291.355   16867191.769          0.000 1576
 130.550    7622963.456          0.000 1577
 257.987   14521011.424          0.000 1577
  37.301    2042961.001          0.000 1580
 292.034   15898724.607          0.000 1580
 157.109    8411317.498          0.000 1584
 125.678    6809736.099          0.000 1584
  42.616    2267174.052          0.000 1588
 270.502   15046951.856          0.000 1589
  70.869    3840114.386          0.000 1590
 293.055   15487764.028          0.000 1593
 220.477   11586897.166          0.000 1595
 107.974    5664138.817          0.000 1595
  59.235    3029977.437          0.000 1598
  86.771    4149389.712          0.000 1599
  82.733    4074258.097          0.000 1600
 194.928   10974083.887          0.000 1602
 149.318    7323419.052          0.000 1606
 125.327    6167726.449          0.000 1608
 305.842   15817900.374          0.000 1609
 436.262   19535565.710          0.000 1609
 176.191    8586165.174          0.000 1612
   0.000          0.000          0.000 1562
   0.000          0.000          0.000 1563
   0.000          0.000          0.000 1564
   0.000          0.000          0.000 1565
   0.000          0.000          0.000 1566
   0.000          0.000          0.000 1567
   0.000          0.000          0.000 1568
   0.000          0.000          0.000 1569
   0.000          0.000          0.000 1570
   0.000          0.000          0.000 1571
   0.000          0.000          0.000 1572
   0.000          0.000          0.000 1573
   0.000          0.000          0.000 1574
   0.000          0.000          0.000 1575
   0.000          0.000          0.000 1576
   0.000          0.000          0.000 1577
   0.000          0.000          0.000 1578
   0.000          0.000          0.000 1579
   0.000          0.000          0.000 1580
   0.000          0.000          0.000 1581
   0.000          0.000          0.000 1582
   0.000          0.000          0.000 1583
   0.000          0.000          0.000 1584
   0.000          0.000          0.000 1585
   0.000          0.000          0.000 1586
   0.000          0.000          0.000 1587
   0.000          0.000          0.000 1588
   0.000          0.000          0.000 1589
   0.000          0.000          0.000 1590
   0.000          0.000          0.000 1591
   0.000          0.000          0.000 1592
   0.000          0.000          0.000 1593
   0.000          0.000          0.000 1594
   0.000          0.000          0.000 1595
   0.000          0.000          0.000 1596
   0.000          0.000          0.000 1597
   0.000          0.000          0.000 1598
   0.000          0.000          0.000 1599
   0.000          0.000          0.000 1600
   0.000          0.000          0.000 1601
   0.000          0.000          0.000 1602
   0.000          0.000          0.000 1603
   0.000          0.000          0.000 1604
   0.000          0.000          0.000 1605
   0.000          0.000          0.000 1606
   0.000          0.000          0.000 1607
   0.000          0.000          0.000 1608
   0.000          0.000          0.000 1609
   0.000          0.000          0.000 1610
   0.000          0.000          0.000 1611
   0.000          0.000          0.000 1612
   0.000          0.000          0.000 1613
 122.417    6323698.870          0.000   29
 466.320   26020877.864          0.000   11
 256.515   11808915.242          0.000   13
 653.949   32652698.041          0.001   45
 273.486   12804464.301          0.000   42
 638.967   23933152.682          0.000   21
 520.116   18853007.270          0.000   26
1164.331   45225312.255          0.001  296
1186.040   25319352.013          0.000   21
1300.344    9071268.123          0.000  364
1300.396    5636141.171          0.000  427
 802.275   35196277.789          0.001  418
1300.327    6708791.441          0.000  530
1300.262    6064103.070          0.000  563
1300.133    3536361.957          0.000  595
 132.410    6727604.661          0.000  634
 613.988   26717948.704          0.000  634
1300.321    5409849.017          0.000  627
1300.317    4975001.775          0.000  765
1300.414    7156747.962          0.000  712
1300.394    7415225.574          0.000  748
1300.183    5118927.174          0.000  838
 490.595   20921021.786          0.000  912
1300.428    7899696.781          0.000 1084
1300.245   10731829.227          0.000 1135
1300.158    7757663.977          0.000 1049
1300.330    6237846.040          0.000 1112
1300.332    9392524.273          0.000 1114
1300.400    6500925.017          0.000 1181
1300.039   43183359.268          0.001 1096
 625.116   21468365.128          0.000 1580
1291.656   47872671.145          0.001 1588
1283.103   41913514.686          0.001 1593
 432.944   22346568.886          0.000 1377
 748.016   29785633.442          0.001 1598
 666.527   29830686.123          0.001 1600
 474.614   22239098.089          0.000 1598
 381.075   15221399.698          0.000 1604
  59.239    3184564.162          0.000    7
 238.480   14763177.876          0.000   21
  17.956     979327.380          0.000   21
  38.643    2084726.071          0.000   26
  35.076    1798352.907          0.000   42
  68.680    3536284.212          0.000   42
  42.999    2163629.707          0.000   44
  61.037    3233889.396          0.000    5
  33.277    1800828.733          0.000   13
 121.982    6567895.211          0.000   15
  50.395    2723665.654          0.000   17
  41.567    2218361.424          0.000   26
  72.083    3781192.157          0.000   29
 148.478    7832504.227          0.000   31
  29.933    1565287.021          0.000   33
 153.478    8060983.873          0.000   40
  86.478    4521689.200          0.000  139
  95.250    5006202.856          0.000  139
 105.691    5788664.377          0.000  169
  47.393    2595257.984          0.000  231
 166.176    9046669.971          0.000  231
  93.125    4894402.503          0.000  296
 178.455    9579115.762          0.000  263
  39.110    1972244.865          0.000  296
 141.184    7049856.188          0.000  326
  39.584    2141331.095          0.000  327
 135.494    7405061.287          0.000  327
  27.875    1382223.717          0.000  387
 163.531    9270379.009          0.000  418
 165.774    8261041.524          0.000  417
  29.859    1623731.855          0.000  418
 103.406    5738355.747          0.000  480
  65.559    3640801.507          0.000  512
  35.020    1766958.424          0.000  573
  75.894    4298350.580          0.000  544
 151.935    8228750.144          0.000  574
 255.077   15633658.257          0.000  603
 140.563    7129579.881          0.000  633
  29.861    1626110.615          0.000  634
  94.527    5245684.869          0.000  696
 250.024   17083433.964          0.000  696
  29.659    1583846.995          0.000  757
  83.689    4759823.313          0.000  786
 177.082    9858102.697          0.000  786
  99.226    4986254.708          0.000  817
 180.762    4969497.116          0.000  912
  40.680    2261410.422          0.000  880
  23.435    1203791.224          0.000  912
  88.917    4404121.928          0.000  945
 136.308    6650241.405          0.000  945
 130.087    7124352.052          0.000 1003
  47.574    2362697.682          0.000 1033
 148.760    8060882.214          0.000 1064
 122.122    6837376.838          0.000 1065
 153.672    8847719.508          0.000 1096
 147.262    7475348.508          0.000 1126
  37.872    1979355.452          0.000 1096
 133.301    6578109.903          0.000 1187
 102.170    5293076.295          0.000 1187
  84.190    4707735.464          0.000 1283
  83.924    4135174.901          0.000 1313
 121.852    6682127.676          0.000 1283
  43.117    2385300.596          0.000 1377
 112.593    6133289.792          0.000 1377
 162.868    9192440.085          0.000 1438
  45.913    2258801.921          0.000 1437
  75.066    4137697.224          0.000 1438
 129.604    6299340.814          0.000 1437
 113.407    6110335.525          0.000 1500
 146.231    7894128.049          0.000 1500
  85.091    4646578.849          0.000 1566
  37.282    2055025.765          0.000 1570
  28.868    1599326.115          0.000 1574
  58.227    3170259.578          0.000 1580
 141.830    7689007.279          0.000 1584
  24.674    1296814.259          0.000 1593
  39.126    1926978.716          0.000 1604
  58.163    2867018.207          0.000 1609
 144.493    7005274.855          0.000 1612
 148.329    7956272.078          0.000 1500
 100.549    5414403.920          0.000 1568
  79.538    4332691.519          0.000 1572
  59.325    3322670.138          0.000 1577
  18.693    1031112.688          0.000 1580
 127.586    6849023.916          0.000 1580
  75.308    4027286.250          0.000 1584
  61.752    3329547.959          0.000 1584
  21.146    1136692.741          0.000 1588
 151.707    7952104.741          0.000 1593
  44.385    2214946.738          0.000 1600
 148.413    7486439.243          0.000 1609
 247.568   17202468.490          0.000 1609
 141.490    7816751.436          0.000   15
 147.455    7320826.838          0.000  326
 138.696    7571093.767          0.000  418
 128.566    6269566.185          0.000  633
  24.948    1258884.016          0.000 1126
 168.395    8522501.223          0.000 1187
  28.404    1583722.575          0.000 1283
 584.974   33004953.242          0.001   42
 460.540   22483529.547          0.000    5
 668.096   41947986.721          0.001   17
 242.697    9847154.528          0.000   33
 589.860   25187318.137          0.000   45
 427.707   17511939.713          0.000   13
1000.799   37273682.768          0.001   45
 709.387   28766293.430          0.001   45
 612.243   20847618.098          0.000   13
 775.157   29479622.742          0.001   11
1300.402   17477779.705          0.000  273
1300.212   11251561.944          0.000  373
1300.317   16724542.941          0.000  381
1281.547   41902437.733          0.001  418
1300.285   14417334.791          0.000  455
1300.152   46062497.592          0.001  387
1300.285   23711101.291          0.000  455
 529.026   27664524.049          0.001  573
1221.212   32941589.340          0.001  634
1056.994   43659605.856          0.001  695
 542.797   24530716.430          0.000  695
1300.345   24285849.335          0.000  674
 603.107   23029412.895          0.000  757
1300.419   23283129.223          0.000  712
1300.355   43711331.227          0.001  775
 974.571   32075886.159          0.001  912
1300.245   13926711.743          0.000  771
1300.433   26127307.426          0.000  808
1300.373   21967618.183          0.000  863
1300.445   26105645.337          0.000  802
1298.179   46071851.920          0.001  757
1300.210   49792707.100          0.001  757
1300.364   21956280.485          0.000  899
1300.342   17530820.266          0.000  902
1262.434   47314637.388          0.001 1004
1300.369   19033729.753          0.000 1011
1300.428   24716475.628          0.000 1084
1300.428   27543486.859          0.000 1084
1121.696   41809216.572          0.001 1126
 426.616   17757240.116          0.000 1004
 198.598   10350176.792          0.000 1096
1300.131    5798134.669          0.000 1116
1300.272   15281011.114          0.000 1119
1300.272   17862838.247          0.000 1119
1300.321   22149755.556          0.000 1166
1300.185   25132376.686          0.000 1168
1299.283   52605202.586          0.001 1580
1104.137   39016750.799          0.001 1219
1300.283   15921292.428          0.000 1239
1300.272   61407736.973          0.001 1593
1300.290   16233861.660          0.000 1243
 504.233   31460750.509          0.001 1219
1149.567   43478916.091          0.001 1580
1300.122   20261335.465          0.000 1272
 329.598   19518221.674          0.000 1283
1299.766   50661611.347          0.001 1593
1299.735   48028114.631          0.001 1593
 602.752   26862271.896          0.001 1219
 941.175   48143665.858          0.001 1377
 631.424   19466765.063          0.000 1574
 411.610   19816124.731          0.000 1588
 506.520   20247403.175          0.000 1598
 621.618   22017006.004          0.000 1604
 395.476   20727492.114          0.000 1584
 368.856   20048887.188          0.000 1590
 588.452   30422691.362          0.001 1588
 461.978   29817412.756          0.001 1598
 623.510   32974050.321          0.001 1437
 208.205   10162841.541          0.000 1598
1300.394    5975525.727          0.000  748
1300.285    6233723.558          0.000  455
1294.013   43520333.660          0.001 1580
1300.283    6695903.154          0.000 1239
1299.974   50424110.221          0.001 1593
1294.388   36616423.698          0.001 1593
1293.907   35338780.908          0.001 1593
 350.305   16271499.697          0.000   17
 573.972   22360499.623          0.000   33
 336.124   14512012.713          0.000   13
1300.402    6507627.151          0.000  273
1300.212    5070385.704          0.000  373
1296.942   35148178.237          0.001  387
 520.738   25825461.480          0.001  573
 778.088   30235840.504          0.001  695
 424.527   18003991.891          0.000  695
1300.345   14776352.085          0.000  674
1300.341   28199644.626          0.001  775
1174.886   42671950.770          0.001  695
1300.245    5343569.693          0.000  771
1300.445   17366248.975          0.000  802
1300.364    6799943.498          0.000  899
1124.177   32034569.421          0.001 1004
1079.322   39257388.578          0.001 1033
1300.272    6952998.280          0.000 1119
1300.272    6571067.989          0.000 1119
1300.185    6461532.672          0.000 1168
1098.804   33515056.940          0.001 1219
1300.290    5604035.992          0.000 1243
1186.135   42556961.842          0.001 1580
1300.122    4915195.282          0.000 1272
 979.386   35160331.352          0.001 1580
 410.202   18964269.473          0.000 1588
 445.027   21731522.256          0.000 1588
1300.285    4055092.192          0.000  455
 515.670   24039080.641          0.000 1598
1272.489   30567095.088          0.001 1593
1273.521   31111020.899          0.001 1593
 360.485   17620611.971          0.000   49
  78.418    3836601.589          0.000   49
1300.373   11277487.981          0.000  863
 212.108   10880153.671          0.000   13
 176.474    8879246.468          0.000   21
 236.996   11166441.341          0.000   21
 134.592    7295117.679          0.000  231
  88.800    4312601.254          0.000  387
 159.931    7848801.651          0.000 1437
 530.694   20241062.996          0.000 1004
1300.289   17866938.229          0.000 1305
1300.312   14465705.453          0.000  679
 134.614    7202130.534          0.000   21
 180.579    9719243.978          0.000    7
 182.511   10030800.455          0.000 1572
  98.490    4936901.581          0.000   44
 139.346    7741996.221          0.000  946
  55.483    3014153.911          0.000 1004
 235.291   11498270.808          0.000  634
 173.277    8146727.514          0.000  695
 131.920    6345484.464          0.000 1600
 280.002   14315877.413          0.000 1376
 186.690    9208842.502          0.000 1609
 412.541   26953757.078          0.000 1220
 122.802    6217181.157          0.000 1593
 447.635   21463293.002          0.000 1604
  84.137    4066141.828          0.000  695
  86.003    4170428.251          0.000  695
 275.743   15544092.026          0.000 1438
 155.515    8445087.491          0.000 1570
  87.353    4750087.707          0.000 1574
 222.134   12046246.911          0.000   11
 482.165   30790149.646          0.001   15
 140.069    6802481.973          0.000  387
 157.181    8099731.689          0.000  418
 316.362   14715088.626          0.000 1599
 255.016   13619564.162          0.000 1584
 194.645   10303217.311          0.000    5
 168.370    8941378.776          0.000   17
 335.362   16538584.361          0.000  138
 279.576   14678881.097          0.000    5
 432.395   23714447.998          0.000  138
  99.099    5188070.788          0.000  418
 217.147   11029790.419          0.000  448
 296.453   15313361.385          0.000  573
 231.241   11457523.144          0.000  785
 358.313   19609639.584          0.000  817
 194.723   10457372.242          0.000   26
 214.565   11235330.709          0.000   29
 235.903   12836361.383          0.000   42
 339.127   20346444.992          0.000  296
 123.877    6480145.959          0.000  327
 186.958   10455198.559          0.000  512
  89.963    4498610.353          0.000  757
 125.810    6893570.079          0.000  880
 316.156   16017412.479          0.000  945
 308.914   17325268.719          0.000  946
 176.058    9651312.869          0.000 1377
 232.313   11812838.778          0.000 1580
 188.134   10344018.431          0.000 1590
 130.502    7226482.445          0.000 1377
 231.807   11517674.403          0.000  168
 116.048    5726845.641          0.000 1219
 130.080    6768289.742          0.000   26
 138.456    7186294.636          0.000  634
 361.267   25217012.938          0.000  786
 144.042    7024327.232          0.000  912
 161.530    7534945.036          0.000 1033
 383.331   23380673.819          0.000 1187
 128.408    6257325.916          0.000 1219
 192.947   10178778.582          0.000  634
 211.269   10168392.374          0.000   37
 325.961   15970283.454          0.000   45
 159.833    8082210.791          0.000   29
 381.446   21507089.676          0.000  263
 160.202    7932294.468          0.000 1096
 281.528   14861844.969          0.000 1283
 164.046    8843935.667          0.000 1283
 335.231   21772177.196          0.000 1577
 204.288   10036052.226          0.000 1588
 204.922    9682105.462          0.000  387
 119.778    5745146.987          0.000  387
 435.858   20028659.315          0.000  387
 269.514   13181451.025          0.000 1437
 135.275    7125233.033          0.000 1574
 486.024   24540036.911          0.000 1609
 332.865   17812315.815          0.000   42
 171.853    9213547.739          0.000  231
 519.914   25415219.360          0.001 1126
 480.249   29815500.262          0.001  169
 398.688   26281136.187          0.001 1003
 198.837    9681875.452          0.000 1126
 148.246    7602612.309          0.000 1580
 329.099   15428922.336          0.000 1580
 267.119   12817952.698          0.000 1437
 331.057   16552324.372          0.000   13
 566.897   26994379.881          0.001  573
 168.516    8319038.885          0.000  634
 394.151   19905113.965          0.000  634
 134.975    6396068.117          0.000 1593
 288.726   15818184.969          0.000 1590
 223.917   10084944.237          0.000 1593
 122.137    5857860.474          0.000 1593
 164.856    7799208.699          0.000  912
 185.629   10085183.093          0.000 1570
 326.526   16752486.414          0.000   29
 162.048    7808312.958          0.000  912
 226.722   11983921.064          0.000   11
 434.312   26497121.090          0.001  785
 128.664    6398569.601          0.000   21
 311.875   17161234.022          0.000  946
 241.530   11380116.558          0.000 1004
 143.264    7312613.122          0.000 1004
 435.515   22097118.877          0.000 1004
 190.883    9629300.045          0.000 1004
 174.872    8956975.899          0.000 1574
 243.473   10493205.308          0.000 1599
 386.658   18106522.691          0.000   45
 125.338    6489989.163          0.000 1004
 129.029   10385056.211          0.000 1004
 264.322   13318690.740          0.000 1004
 157.272    7393160.785          0.000  757
 255.971   12066407.941          0.000 1437
 577.846   28327983.596          0.001 1608
 274.650   14600924.643          0.000 1568
 148.984    7628188.413          0.000 1004
 116.784    6079272.775          0.000 1004
 239.185   10915557.281          0.000   33
 389.281   18420135.377          0.000  387
 175.572    8691010.226          0.000  418
 287.014   13478209.592          0.000  418
 466.229   23014739.561          0.000  418
 490.229   28590935.634          0.001 1004
 392.822   18939727.850          0.000 1126
 522.476   22693427.130          0.000 1604
 474.986   22526466.793          0.000   33
 186.143    9422344.660          0.000 1004
 319.708   13562575.857          0.000  912
 226.702   11952688.222          0.000  880
 540.496   26324490.371          0.001 1608
 327.477   16186104.816          0.000   26
 469.460   28900998.209          0.001  634
 486.384   25231095.325          0.000 1377
 466.355   18882987.437          0.000  296
 206.671    9409930.867          0.000  912
 260.776   13734591.276          0.000 1570
 231.129   10715947.715          0.000 1598
 221.200   11144099.717          0.000   13
 281.270   14014109.696          0.000   21
 327.322   16450273.932          0.000   11
 218.414   10810049.895          0.000  327
 222.284   10872600.282          0.000 1580
 281.447   13243405.224          0.000 1580
 170.369    8833284.661          0.000   13
 153.626    7481955.553          0.000   21
 285.918   14050278.017          0.000  327
 211.841    9553981.082          0.000  387
 337.496   14365029.049          0.000  387
 301.332   13539541.554          0.000  757
 488.838   25354676.498          0.000 1580
 232.622   11006607.779          0.000  757
 247.631   11057362.670          0.000  757
 336.166   14978743.976          0.000   37
 546.165   31237062.580          0.001  946
 398.549   16230914.193          0.000 1219
 259.510   11428686.630          0.000 1219
 312.972   15047556.027          0.000  168
 235.321   10925219.264          0.000  418
 244.516   10645542.103          0.000  695
 271.725   11319641.287          0.000  695
 324.250   15842358.882          0.000  880
 357.880   15947544.506          0.000 1437
 227.004   10440124.411          0.000   37
 357.362   14916810.207          0.000  695
 271.043   12349418.136          0.000 1096
 453.643   22007330.382          0.000 1570
 347.666   19176492.616          0.000 1574
 466.660   19635265.371          0.000   42
 304.383   14867206.961          0.000 1283
 442.330   22574313.885          0.000 1377
 241.215    9944097.140          0.000 1593
 480.002   24219171.618          0.000  231
 318.760   15355036.403          0.000  231
 497.079   20621089.622          0.000  327
 604.881   27909718.895          0.001  573
 552.607   25384808.584          0.000  757
 235.874   10870876.907          0.000 1004
 327.796   13407533.987          0.000 1033
 321.008   14493848.952          0.000 1580
 464.285   18059856.947          0.000 1598
 294.433   12275040.962          0.000  296
 386.464   15396994.637          0.000  296
 261.556   11436121.832          0.000  573
 581.748   23829124.389          0.000  634
 417.659   18905613.382          0.000  573
 466.960   17693657.320          0.000  912
 380.943   16269536.146          0.000 1126
 300.273   13485836.589          0.000 1580
 256.583   11642541.207          0.000  634
 347.716   14395021.555          0.000  912
 397.227   15595390.073          0.000   33
 747.012   37905104.609          0.001   44
 380.322   15302825.784          0.000  387
 370.112   15647959.756          0.000 1219
 563.682   26201727.330          0.000 1580
 556.520   21936093.289          0.000  387
 330.404   13050789.694          0.000  695
 417.442   21890495.082          0.000 1580
 227.439   10997473.803          0.000 1580
 368.001   14827871.954          0.000   13
 370.140   13921819.469          0.000  695
 600.566   26604916.987          0.001  912
 441.015   15909790.600          0.000 1588
 469.064   18985220.375          0.000   42
 274.363   12046212.831          0.000   37
 463.579   19876031.280          0.000  880
 568.264   23856342.664          0.000  880
 468.467   19569152.123          0.000 1004
 340.637   17929206.872          0.000  573
 576.255   25739342.685          0.000   26
 711.963   29709461.148          0.001  231
 324.197   13483955.156          0.000 1004
 462.345   18801103.388          0.000 1580
 525.389   23098687.327          0.000 1570
 378.218   15835970.704          0.000  327
 700.493   35764293.983          0.001  757
 424.254   15507770.408          0.000 1593
 496.385   17079510.345          0.000 1599
 326.540   14444343.029          0.000   21
 419.746   16523165.311          0.000  634
 398.491   15695749.550          0.000  634
 366.974   13112000.920          0.000  757
 452.307   17955090.257          0.000 1126
 359.784   13845871.220          0.000 1588
 458.126   20249410.102          0.000  757
 373.567   15060409.389          0.000   29
 510.995   19746331.932          0.000 1126
 689.244   28536943.947          0.001 1588
 705.529   25731005.707          0.001 1604
 599.494   21913036.278          0.000   37
 366.467   15720408.840          0.000 1580
 269.851   12312013.823          0.000   29
 440.900   18045626.949          0.000 1604
 701.321   28034498.575          0.001  912
 719.892   27141442.845          0.001 1219
 725.405   27544307.151          0.001 1219
 638.890   28466530.034          0.001   26
 431.524   14728356.541          0.000  387
 449.693   16567986.365          0.000  912
 826.029   30814917.584          0.001 1126
 713.246   30340607.847          0.001 1377
 436.560   14820915.164          0.000 1004
 689.903   25359103.699          0.000 1004
 558.159   18513387.610          0.000 1096
 717.912   25177253.224          0.000 1096
 552.174   16982080.827          0.000 1588
 499.898   16390846.850          0.000 1588
 494.185   22487806.473          0.000 1377
 530.393   18854587.517          0.000  327
 594.933   22319017.263          0.000  327
 594.050   18311059.440          0.000 1593
 472.838   14918326.971          0.000 1593
 584.035   19368348.960          0.000   21
 642.685   23410191.484          0.000   42
 490.598   15762825.507          0.000   21
 521.870   15073663.490          0.000  757
 309.726   11701275.401          0.000 1593
 637.963   20604095.859          0.000   21
 576.990   19128643.045          0.000  573
 630.814   18754750.924          0.000  573
 599.834   18962256.239          0.000  573
 803.237   35946297.451          0.001  880
 648.636   17846976.940          0.000 1593
 717.327   25031413.042          0.000 1580
 780.893   24063547.380          0.000 1599
 749.713   25207305.873          0.000   33
 638.448   23482617.556          0.000   29
 642.850   24395038.976          0.000  231
 862.533   32260075.666          0.001  387
 664.517   19223223.197          0.000  387
 589.239   18309316.329          0.000  634
 756.183   26669480.364          0.000 1004
 743.341   40442669.071          0.001 1004
 687.338   21589333.006          0.000 1033
 741.228   44855706.070          0.001 1004
 888.566   36557521.793          0.001 1096
 712.589   25592794.712          0.000 1283
 666.495   24048527.694          0.000 1283
 680.603   18900435.206          0.000 1580
 805.710   36109819.627          0.001 1593
 635.239   20974827.235          0.000 1600
 370.522   16231730.345          0.000   44
 556.475   23381484.439          0.000   37
 823.479   34393684.375          0.001   29
 697.918   23858651.944          0.000  634
 837.474   27793086.969          0.000  757
 628.910   19687030.790          0.000 1004
 761.693   29821921.168          0.001 1004
 775.151   24983261.192          0.000 1219
 770.345   24846327.642          0.000 1219
 768.963   23156518.463          0.000 1604
 935.082   35419112.452          0.001  296
 868.349   39226136.003          0.001 1219
 421.360   16056205.874          0.000 1600
 589.825   26569891.428          0.001 1600
 766.766   23636790.383          0.000   26
 770.701   21025776.508          0.000   21
 882.704   30065022.390          0.001 1580
 647.053   18312658.398          0.000 1588
 799.180   23364210.227          0.000 1588
 849.893   30036551.654          0.001   42
 668.774   16905775.807          0.000   33
 863.646   27301117.887          0.001  695
 758.337   21261991.849          0.000  695
 463.866   15292477.150          0.000 1588
 426.335   14729353.427          0.000 1588
 925.135   34341743.747          0.001   21
 719.459   22162694.956          0.000   29
 725.943   26377567.927          0.000  418
 805.732   23951896.904          0.000  757
 887.580   26626458.920          0.000 1593
 942.985   33024116.884          0.001  296
 863.175   24651110.479          0.000   13
 910.034   31237213.925          0.001  880
 777.656   20624344.941          0.000  912
 827.655   22285114.265          0.000  912
 860.442   24234040.741          0.000 1219
 546.939   18772692.405          0.000   29
 594.115   19997696.552          0.000   29
 678.919   20804393.202          0.000   13
 833.481   22749309.911          0.000  296
 884.790   27528451.441          0.000  634
 864.471   23985448.683          0.000   37
 869.704   22142520.514          0.000  387
 862.263   25526412.229          0.000  573
 887.500   24933371.604          0.000 1004
 921.461   27424250.684          0.001 1033
 877.262   22260154.210          0.000 1593
 943.271   22174046.654          0.000  387
 895.407   24287691.749          0.000  418
 925.657   23941450.641          0.000  757
 703.793   18928060.654          0.000 1580
 865.640   23607426.933          0.000 1574
 284.548   15112628.593          0.000 1574
 929.668   28775148.956          0.001  387
 854.327   24437176.481          0.000  387
 910.882   23096130.342          0.000  757
 575.434   22402367.656          0.000  418
 608.415   17588891.391          0.000   33
1069.000   46532960.918          0.001   37
 993.180   26441942.895          0.001  695
 851.656   20438361.184          0.000 1004
 919.842   22860521.624          0.000 1004
 905.073   25452154.461          0.000 1574
 975.157   27076741.788          0.001 1599
 830.437   22627095.181          0.000   33
1018.905   30678803.098          0.001  327
 918.392   22310857.130          0.000   21
1022.472   31143627.103          0.001  327
 971.743   24455913.504          0.000  418
 987.823   27847312.247          0.000 1588
 797.870   18528715.799          0.000   21
1009.882   28015107.167          0.001   33
 985.228   27093719.682          0.001   37
1037.692   27942187.392          0.001  912
 858.638   20991074.067          0.000   21
1016.574   23358696.193          0.000  757
 945.852   19789422.758          0.000  757
1009.666   26197594.732          0.000 1593
1037.213   28741072.890          0.001 1593
1047.777   26364982.500          0.000  634
 573.032   21601422.250          0.000 1588
 854.484   26398808.529          0.000   37
1009.991   33182994.897          0.001  573
1087.496   27737070.922          0.001  695
1043.881   28127427.119          0.000 1574
 925.111   22750444.916          0.000 1593
