   0.000          0.000          0.000    1
   0.000          0.000          0.000    2
   0.000          0.000          0.000    3
   0.000          0.000          0.000    4
   0.000          0.000          0.000    5
   0.000          0.000          0.000    6
   0.000          0.000          0.000    7
   0.000          0.000          0.000    8
   0.000          0.000          0.000    9
   0.000          0.000          0.000   10
   0.000          0.000          0.000   11
   0.000          0.000          0.000   12
   0.000          0.000          0.000   13
   0.000          0.000          0.000   14
   0.000          0.000          0.000   15
   0.000          0.000          0.000   16
   0.000          0.000          0.000   17
   0.000          0.000          0.000   18
   0.000          0.000          0.000   19
   0.000          0.000          0.000   20
   0.000          0.000          0.000   21
   0.000          0.000          0.000   22
   0.000          0.000          0.000   23
   0.000          0.000          0.000   24
   0.000          0.000          0.000   25
   0.000          0.000          0.000   26
   0.000          0.000          0.000   27
   0.000          0.000          0.000   28
   0.000          0.000          0.000   29
   0.000          0.000          0.000   30
   0.000          0.000          0.000   31
   0.000          0.000          0.000   32
   0.000          0.000          0.000   33
   0.000          0.000          0.000   34
   0.000          0.000          0.000   35
   0.000          0.000          0.000   36
   0.000          0.000          0.000   37
   0.000          0.000          0.000   38
   0.000          0.000          0.000   39
   0.000          0.000          0.000   40
   0.000          0.000          0.000   41
   0.000          0.000          0.000   42
   0.000          0.000          0.000   43
   0.000          0.000          0.000   44
   0.000          0.000          0.000   45
   0.000          0.000          0.000   46
   0.000          0.000          0.000   47
   0.000          0.000          0.000   48
   0.000          0.000          0.000   49
   0.000          0.000          0.000   50
   0.000          0.000          0.000   51
   0.000          0.000          0.000   52
 140.552    9026982.255          0.000    3
 171.414   12907471.507          0.000    3
 154.551   10601457.268          0.000    7
 197.937   13768336.323          0.000    7
 129.025    7676936.836          0.000   11
 178.694   14525064.185          0.000   11
 189.046   12684580.077          0.000   15
 159.317   10926884.958          0.000   15
 162.631   11091388.541          0.000   19
 227.048   19270326.691          0.000   21
 141.459    7688288.917          0.000   21
 185.873   15572929.804          0.000   23
 131.409    7126115.734          0.000   26
 174.555   13117279.305          0.000   28
 122.383    7125312.636          0.000   29
 197.414   18229778.697          0.000   31
 233.188   20006407.081          0.000   31
 182.309   14186783.186          0.000   35
 168.768   11830975.642          0.000   37
 168.382   11321706.420          0.000   37
 180.896   13681258.810          0.000   38
 231.703   18991062.977          0.000   42
 212.109   14322178.805          0.000   42
 227.473   17918825.908          0.000   44
 136.786    7817818.933          0.000   45
 170.508   10320816.512          0.000   49
 165.298   11471773.694          0.000  111
   0.000          0.000          0.000   80
   0.000          0.000          0.000   81
 248.726   23763681.472          0.000    3
 300.496          0.000          0.000   83
 194.802   12429514.465          0.000    5
 300.568   10345876.170          0.000   86
 300.568          0.000          0.000   86
 187.415   11710909.071          0.000   11
 221.581   14722393.097          0.000   13
 144.994    8112116.275          0.000   13
 201.872   13635199.717          0.000   15
 198.957   13264468.131          0.000   17
 300.224   14812175.642          0.000  122
 300.224   12431389.963          0.000  122
 204.275   12251665.304          0.000   21
 212.833   13682201.277          0.000   26
 213.442   15448661.941          0.000   26
 185.061   11466468.146          0.000   29
 201.944   13310341.947          0.000   29
 229.146   18481624.521          0.000   31
 196.977   12347316.458          0.000   33
 300.022          0.000          0.000  101
 300.319   19606447.850          0.000  131
 300.248          0.000          0.000  103
 216.402   14756081.169          0.000   40
 300.405          0.000          0.000  105
 300.234   18780416.709          0.000  135
 300.356          0.000          0.000  107
 214.516   13839393.187          0.000   45
 300.538   12945804.311          0.000  138
 152.676    9320082.222          0.000  140
   0.000          0.000          0.000  111
   0.000          0.000          0.000  112
 169.335   10006777.897          0.000  141
 300.498    8923997.307          0.000   83
 300.421    9438556.624          0.000  144
 300.662   13085103.744          0.000   86
 300.236          0.000          0.000  117
 236.569   17417686.461          0.000   13
 232.538   16426401.241          0.000   13
 300.721    8155326.332          0.000  150
 300.311    9189091.231          0.000  122
 300.224          0.000          0.000  122
 300.523   21328500.854          0.000  154
 300.500   11187994.978          0.000  154
 300.500    6113372.931          0.000  154
 275.262   26892097.091          0.001   26
 279.980   26229900.337          0.001   29
 300.139   17085920.532          0.000  159
 300.203   12427131.853          0.000  159
 300.172    7112164.142          0.000  160
 300.269          0.000          0.000  131
 300.269    7218620.622          0.000  131
 300.248    4298746.003          0.000  103
 300.405    6158538.657          0.000  105
 300.234          0.000          0.000  135
 300.400    9043800.715          0.000  107
 300.132          0.000          0.000  137
 300.481          0.000          0.000  138
 177.784   12438164.691          0.000  140
   0.000          0.000          0.000  140
   0.000          0.000          0.000  141
 190.792   12398730.155          0.000  141
 300.466    9912042.204          0.000  144
 300.421          0.000          0.000  144
 300.350          0.000          0.000  145
 300.395   13149388.061          0.000  117
 300.503   16208167.850          0.000  178
 300.469    7715925.968          0.000  178
 300.735   10979272.270          0.000  150
 300.716          0.000          0.000  150
 300.237   18176523.701          0.000  182
 300.248    6398290.540          0.000  182
 300.500    8255212.568          0.000  154
 300.500          0.000          0.000  154
 300.386   12358024.832          0.000  156
 300.379          0.000          0.000  156
 300.286   13663403.374          0.000  187
 300.139    7633875.661          0.000  159
 300.139          0.000          0.000  159
 300.158          0.000          0.000  160
 300.297   12726925.117          0.000  131
 300.447   17463487.273          0.000  103
 300.248    6870468.024          0.000  103
 300.406   11827713.228          0.000  105
 300.262    7651935.374          0.000  135
 300.436   11374446.560          0.000  228
 300.296   12499402.807          0.000  137
 300.489   10742464.527          0.000  138
 170.126   11587138.103          0.000  140
   0.000          0.000          0.000  170
   0.000          0.000          0.000  171
 182.610   11450097.734          0.000  171
 242.506   18050476.889          0.000  171
 300.421    6582073.889          0.000  144
 300.357    6537002.293          0.000  145
 300.350   12528957.601          0.000  206
 300.301   13612782.151          0.000  238
 300.469          0.000          0.000  178
 300.570          0.000          0.000  179
 300.410    9359267.786          0.000  211
 300.222    5563035.383          0.000  182
 300.222          0.000          0.000  182
 300.222    3059928.712          0.000  182
 300.588   10545802.831          0.000  154
 300.405   15331062.235          0.000  246
 300.305   11074465.471          0.000  218
 300.150          0.000          0.000  187
 300.139    8573307.939          0.000  159
 300.298   17629193.364          0.000  222
 300.298    9186329.157          0.000  222
 300.344   13944955.504          0.000  222
 300.249   12652604.006          0.000  103
 300.264   20084942.659          0.000  103
 300.516   23927118.047          0.000  105
 300.419    9717476.335          0.000  228
 300.419    4912978.666          0.000  228
 300.626   12647510.219          0.000  198
 300.488          0.000          0.000  198
 207.452   13204716.525          0.000  170
 125.387    6999070.807          0.000  170
   0.000          0.000          0.000  201
   0.000          0.000          0.000  202
 200.260   12629071.537          0.000  233
 300.481   22125552.528          0.000  144
 300.259    7487793.646          0.000  236
 300.137          0.000          0.000  206
 300.298    4380284.194          0.000  238
 300.395   24202100.091          0.000  275
 300.472   17864502.972          0.000  211
 300.400    5178171.815          0.000  211
 300.400          0.000          0.000  211
 300.222   13060380.883          0.000  182
 300.222    6929251.689          0.000  182
 300.222   14430854.223          0.000  182
 300.319    8473856.778          0.000  246
 300.301    5305121.485          0.000  246
 300.314    9996270.606          0.000  218
 300.291          0.000          0.000  218
 300.150    6683683.397          0.000  187
 300.234   11261161.339          0.000  249
 300.298    8664771.089          0.000  222
 300.298          0.000          0.000  222
 300.298    5641017.502          0.000  222
 300.333   10684029.662          0.000  255
 300.373   14533764.560          0.000  255
 300.445   10255464.057          0.000  257
 300.419    8165667.351          0.000  228
 300.419          0.000          0.000  228
 300.452    9552718.570          0.000  260
 300.281   15407026.150          0.000  296
 185.614   14669388.840          0.000  201
   0.000          0.000          0.000  232
   0.000          0.000          0.000  233
 234.235   21491442.999          0.000  233
 300.306   27969521.290          0.001  236
 300.220          0.000          0.000  236
 300.327   11095730.514          0.000  270
 300.298          0.000          0.000  238
 300.407   22492157.871          0.000  275
 300.384   12489401.534          0.000  275
 300.489   15508932.549          0.000  211
 300.334    8955587.989          0.000  277
 300.330   15875427.516          0.000  182
 300.317   14373778.498          0.000  311
 300.301    7498438.553          0.000  246
 300.301          0.000          0.000  246
 300.302   15853732.628          0.000  246
 300.421   11074203.650          0.000  283
 300.233          0.000          0.000  249
 300.284   11770708.425          0.000  249
 300.383   17315766.696          0.000  222
 300.397   20496243.769          0.000  255
 300.333   11545362.541          0.000  255
 300.333    4754512.439          0.000  255
 300.333          0.000          0.000  255
 300.333    6461593.873          0.000  255
 300.320          0.000          0.000  257
 300.488   14029777.282          0.000  228
 300.345   15437042.104          0.000  260
 300.345          0.000          0.000  260
 300.345    7276112.124          0.000  260
 300.248    6907802.260          0.000  296
 180.094   10266302.579          0.000  298
   0.000          0.000          0.000  264
   0.000          0.000          0.000  265
 252.329   27258952.558          0.001  265
 300.221   28045722.722          0.001  236
 300.221   17335667.446          0.000  236
 300.220    2730084.182          0.000  236
 300.288          0.000          0.000  270
 300.288    6367269.554          0.000  270
 300.326   12841787.692          0.000  238
 300.304   17272072.453          0.000  335
 300.384    4958066.361          0.000  275
 300.384          0.000          0.000  275
 300.342    7390939.205          0.000  277
 300.334          0.000          0.000  277
 300.273   14120465.373          0.000  311
 300.251    3535169.362          0.000  311
 300.323    9427250.996          0.000  246
 300.573   11213036.457          0.000  314
 300.292   11988407.628          0.000  283
 300.279          0.000          0.000  283
 300.319    9021143.538          0.000  249
 300.326    9311736.074          0.000  286
 300.219          0.000          0.000  286
 300.262    9558489.864          0.000  319
 300.333   10736160.504          0.000  255
 300.333    5646589.528          0.000  255
 300.334   14599067.533          0.000  255
 300.450   10595879.189          0.000  257
 300.320   14508132.797          0.000  257
 300.345   13047397.521          0.000  260
 300.345    6377510.001          0.000  260
 300.248    7591701.367          0.000  296
 300.247          0.000          0.000  296
 228.773   17632537.553          0.000  298
   0.000          0.000          0.000  298
   0.000          0.000          0.000  299
 131.370    8103819.262          0.000  265
 224.631   17033951.353          0.000  265
 300.221   11176225.910          0.000  236
 300.221    6326562.128          0.000  236
 300.351   11658934.363          0.000  270
 300.334   15920444.132          0.000  270
 300.303   12439854.753          0.000  335
 300.191    6283599.313          0.000  335
 300.480    9504512.410          0.000  275
 300.404   13848029.549          0.000  277
 300.029          0.000          0.000  310
 300.251          0.000          0.000  311
 300.537   17666388.181          0.000  314
 300.507    8743180.009          0.000  314
 300.507          0.000          0.000  314
 300.327   16004266.817          0.000  283
 300.279   10412668.787          0.000  283
 300.219   10703298.048          0.000  286
 300.219    5945230.103          0.000  286
 300.223          0.000          0.000  319
 300.318          0.000          0.000  320
 300.391   12908143.083          0.000  255
 300.493   19770617.671          0.000  383
 300.272   11221216.138          0.000  354
 300.272    5720004.966          0.000  354
 300.478   16637303.975          0.000  260
 300.297   16932423.652          0.000  296
 243.685   21583816.975          0.000  328
   0.000          0.000          0.000  328
   0.000          0.000          0.000  329
 200.335   13315230.757          0.000  329
 300.316   21265897.581          0.000  236
 300.221   13429688.342          0.000  236
 300.313    7758990.643          0.000  364
 300.421   17244259.230          0.000  366
 300.191          0.000          0.000  335
 300.518   13145199.962          0.000  368
 300.382    8053845.342          0.000  368
 300.382   16203875.124          0.000  368
 300.417          0.000          0.000  339
 300.335   14387780.921          0.000  311
 300.252    5003657.577          0.000  311
 300.252    8419582.727          0.000  311
 300.282          0.000          0.000  343
 300.582   15491688.245          0.000  314
 300.264          0.000          0.000  345
 300.401   17187135.784          0.000  408
 300.234   15222227.530          0.000  286
 300.223    4102394.459          0.000  319
 300.362    8045939.665          0.000  320
 300.351   10062018.204          0.000  382
 300.297   10836056.068          0.000  382
 300.290    6111448.428          0.000  383
 300.272    6212765.628          0.000  354
 300.271          0.000          0.000  354
 300.216    9534711.622          0.000  416
 300.224   16196228.194          0.000  416
 300.244          0.000          0.000  357
 203.380   13385617.258          0.000  328
   0.000          0.000          0.000  359
   0.000          0.000          0.000  360
 233.876   20938780.702          0.000  329
 300.402   10996783.113          0.000  392
 300.463    6964863.727          0.000  394
 300.312          0.000          0.000  364
 300.309    7308040.846          0.000  366
 300.309          0.000          0.000  366
 300.382    9694727.349          0.000  368
 300.382          0.000          0.000  368
 300.382    4042416.018          0.000  368
 300.475   23847805.645          0.000  429
 300.290   19849530.440          0.000  311
 300.252   11980161.479          0.000  311
 300.281   16145866.792          0.000  311
 300.252   21781779.796          0.000  311
 300.195          0.000          0.000  375
 300.302   13064264.484          0.000  406
 300.321   16803233.789          0.000  408
 300.321    7150498.540          0.000  408
 300.223   15667720.300          0.000  319
 300.255   14830360.599          0.000  319
 300.297    8856145.033          0.000  382
 300.297          0.000          0.000  382
 300.290          0.000          0.000  383
 300.281   13962649.385          0.000  354
 300.376   11049223.838          0.000  354
 300.216    3854317.300          0.000  416
 300.485   18649906.490          0.000  448
 197.705   11687199.493          0.000  389
   0.000          0.000          0.000  389
   0.000          0.000          0.000  390
 241.991   23112817.664          0.000  420
 300.372          0.000          0.000  392
 300.413    5022791.254          0.000  394
 300.413          0.000          0.000  394
 300.523   13553501.595          0.000  424
 300.309    8296580.119          0.000  366
 300.309    5119717.534          0.000  366
 300.415    8264410.505          0.000  368
 300.374    7206595.509          0.000  429
 300.375   11708065.881          0.000  429
 300.350   10358369.899          0.000  432
 300.259   13516264.400          0.000  404
 300.258    5353217.540          0.000  404
 300.258          0.000          0.000  404
 300.276   13176002.867          0.000  375
 300.187          0.000          0.000  406
 300.352   11417815.248          0.000  437
 300.321          0.000          0.000  408
 300.251    8440051.938          0.000  439
 300.266    8970642.281          0.000  441
 300.297   16857813.454          0.000  382
 300.297    5139176.068          0.000  382
 300.290    5158043.716          0.000  383
 300.381   16627304.118          0.000  445
 300.333    7776018.528          0.000  445
 300.216          0.000          0.000  416
 300.485    6440855.524          0.000  448
 235.625   19953490.275          0.000  419
   0.000          0.000          0.000  419
   0.000          0.000          0.000  420
 197.624   13269864.388          0.000  420
 300.416   10362844.811          0.000  392
 300.503    9887725.056          0.000  424
 300.502          0.000          0.000  424
 300.502    5464834.491          0.000  424
 300.309   13069545.288          0.000  366
 300.309   11676608.174          0.000  366
 300.434   15269578.061          0.000  429
 300.374          0.000          0.000  429
 300.374    6246268.886          0.000  429
 300.375   12245350.853          0.000  429
 300.231          0.000          0.000  432
 300.263   10707115.777          0.000  404
 300.412   12954683.902          0.000  466
 300.245   17418624.400          0.000  467
 300.526   18867792.381          0.000  406
 300.236          0.000          0.000  437
 300.251   10708914.312          0.000  439
 300.251          0.000          0.000  439
 300.251    8021781.309          0.000  439
 300.232          0.000          0.000  441
 300.414   14212580.537          0.000  382
 300.347   12040413.809          0.000  383
 300.361    9097306.409          0.000  474
 300.333          0.000          0.000  445
 300.232    8858958.455          0.000  416
 300.615   18386840.555          0.000  448
 300.485          0.000          0.000  448
 176.228   12660425.733          0.000  419
   0.000          0.000          0.000  450
   0.000          0.000          0.000  451
 200.771   14450582.667          0.000  420
 300.566    9064776.513          0.000  484
 300.425   11388221.941          0.000  486
 300.542    9865402.651          0.000  424
 300.308    7051137.668          0.000  457
 300.268          0.000          0.000  457
 300.492   24955384.647          0.000  366
 300.385   12322956.200          0.000  429
 300.374    4540092.892          0.000  429
 300.341   17938708.509          0.000  525
 300.588   27770376.307          0.001  429
 300.355   19254648.207          0.000  529
 300.335   10639417.831          0.000  529
 300.523   11806744.911          0.000  466
 300.412          0.000          0.000  466
 300.103          0.000          0.000  467
 300.081          0.000          0.000  468
 300.512   12519250.189          0.000  501
 300.266    6687494.080          0.000  439
 300.138   17789880.507          0.000  536
 300.132   13227251.021          0.000  536
 300.508   16599259.780          0.000  538
 300.291          0.000          0.000  474
 300.294   13090969.944          0.000  474
 300.333    5587734.508          0.000  445
 300.333   11436647.150          0.000  445
 300.596   18307467.765          0.000  448
 300.485    7589455.632          0.000  448
 160.679   10171364.901          0.000  450
   0.000          0.000          0.000  481
   0.000          0.000          0.000  482
 206.617   14930767.853          0.000  482
 300.556          0.000          0.000  484
 300.425   12073268.698          0.000  486
 300.425          0.000          0.000  486
 300.578   18421183.817          0.000  486
 300.289   16163772.801          0.000  457
 300.268    7966756.550          0.000  457
 300.375   20321039.749          0.000  429
 300.375   13145234.300          0.000  429
 300.258   14017908.625          0.000  525
 300.258    5646779.192          0.000  525
 300.368   15182551.861          0.000  525
 300.363   19316616.776          0.000  529
 300.335    4795615.413          0.000  529
 300.416    8485364.770          0.000  466
 300.240          0.000          0.000  498
 300.322   17751715.787          0.000  532
 300.349   12202829.434          0.000  532
 300.332          0.000          0.000  501
 300.379    9971492.085          0.000  503
 300.337          0.000          0.000  503
 300.132    2555584.739          0.000  536
 300.132    6999003.779          0.000  536
 300.215   18281168.602          0.000  536
 300.419    7298621.519          0.000  538
 300.346    8909787.573          0.000  474
 300.363   11526469.742          0.000  445
 300.352   19938985.904          0.000  445
 300.282   11202128.764          0.000  542
 162.489   10917632.502          0.000  481
   0.000          0.000          0.000  513
   0.000          0.000          0.000  514
 201.889   13689502.690          0.000  514
 300.548   23618306.940          0.000  486
 300.425    7957888.658          0.000  486
 300.425    5293819.988          0.000  486
 300.460    8590460.288          0.000  520
 300.460          0.000          0.000  520
 300.389   16043595.295          0.000  552
 300.542    7695277.804          0.000  523
 300.542          0.000          0.000  523
 300.358   16819142.570          0.000  525
 300.257          0.000          0.000  525
 300.257    5570079.614          0.000  525
 300.551   20077518.046          0.000  588
 300.343    7220156.661          0.000  529
 300.335          0.000          0.000  529
 300.244    7750419.256          0.000  498
 300.342    8936624.211          0.000  532
 300.308          0.000          0.000  532
 300.334   16465810.598          0.000  565
 300.230    9531218.946          0.000  565
 300.452   10243329.988          0.000  503
 300.132          0.000          0.000  536
 300.173   21791971.215          0.000  597
 300.418          0.000          0.000  538
 300.419    4760836.671          0.000  538
 300.284    6129298.250          0.000  571
 300.350    7730758.178          0.000  572
 300.268          0.000          0.000  542
 300.268    5217725.256          0.000  542
 178.944   10440723.638          0.000  575
   0.000          0.000          0.000  545
   0.000          0.000          0.000  546
 170.550   10653890.287          0.000  546
 300.469          0.000          0.000  548
 300.505   18032330.845          0.000  486
 300.261    6943485.263          0.000  580
 300.531    9520844.287          0.000  520
 300.329          0.000          0.000  552
 300.329    8014860.738          0.000  552
 300.171    6303049.349          0.000  583
 300.602   10746109.519          0.000  523
 300.337    6776841.724          0.000  585
 300.257    6302269.572          0.000  525
 300.257    6766069.179          0.000  525
 300.449    7947256.509          0.000  588
 300.335    8654744.048          0.000  529
 300.446    9517775.004          0.000  590
 300.342   10411355.027          0.000  591
 300.322   11209194.035          0.000  532
 300.308   11260439.616          0.000  532
 300.230          0.000          0.000  565
 300.230    5179379.384          0.000  565
 300.096    6038695.138          0.000  595
 300.120    7796410.540          0.000  597
 300.509   11745919.613          0.000  538
 300.401   12409781.910          0.000  571
 300.283          0.000          0.000  571
 300.268          0.000          0.000  572
 300.268    6554828.810          0.000  542
 254.556   20112536.782          0.000  575
   0.000          0.000          0.000  575
   0.000          0.000          0.000  576
 225.818   18718277.984          0.000  576
 248.332   20545745.982          0.000  546
 300.453   20737111.045          0.000  580
 300.261          0.000          0.000  580
 300.272   16493988.506          0.000  580
 300.329    5390076.562          0.000  552
 300.171          0.000          0.000  583
 300.338    6965121.987          0.000  585
 300.337          0.000          0.000  585
 300.366   17235210.505          0.000  525
 300.258   14494124.420          0.000  525
 300.449          0.000          0.000  588
 300.455   18510827.886          0.000  529
 300.366          0.000          0.000  590
 300.224          0.000          0.000  591
 300.225          0.000          0.000  592
 300.365   15113978.479          0.000  565
 300.479   21555499.130          0.000  658
 300.091          0.000          0.000  595
 300.120    6956227.625          0.000  597
 300.120          0.000          0.000  597
 300.296    9807442.758          0.000  629
 300.241    9331974.823          0.000  630
 300.228   10214950.994          0.000  601
 300.154          0.000          0.000  601
 300.300   15721682.986          0.000  665
 150.268    9181596.520          0.000  575
   0.000          0.000          0.000  604
   0.000          0.000          0.000  605
 235.515   21337498.533          0.000  605
 229.492   16231634.149          0.000  636
 300.268   17143812.245          0.000  580
 300.261    7921594.172          0.000  580
 300.261    6450383.769          0.000  580
 300.353   22896161.078          0.000  673
 300.329   13377713.309          0.000  552
 300.264    9918291.493          0.000  583
 300.394   14763127.381          0.000  585
 300.416   12252948.593          0.000  585
 300.318   14036022.871          0.000  679
 300.453    6599608.876          0.000  588
 300.488   21389325.210          0.000  652
 300.289    9233270.072          0.000  652
 300.262   13675527.403          0.000  591
 300.224    5426357.316          0.000  591
 300.518   11906679.320          0.000  654
 300.360    8384542.416          0.000  656
 300.127          0.000          0.000  624
 300.324    9204540.840          0.000  658
 300.324    6633232.238          0.000  658
 300.139   13624655.157          0.000  597
 300.296    2240378.867          0.000  629
 300.296          0.000          0.000  629
 300.196          0.000          0.000  630
 300.228   13952318.115          0.000  663
 300.459   13170637.934          0.000  665
 300.239    6689655.404          0.000  665
 221.042   15979447.179          0.000  635
   0.000          0.000          0.000  635
   0.000          0.000          0.000  636
 153.804    8982895.908          0.000  636
 234.442   17075996.991          0.000  636
 300.448   13683049.537          0.000  671
 300.261   14245075.806          0.000  580
 300.292   10135766.554          0.000  673
 300.197          0.000          0.000  642
 300.162          0.000          0.000  643
 300.214          0.000          0.000  644
 300.244    9470955.290          0.000  644
 300.377   14808703.285          0.000  679
 300.307    3649696.103          0.000  679
 300.307    7595944.981          0.000  679
 300.544    8769611.920          0.000  650
 300.537          0.000          0.000  650
 300.289   11000526.126          0.000  652
 300.289          0.000          0.000  652
 300.293   16710460.867          0.000  591
 300.403          0.000          0.000  654
 300.306    5894660.921          0.000  656
 300.306          0.000          0.000  656
 300.324    8793476.651          0.000  658
 300.323          0.000          0.000  658
 300.324   18196724.347          0.000  658
 300.296    7680547.704          0.000  629
 300.436   11008388.197          0.000  629
 300.296    8749925.148          0.000  629
 300.227          0.000          0.000  663
 300.179          0.000          0.000  664
 300.239          0.000          0.000  665
 193.533   12136119.562          0.000  635
   0.000          0.000          0.000  667
   0.000          0.000          0.000  668
 150.912   10110932.285          0.000  699
 300.229    8188611.030          0.000  701
 300.311          0.000          0.000  671
 300.265   20937096.463          0.000  580
 300.292          0.000          0.000  673
 300.292    8049114.437          0.000  673
 300.471   18792037.008          0.000  706
 300.503   18465784.687          0.000  644
 300.323          0.000          0.000  677
 300.319   11914000.465          0.000  679
 300.307          0.000          0.000  679
 300.307   10536182.652          0.000  679
 300.520   12701717.594          0.000  711
 300.269          0.000          0.000  682
 300.270    8530216.036          0.000  682
 300.485   17646627.899          0.000  715
 300.377    6467826.035          0.000  715
 300.404    8640733.418          0.000  654
 300.404    5539069.241          0.000  654
 300.306    6163255.740          0.000  656
 300.420   18096365.420          0.000  658
 300.328    8741900.811          0.000  658
 300.296   13166584.529          0.000  629
 300.296   17307188.631          0.000  629
 300.404   18071569.679          0.000  629
 300.376   10733441.556          0.000  663
 300.305    8941961.851          0.000  664
 300.239    8867697.824          0.000  665
 151.183    9062702.837          0.000  698
   0.000          0.000          0.000  698
   0.000          0.000          0.000  699
 210.209   15382923.953          0.000  699
 300.223          0.000          0.000  701
 300.358   12417598.440          0.000  671
 300.327   11706602.958          0.000  673
 300.426   17497209.775          0.000  673
 300.348    4653705.062          0.000  706
 300.348          0.000          0.000  706
 300.323    8162940.596          0.000  677
 300.143          0.000          0.000  708
 300.238    9253058.673          0.000  740
 300.503    5566275.197          0.000  711
 300.502          0.000          0.000  711
 300.348    8218600.387          0.000  682
 300.470   15726089.150          0.000  715
 300.377    6055394.033          0.000  715
 300.377          0.000          0.000  715
 300.446   13641168.998          0.000  654
 300.373   14344658.102          0.000  656
 300.400   20368011.998          0.000  778
 300.306   12182357.906          0.000  778
 300.306   10530413.930          0.000  778
 300.331   22901656.792          0.000  629
 300.372    9711932.449          0.000  751
 300.303   11066542.233          0.000  752
 300.455   20750221.179          0.000  754
 300.388   10080251.712          0.000  754
 300.239   16730349.870          0.000  665
 300.301   10331394.308          0.000  757
 179.434   13306831.292          0.000  698
   0.000          0.000          0.000  729
   0.000          0.000          0.000  730
 217.704   17405488.017          0.000  699
 300.365   13509474.210          0.000  762
 300.392   13921867.455          0.000  762
 300.274   12327691.241          0.000  763
 300.418   21851556.080          0.000  826
 300.326          0.000          0.000  736
 300.494   12178490.257          0.000  706
 300.308   12507679.291          0.000  768
 300.208    7423075.227          0.000  708
 300.136          0.000          0.000  740
 300.503   15647080.878          0.000  711
 300.503    5384003.119          0.000  711
 300.276          0.000          0.000  743
 300.378   14690087.598          0.000  715
 300.377    7894843.807          0.000  715
 300.326    7092366.804          0.000  775
 300.448   18282328.511          0.000  777
 300.344    7735917.455          0.000  777
 300.306    3380917.635          0.000  778
 300.359   19576247.610          0.000  778
 300.372          0.000          0.000  751
 300.303          0.000          0.000  752
 300.081          0.000          0.000  753
 300.384          0.000          0.000  754
 300.384    4627956.974          0.000  754
 300.293    6252665.996          0.000  757
 300.293          0.000          0.000  757
 162.250   10546356.451          0.000  788
   0.000          0.000          0.000  759
   0.000          0.000          0.000  760
 199.487   13456051.437          0.000  760
 300.328          0.000          0.000  762
 300.263          0.000          0.000  763
 300.263    5992853.873          0.000  763
 300.373   12358760.868          0.000  826
 300.333   10646217.923          0.000  736
 300.230          0.000          0.000  767
 300.307          0.000          0.000  768
 300.406    7229011.919          0.000  799
 300.451   14776027.565          0.000  799
 300.561   13472609.353          0.000  711
 300.399   10321981.598          0.000  743
 300.544   12814900.391          0.000  805
 300.240          0.000          0.000  774
 300.299          0.000          0.000  775
 300.348   10407957.746          0.000  777
 300.344          0.000          0.000  777
 300.305          0.000          0.000  778
 300.388    7642780.812          0.000  811
 300.482   14106877.937          0.000  751
 300.492   12566306.462          0.000  752
 300.084    6948865.174          0.000  753
 300.384    7925449.871          0.000  754
 300.398   10760331.190          0.000  754
 300.293   12710319.522          0.000  757
 300.231    6274329.754          0.000  787
 300.231          0.000          0.000  787
   0.000          0.000          0.000  788
   0.000          0.000          0.000  789
 204.812   14484260.085          0.000  789
 300.328    8573098.407          0.000  762
 300.263    7297684.474          0.000  763
 300.528   20680141.046          0.000  826
 300.373    5289116.183          0.000  826
 300.426   12539093.886          0.000  827
 300.323   12880855.217          0.000  827
 300.325    5653920.584          0.000  768
 300.454   16971923.450          0.000  799
 300.405          0.000          0.000  799
 300.406    6917223.494          0.000  799
 300.507          0.000          0.000  801
 300.365   10572041.950          0.000  866
 300.499   19253027.447          0.000  805
 300.406    8051503.541          0.000  805
 300.406          0.000          0.000  805
 300.406    6164235.905          0.000  805
 300.186   13037202.817          0.000  839
 300.344    9038310.118          0.000  777
 300.165   11190346.973          0.000  841
 300.381    7024792.779          0.000  811
 300.380          0.000          0.000  811
 300.381    8562824.316          0.000  811
 300.390    6028400.973          0.000  844
 300.410   17766564.088          0.000  846
 300.288    5765637.890          0.000  846
 300.427   16790072.606          0.000  754
 300.489   24864246.606          0.001  757
 300.234   13035162.793          0.000  787
 166.033   11031424.978          0.000  788
   0.000          0.000          0.000  820
   0.000          0.000          0.000  821
 237.401   21649097.626          0.000  789
 300.243   11150412.162          0.000  855
 300.294   10968872.558          0.000  855
 300.337   21962551.815          0.000  763
 300.373          0.000          0.000  826
 300.322          0.000          0.000  827
 300.322    3184194.522          0.000  827
 300.323    7613535.569          0.000  827
 300.292          0.000          0.000  830
 300.292    3776158.712          0.000  830
 300.406    6579405.362          0.000  799
 300.545    8364060.863          0.000  801
 300.365   13928041.315          0.000  866
 300.365    4397777.755          0.000  866
 300.407    8310808.855          0.000  805
 300.407   10829756.717          0.000  805
 300.252   10952321.452          0.000  839
 300.186          0.000          0.000  839
 300.225   21210755.478          0.000  841
 300.165          0.000          0.000  841
 300.437   12001212.102          0.000  811
 300.390    6562311.557          0.000  844
 300.390          0.000          0.000  844
 300.288   10124556.404          0.000  846
 300.287          0.000          0.000  846
 300.513   13350619.742          0.000  848
 300.468          0.000          0.000  848
 300.297   24702334.380          0.000  787
 171.660    9485335.183          0.000  820
   0.000          0.000          0.000  851
   0.000          0.000          0.000  852
 147.491    9930156.956          0.000  821
 234.432   19547758.898          0.000  821
 300.243          0.000          0.000  855
 300.302          0.000          0.000  856
 300.486          0.000          0.000  857
 300.373    5940552.624          0.000  826
 300.322    4977802.533          0.000  827
 300.284   15104981.146          0.000  890
 300.323   12364349.293          0.000  827
 300.518   17241895.888          0.000  830
 300.496    6336358.886          0.000  894
 300.395   11252002.107          0.000  929
 300.388    8407519.524          0.000  866
 300.365          0.000          0.000  866
 300.583   23725036.894          0.000  805
 300.423   17650718.239          0.000  933
 300.329    7402978.080          0.000  870
 300.328          0.000          0.000  870
 300.395   13687146.909          0.000  839
 300.228          0.000          0.000  872
 300.372   13577479.208          0.000  905
 300.325    6770458.257          0.000  905
 300.402   13041877.498          0.000  844
 300.490   14053958.486          0.000  844
 300.569   17953259.499          0.000  846
 300.357          0.000          0.000  878
 300.490    9058997.379          0.000  848
 270.319   21356037.243          0.000  915
 218.236   15468076.274          0.000  915
   0.000          0.000          0.000  882
   0.000          0.000          0.000  883
 200.124   13803135.358          0.000  883
 300.192    7204544.710          0.000  886
 300.191          0.000          0.000  886
 300.595   13692962.362          0.000  857
 300.456   16820139.193          0.000  826
 300.424   20792846.952          0.000  890
 300.284          0.000          0.000  890
 300.323   21641618.925          0.000  827
 300.538   12179849.120          0.000  926
 300.496    7475072.719          0.000  894
 300.496          0.000          0.000  894
 300.395   13816351.241          0.000  929
 300.395    5390296.164          0.000  929
 300.395   10132359.255          0.000  929
 300.372    6020707.460          0.000  866
 300.380   15104483.423          0.000  931
 300.240    7285350.030          0.000  933
 300.376   22875329.863          0.000  933
 300.358          0.000          0.000  902
 300.228    4780087.656          0.000  872
 300.325    5084868.634          0.000  905
 300.325          0.000          0.000  905
 300.325    5116705.020          0.000  905
 300.325   13938873.601          0.000  905
 300.354    9055297.569          0.000  909
 300.315          0.000          0.000  909
 300.429   11210914.189          0.000  878
 300.248          0.000          0.000  911
 272.314   22067071.702          0.000  915
 231.381   15090390.223          0.000  915
 155.592    8365648.089          0.000  915
   0.000          0.000          0.000  915
   0.000          0.000          0.000  916
 102.125    5776380.570          0.000  949
 300.237   20596950.781          0.000  886
 300.197    9426982.477          0.000  886
 300.547   11914064.073          0.000  921
 300.455          0.000          0.000  921
 300.317   15666841.493          0.000  890
 300.284    7274288.801          0.000  890
 300.284    5541695.079          0.000  890
 300.373   29861607.132          0.001  827
 300.507          0.000          0.000  926
 300.603   18391871.163          0.000  894
 300.473   22914372.171          0.000  929
 300.395          0.000          0.000  929
 300.346    8483505.431          0.000  931
 300.346          0.000          0.000  931
 300.346    4962621.241          0.000  931
 300.240          0.000          0.000  933
 300.240    7355737.523          0.000  933
 300.319          0.000          0.000  935
 300.326    9303481.226          0.000  935
 300.348   15222728.409          0.000  872
 300.348   12924387.235          0.000  905
 300.449   16507509.145          0.000  905
 300.326   13324418.959          0.000  905
 300.388   15442880.372          0.000  971
 300.256    6800778.297          0.000  971
 300.343   17700917.640          0.000  911
 300.257    7885131.617          0.000  911
 300.259    8120875.772          0.000  946
 300.259          0.000          0.000  946
 204.479   13354036.117          0.000  948
   0.000          0.000          0.000  948
   0.000          0.000          0.000  949
 209.669   14842315.827          0.000  949
 300.043          0.000          0.000  951
 300.319   11674124.801          0.000 1012
 300.455   10520861.201          0.000  921
 300.270          0.000          0.000  954
 300.356   14127850.246          0.000 1015
 300.431   18735123.192          0.000 1017
 300.526   10501764.287          0.000  926
 300.479   19879399.113          0.000  929
 300.395    8762661.943          0.000  929
 300.395    3646609.768          0.000  929
 300.580   14660653.956          0.000  929
 300.305   10146405.389          0.000  993
 300.368   17261934.927          0.000  993
 300.309   11254349.097          0.000  933
 300.396   17252183.533          0.000 1089
 300.540   21211927.268          0.000 1089
 300.483   26859608.533          0.001 1089
 300.176          0.000          0.000  968
 300.176    8049197.251          0.000  968
 300.468   18076425.871          0.000 1032
 300.256          0.000          0.000  971
 300.206   13477326.354          0.000 1033
 300.339   14522127.796          0.000  946
 300.287   14054314.899          0.000 1005
 196.234   12160349.547          0.000  948
   0.000          0.000          0.000  976
   0.000          0.000          0.000  977
 151.402   10386146.253          0.000 1008
 300.447   11861871.187          0.000 1010
 300.340   15750858.942          0.000 1012
 300.310    4795008.880          0.000 1012
 300.271    8315087.864          0.000 1013
 300.271    8238775.864          0.000  954
 300.318    6662824.476          0.000 1015
 300.486   16739691.179          0.000 1017
 300.386    6729373.952          0.000 1017
 300.277    4789508.417          0.000 1018
 300.529   21080363.006          0.000  929
 300.395    8770456.525          0.000  929
 300.205    9367790.489          0.000  991
 300.175          0.000          0.000  991
 300.232    7207782.546          0.000  993
 300.232          0.000          0.000  993
 300.232    7247457.921          0.000  993
 300.356    9602431.310          0.000 1025
 300.396   11693053.754          0.000 1089
 300.396    9894097.225          0.000 1089
 300.396   17706850.333          0.000 1089
 300.457          0.000          0.000  999
 300.176    7872527.489          0.000  968
 300.414   17321149.363          0.000 1032
 300.319    5119398.280          0.000 1032
 300.137    5215993.336          0.000 1033
 300.412   17789148.725          0.000 1065
 300.287          0.000          0.000 1005
 235.759   19077429.582          0.000 1007
   0.000          0.000          0.000 1007
   0.000          0.000          0.000 1008
 219.028   16358210.763          0.000 1008
 300.333          0.000          0.000 1010
 300.381   11354380.467          0.000 1012
 300.309          0.000          0.000 1012
 300.166          0.000          0.000 1013
 300.436   19685529.892          0.000  954
 300.318          0.000          0.000 1015
 300.386   10039552.251          0.000 1017
 300.386          0.000          0.000 1017
 300.277          0.000          0.000 1018
 300.514   27774622.926          0.001  929
 300.397   17221211.768          0.000  929
 300.411    9553113.605          0.000 1052
 300.358   18565301.905          0.000  993
 300.232   11350368.676          0.000  993
 300.334    9401105.271          0.000 1025
 300.334          0.000          0.000 1025
 300.396   20533028.380          0.000 1089
 300.395    4865843.761          0.000 1089
 300.399   14725073.945          0.000 1089
 300.514    8071668.313          0.000  999
 300.145          0.000          0.000 1030
 300.226   22570039.141          0.000  968
 300.319          0.000          0.000 1032
 300.137          0.000          0.000 1033
 300.326    5931746.925          0.000 1065
 300.407   10309927.652          0.000 1005
 215.913   14772922.178          0.000 1037
   0.000          0.000          0.000 1037
   0.000          0.000          0.000 1038
 121.310    7306677.690          0.000 1008
 300.333    4753565.134          0.000 1010
 300.333    8820211.136          0.000 1010
 300.370   19222814.411          0.000 1012
 300.310    8872876.070          0.000 1012
 300.306    9929108.835          0.000 1075
 300.133          0.000          0.000 1045
 300.152   12087053.823          0.000 1045
 300.285          0.000          0.000 1047
 300.473   13511010.894          0.000 1017
 300.345   15285158.709          0.000 1112
 300.345   10476780.927          0.000 1112
 300.351    8042418.916          0.000 1052
 300.351          0.000          0.000 1052
 300.434   28646941.096          0.001 1117
 300.147          0.000          0.000 1054
 300.334    6388016.643          0.000 1025
 300.528   15036759.605          0.000 1089
 300.395    2720095.887          0.000 1089
 300.395    5904729.764          0.000 1089
 300.291   12419910.706          0.000 1091
 300.384   17730688.529          0.000 1062
 300.263    9087416.121          0.000 1062
 300.263          0.000          0.000 1062
 300.319   14663740.617          0.000 1032
 300.326    8154898.019          0.000 1065
 300.326          0.000          0.000 1065
 300.326    7243844.073          0.000 1065
 300.167          0.000          0.000 1067
 228.174   17666234.657          0.000 1069
   0.000          0.000          0.000 1069
   0.000          0.000          0.000 1070
 204.573   14578046.057          0.000 1070
 300.333   14738861.570          0.000 1010
 300.503   18060342.373          0.000 1136
 300.329    5504215.050          0.000 1075
 300.306          0.000          0.000 1075
 300.148    6743911.197          0.000 1045
 300.133    4910939.680          0.000 1045
 300.244   18310780.866          0.000 1140
 300.416   20553464.986          0.000 1171
 300.403   25619723.838          0.000 1112
 300.453   18801920.092          0.000 1112
 300.345    4947386.667          0.000 1112
 300.351    6991734.005          0.000 1052
 300.300   12849573.344          0.000 1117
 300.300    6908013.229          0.000 1117
 300.464   16356795.748          0.000 1025
 300.304    9578933.256          0.000 1119
 300.395    9703544.266          0.000 1089
 300.395          0.000          0.000 1089
 300.580   23383398.293          0.000 1089
 300.154          0.000          0.000 1091
 300.271    8819151.786          0.000 1124
 300.209          0.000          0.000 1093
 300.326   19892736.024          0.000 1065
 300.326    8596864.044          0.000 1065
 300.328   13341928.695          0.000 1065
 265.911   22824035.011          0.000 1131
 186.285   10541830.700          0.000 1131
 102.923    5155243.323          0.000 1131
   0.000          0.000          0.000 1100
   0.000          0.000          0.000 1101
 212.164   15710643.285          0.000 1101
 300.386   14203000.037          0.000 1136
 300.385    7395335.497          0.000 1136
 300.344   23925133.067          0.000 1075
 300.306    6171490.565          0.000 1075
 300.133   11468685.179          0.000 1045
 300.239    4726740.847          0.000 1140
 300.269   10153463.496          0.000 1141
 300.295   11467492.007          0.000 1171
 300.345    5205545.630          0.000 1112
 300.345          0.000          0.000 1112
 300.511   11098961.181          0.000 1145
 300.433   22513431.546          0.000 1117
 300.300   12526605.604          0.000 1117
 300.300    5082326.898          0.000 1117
 300.300          0.000          0.000 1117
 300.462   13381164.363          0.000 1119
 300.304          0.000          0.000 1119
 300.395   15587914.050          0.000 1089
 300.114          0.000          0.000 1121
 300.279          0.000          0.000 1122
 300.303   10461609.123          0.000 1124
 300.250          0.000          0.000 1124
 300.210    6287543.994          0.000 1093
 300.311   16444775.077          0.000 1127
 300.311          0.000          0.000 1127
 300.418   24753710.991          0.000 1065
 248.642   17329735.961          0.000 1131
 214.723   14906651.149          0.000 1131
   0.000          0.000          0.000 1131
   0.000          0.000          0.000 1132
 182.097   11771765.803          0.000 1101
 300.471   17041678.553          0.000 1136
 300.385    6756104.841          0.000 1136
 300.385          0.000          0.000 1136
 300.306   17647243.831          0.000 1075
 300.260   15416268.612          0.000 1168
 300.138   22310144.206          0.000 1045
 300.239          0.000          0.000 1140
 300.191          0.000          0.000 1141
 300.295    6086567.674          0.000 1171
 300.345    7965386.780          0.000 1112
 300.300   11992835.298          0.000 1173
 300.470          0.000          0.000 1145
 300.337   11649500.647          0.000 1175
 300.300   16211483.175          0.000 1117
 300.410   13622039.653          0.000 1117
 300.318   11665124.148          0.000 1119
 300.147          0.000          0.000 1150
 300.207   10380917.359          0.000 1121
 300.283    7484877.523          0.000 1122
 300.345   18945136.029          0.000 1124
 300.250    7237598.073          0.000 1124
 300.391   12455294.002          0.000 1186
 300.311    5131631.699          0.000 1127
 300.319   11233407.648          0.000 1127
 300.400   18165722.414          0.000 1220
 280.619   24757626.699          0.001 1131
 199.706   12401770.508          0.000 1192
   0.000          0.000          0.000 1161
   0.000          0.000          0.000 1162
 238.570   17874461.189          0.000 1101
 300.442   10483556.134          0.000 1197
 300.385    5549934.246          0.000 1136
 300.307    8353603.550          0.000 1167
 300.279          0.000          0.000 1167
 300.082          0.000          0.000 1168
 300.243    7509618.511          0.000 1140
 300.384   11424998.101          0.000 1171
 300.295          0.000          0.000 1171
 300.345   23315700.395          0.000 1112
 300.153          0.000          0.000 1173
 300.421   12492285.532          0.000 1175
 300.237          0.000          0.000 1175
 300.213   11319604.741          0.000 1177
 300.189          0.000          0.000 1177
 300.364   16105695.925          0.000 1180
 300.196    4334812.614          0.000 1180
 300.196          0.000          0.000 1180
 300.228   10627780.637          0.000 1182
 300.194          0.000          0.000 1182
 300.379   10772657.461          0.000 1184
 300.324          0.000          0.000 1184
 300.395   11694013.714          0.000 1186
 300.379          0.000          0.000 1186
 300.665   12264014.760          0.000 1218
 300.386   18252967.870          0.000 1127
 300.284    7699840.772          0.000 1220
 300.504          0.000          0.000 1190
 207.995   13432178.744          0.000 1192
   0.000          0.000          0.000 1192
   0.000          0.000          0.000 1193
 134.272    8280238.112          0.000 1225
 300.498   17480341.045          0.000 1197
 300.419    6198698.555          0.000 1197
 300.419          0.000          0.000 1197
 300.380   16890524.263          0.000 1260
 300.280   10169857.627          0.000 1167
 300.280    7589862.076          0.000 1167
 300.236    7589824.843          0.000 1202
 300.232          0.000          0.000 1202
 300.206    9772376.141          0.000 1234
 300.316   23174477.489          0.000 1267
 300.191   14990422.214          0.000 1267
 300.297   12485239.027          0.000 1173
 300.153    6811199.958          0.000 1173
 300.237    6883192.953          0.000 1175
 300.189   13879979.898          0.000 1177
 300.297   11518820.045          0.000 1177
 300.196   11575995.227          0.000 1180
 300.327   12509695.751          0.000 1244
 300.194    7661628.567          0.000 1182
 300.203   14691127.519          0.000 1277
 300.324    7330014.049          0.000 1184
 300.464   16296477.473          0.000 1186
 300.387   12441114.736          0.000 1186
 300.574          0.000          0.000 1218
 300.399   11589042.264          0.000 1220
 300.283          0.000          0.000 1220
 300.619   11898450.034          0.000 1190
 242.215   20253900.082          0.000 1224
 215.561   15593086.990          0.000 1192
   0.000          0.000          0.000 1224
   0.000          0.000          0.000 1225
 225.341   16342172.781          0.000 1288
 300.419    7825812.639          0.000 1197
 300.391    8669470.953          0.000 1260
 300.332    9851348.169          0.000 1260
 300.340    7086303.153          0.000 1262
 300.484   26008587.931          0.000 1167
 300.246   14113089.151          0.000 1202
 300.232    7394831.982          0.000 1202
 300.102          0.000          0.000 1234
 300.255   11902540.599          0.000 1267
 300.191    6656664.001          0.000 1267
 300.233   10818113.693          0.000 1269
 300.153   18952284.734          0.000 1173
 300.181    8926875.860          0.000 1271
 300.407   10408933.151          0.000 1241
 300.350          0.000          0.000 1241
 300.350    8190093.338          0.000 1241
 300.350   13819901.795          0.000 1241
 300.256          0.000          0.000 1244
 300.281   18265639.439          0.000 1339
 300.097    6660830.738          0.000 1277
 300.394   19116005.972          0.000 1184
 300.262          0.000          0.000 1248
 300.431   21938781.051          0.000 1248
 300.368   23099403.749          0.000 1220
 300.284    7858240.879          0.000 1220
 300.492   15208133.665          0.000 1285
 214.140   14172926.203          0.000 1224
 120.045    6598960.529          0.000 1224
   0.000          0.000          0.000 1255
   0.000          0.000          0.000 1256
 127.322    7131597.064          0.000 1288
 247.275   19823665.592          0.000 1288
 300.371   10977176.720          0.000 1291
 300.332          0.000          0.000 1260
 300.325    5006911.108          0.000 1262
 300.325          0.000          0.000 1262
 300.428    8442836.093          0.000 1294
 300.235   23548191.948          0.000 1328
 300.220   12468676.033          0.000 1328
 300.191    7631508.199          0.000 1267
 300.191          0.000          0.000 1267
 300.544   18279706.683          0.000 1332
 300.189          0.000          0.000 1269
 300.206   12170908.254          0.000 1271
 300.151          0.000          0.000 1271
 300.397   13766303.808          0.000 1241
 300.350    7241812.970          0.000 1241
 300.393   19623223.604          0.000 1241
 300.331    7692759.995          0.000 1244
 300.281   10191185.986          0.000 1339
 300.097          0.000          0.000 1277
 300.260   11691523.805          0.000 1310
 300.262    4055742.132          0.000 1248
 300.262    8177494.144          0.000 1248
 300.282   20154734.806          0.000 1248
 300.514          0.000          0.000 1282
 300.462   11839041.578          0.000 1285
 300.399    3068168.935          0.000 1285
 300.399          0.000          0.000 1285
 179.775   13461775.352          0.000 1255
   0.000          0.000          0.000 1287
   0.000          0.000          0.000 1288
 184.139   12006447.170          0.000 1288
 300.351    4079157.582          0.000 1291
 300.351          0.000          0.000 1291
 300.423          0.000          0.000 1292
 300.331   13458427.367          0.000 1357
 300.415          0.000          0.000 1294
 300.265   12621918.762          0.000 1328
 300.220    6367677.685          0.000 1328
 300.235   17227404.614          0.000 1267
 300.494   15887405.662          0.000 1332
 300.461    7013860.068          0.000 1332
 300.189    6373039.505          0.000 1269
 300.151   10166200.984          0.000 1271
 300.395   21068638.813          0.000 1336
 300.385   11212157.147          0.000 1336
 300.513   11882081.399          0.000 1336
 300.331          0.000          0.000 1305
 300.375   11151194.489          0.000 1339
 300.281    3087483.868          0.000 1339
 300.268   19026857.889          0.000 1277
 300.243   12428902.221          0.000 1310
 300.242          0.000          0.000 1310
 300.243    7455849.313          0.000 1310
 300.370   17350896.961          0.000 1248
 300.510   18410198.594          0.000 1343
 300.536   24081505.462          0.000 1285
 300.399    8563006.831          0.000 1285
 300.399    5743279.231          0.000 1285
 217.665   15368569.231          0.000 1318
   0.000          0.000          0.000 1318
   0.000          0.000          0.000 1319
 176.587   11351295.362          0.000 1288
 262.223   26094650.772          0.000 1288
 300.456   21932467.962          0.000 1291
 300.450   10440046.314          0.000 1292
 300.341   12179652.247          0.000 1357
 300.326    4379639.606          0.000 1357
 300.397   20666384.205          0.000 1390
 300.239   10313940.593          0.000 1328
 300.219          0.000          0.000 1328
 300.219    7284900.824          0.000 1328
 300.508   14481996.858          0.000 1362
 300.461   13334034.300          0.000 1332
 300.461          0.000          0.000 1332
 300.307    6237761.697          0.000 1364
 300.396   12569821.617          0.000 1366
 300.385    7826439.262          0.000 1336
 300.385          0.000          0.000 1336
 300.552   16307685.357          0.000 1368
 300.342    8701887.211          0.000 1305
 300.281          0.000          0.000 1339
 300.314   14589068.126          0.000 1403
 300.311    7799758.661          0.000 1310
 300.402    6430027.880          0.000 1343
 300.402          0.000          0.000 1343
 300.402    5750174.602          0.000 1343
 300.402   14475891.201          0.000 1343
 300.393          0.000          0.000 1346
 300.522   19516694.119          0.000 1285
 300.399   18313202.744          0.000 1285
 153.079    9346772.691          0.000 1381
   0.000          0.000          0.000 1350
   0.000          0.000          0.000 1351
 209.059   14002175.156          0.000 1382
 300.349   22902487.699          0.000 1384
 300.254   20795887.345          0.000 1384
 300.354   13250104.161          0.000 1357
 300.326    7323283.664          0.000 1357
 300.326          0.000          0.000 1357
 300.271    9400964.544          0.000 1390
 300.329   11136962.552          0.000 1390
 300.225   10004910.289          0.000 1328
 300.428    5568981.926          0.000 1362
 300.428          0.000          0.000 1362
 300.492    9502243.627          0.000 1332
 300.305          0.000          0.000 1364
 300.262    8594776.368          0.000 1366
 300.262          0.000          0.000 1366
 300.474   32826558.903          0.001 1366
 300.484          0.000          0.000 1368
 300.353   19714797.632          0.000 1339
 300.281    9821200.340          0.000 1339
 300.281    4796900.863          0.000 1339
 300.330   14263616.037          0.000 1403
 300.312    6509634.770          0.000 1403
 300.149          0.000          0.000 1374
 300.427   10879074.668          0.000 1405
 300.413   14834028.016          0.000 1343
 300.400    9381028.120          0.000 1346
 300.353   14813119.132          0.000 1440
 300.353   14911134.305          0.000 1440
 300.365          0.000          0.000 1380
   0.000          0.000          0.000 1381
   0.000          0.000          0.000 1382
 255.598   28247696.803          0.001 1382
 300.254          0.000          0.000 1384
 300.254    8586766.200          0.000 1384
 300.334   10768881.123          0.000 1417
 300.326    8303798.394          0.000 1357
 300.416   23361642.339          0.000 1419
 300.289   12986861.534          0.000 1419
 300.271          0.000          0.000 1390
 300.074          0.000          0.000 1391
 300.093          0.000          0.000 1392
 300.428    7068689.964          0.000 1362
 300.583    6966169.267          0.000 1395
 300.583          0.000          0.000 1395
 300.341   21607563.464          0.000 1490
 300.262    2840475.570          0.000 1366
 300.262    8433269.208          0.000 1366
 300.262   17142347.232          0.000 1366
 300.233    6005524.614          0.000 1430
 300.301   16134429.175          0.000 1339
 300.469   15281736.283          0.000 1432
 300.312          0.000          0.000 1403
 300.236   10091776.121          0.000 1374
 300.424          0.000          0.000 1405
 300.277          0.000          0.000 1406
 300.548   11294970.690          0.000 1408
 300.478          0.000          0.000 1408
 300.353    5142100.561          0.000 1440
 300.355   23419142.271          0.000 1440
 160.664   10311581.644          0.000 1381
   0.000          0.000          0.000 1412
   0.000          0.000          0.000 1413
 236.236   21284005.941          0.000 1444
 300.254    4460350.903          0.000 1384
 300.293    5182040.338          0.000 1417
 300.293          0.000          0.000 1417
 300.288    4747507.336          0.000 1419
 300.288          0.000          0.000 1419
 300.288    6248732.898          0.000 1419
 300.492   24249154.841          0.000 1484
 300.271   14788311.758          0.000 1484
 300.118   10365561.606          0.000 1392
 300.358          0.000          0.000 1424
 300.358    7384975.737          0.000 1424
 300.619    7968070.655          0.000 1395
 300.303   12729206.353          0.000 1490
 300.262   13183211.957          0.000 1366
 300.316   12390070.280          0.000 1430
 300.233          0.000          0.000 1430
 300.326   18034239.071          0.000 1430
 300.393          0.000          0.000 1432
 300.393    4944024.679          0.000 1432
 300.323    7090642.825          0.000 1403
 300.160          0.000          0.000 1435
 300.424    3020002.406          0.000 1405
 300.277    4077143.245          0.000 1406
 300.343   21557132.105          0.000 1468
 300.353   10064254.744          0.000 1440
 300.353          0.000          0.000 1440
 300.353    7432149.304          0.000 1440
 193.310   11113246.882          0.000 1443
   0.000          0.000          0.000 1443
   0.000          0.000          0.000 1444
 173.094   10745116.400          0.000 1444
 300.361   14264818.782          0.000 1384
 300.305   10935045.443          0.000 1417
 300.581    8664314.290          0.000 1481
 300.288    6411289.232          0.000 1419
 300.438   12174122.531          0.000 1483
 300.282   13252639.620          0.000 1484
 300.271    5194180.487          0.000 1484
 266.932   20964636.663          0.000 1587
 300.384    8946651.509          0.000 1424
 300.544   12655851.776          0.000 1456
 300.503          0.000          0.000 1456
 300.303   12157951.731          0.000 1490
 300.303    5798848.536          0.000 1490
 300.488   10410206.653          0.000 1460
 300.391          0.000          0.000 1460
 300.367   18146457.403          0.000 1494
 300.412   12363322.296          0.000 1432
 300.393    4965831.817          0.000 1432
 300.393   13360917.765          0.000 1432
 300.277   17987175.597          0.000 1435
 300.431   15829821.975          0.000 1405
 300.424   12775218.644          0.000 1405
 300.283          0.000          0.000 1468
 300.283   12446612.998          0.000 1468
 300.392    8530614.883          0.000 1440
 300.376   13951388.632          0.000 1440
 256.111   21522017.286          0.000 1443
 191.290   12158826.915          0.000 1443
   0.000          0.000          0.000 1474
   0.000          0.000          0.000 1475
 196.480   13394565.323          0.000 1507
 255.834   22836404.405          0.000 1444
 229.726   16882611.284          0.000 1573
 300.566   17487635.608          0.000 1481
 300.566    4838633.772          0.000 1481
 300.566          0.000          0.000 1481
 300.458    9573909.975          0.000 1514
 300.250          0.000          0.000 1483
 300.271          0.000          0.000 1484
 207.458   12130793.636          0.000 1587
 266.545   20804456.822          0.000 1587
 287.227   29032693.306          0.001 1587
 300.414    6618601.754          0.000 1523
 300.357   10857743.265          0.000 1490
 300.303          0.000          0.000 1490
 300.339   13341944.353          0.000 1526
 300.302   16271249.534          0.000 1494
 300.249    8447174.683          0.000 1494
 300.249          0.000          0.000 1494
 300.506   15978448.178          0.000 1432
 300.311          0.000          0.000 1496
 300.429   27002478.295          0.001 1498
 300.246          0.000          0.000 1498
 300.509   23601808.322          0.000 1405
 300.283    7995692.158          0.000 1468
 300.283    5061044.386          0.000 1468
 300.487   27321123.214          0.001 1468
 300.294          0.000          0.000 1503
 251.345   17069981.562          0.000 1616
 182.656   13659996.469          0.000 1540
   0.000          0.000          0.000 1506
   0.000          0.000          0.000 1507
 222.112   17730025.903          0.000 1507
 142.294    8184217.204          0.000 1573
 279.354   29955135.936          0.001 1573
 185.778   11741105.719          0.000 1577
 300.566   10973807.276          0.000 1481
 300.377    8572639.928          0.000 1514
 300.377          0.000          0.000 1514
 194.461   12680939.517          0.000 1581
 241.019   17999408.784          0.000 1584
 300.271   13577932.001          0.000 1484
 149.365    8023406.503          0.000 1587
 154.274    8911679.363          0.000 1587
 223.094   14992105.924          0.000 1587
 264.060   21158656.972          0.000 1587
 222.697   17280570.853          0.000 1591
 300.414          0.000          0.000 1523
 300.390   12615487.139          0.000 1490
 300.211   17197208.719          0.000 1526
 300.211          0.000          0.000 1526
 258.336   21903837.754          0.000 1600
 170.890    9788346.895          0.000 1600
 300.352   14770841.837          0.000 1496
 300.311    4563946.928          0.000 1496
 300.247   11327785.543          0.000 1498
 300.445   12831331.316          0.000 1498
 252.514   20842512.422          0.000 1607
 222.442   16132852.303          0.000 1611
 300.184          0.000          0.000 1535
 300.348   11237305.642          0.000 1503
 151.426    8114665.743          0.000 1616
 212.584   12749500.291          0.000 1616
 222.175   16346607.542          0.000 1619
   0.000          0.000          0.000 1540
   0.000          0.000          0.000 1541
 228.336   19307495.790          0.000 1507
 206.112   14836167.274          0.000 1575
 153.687   10547204.141          0.000 1575
 206.432   14729524.697          0.000 1579
 157.149   10827535.886          0.000 1579
 173.778   13346617.111          0.000 1583
 163.194    9606847.505          0.000 1584
 169.240   12735960.071          0.000 1584
 106.918    5635023.641          0.000 1587
 203.702   14284525.796          0.000 1587
 185.146   11570737.252          0.000 1591
 181.123   11002744.749          0.000 1591
 187.461   11722073.743          0.000 1595
 169.947   12268324.579          0.000 1596
 148.684    9451167.648          0.000 1597
 203.402   14066831.068          0.000 1600
 173.066   12796688.604          0.000 1602
 136.045    8019814.537          0.000 1602
 159.131   10515605.120          0.000 1605
 179.151   13317466.675          0.000 1606
 148.264    7907591.173          0.000 1607
 140.977    8204669.617          0.000 1609
 155.909    9514177.851          0.000 1613
 163.621   10856458.057          0.000 1615
 215.852   15192018.033          0.000 1616
 228.885   18233184.619          0.000 1616
 148.159    8895936.576          0.000 1619
   0.000          0.000          0.000 1569
   0.000          0.000          0.000 1570
   0.000          0.000          0.000 1571
   0.000          0.000          0.000 1572
   0.000          0.000          0.000 1573
   0.000          0.000          0.000 1574
   0.000          0.000          0.000 1575
   0.000          0.000          0.000 1576
   0.000          0.000          0.000 1577
   0.000          0.000          0.000 1578
   0.000          0.000          0.000 1579
   0.000          0.000          0.000 1580
   0.000          0.000          0.000 1581
   0.000          0.000          0.000 1582
   0.000          0.000          0.000 1583
   0.000          0.000          0.000 1584
   0.000          0.000          0.000 1585
   0.000          0.000          0.000 1586
   0.000          0.000          0.000 1587
   0.000          0.000          0.000 1588
   0.000          0.000          0.000 1589
   0.000          0.000          0.000 1590
   0.000          0.000          0.000 1591
   0.000          0.000          0.000 1592
   0.000          0.000          0.000 1593
   0.000          0.000          0.000 1594
   0.000          0.000          0.000 1595
   0.000          0.000          0.000 1596
   0.000          0.000          0.000 1597
   0.000          0.000          0.000 1598
   0.000          0.000          0.000 1599
   0.000          0.000          0.000 1600
   0.000          0.000          0.000 1601
   0.000          0.000          0.000 1602
   0.000          0.000          0.000 1603
   0.000          0.000          0.000 1604
   0.000          0.000          0.000 1605
   0.000          0.000          0.000 1606
   0.000          0.000          0.000 1607
   0.000          0.000          0.000 1608
   0.000          0.000          0.000 1609
   0.000          0.000          0.000 1610
   0.000          0.000          0.000 1611
   0.000          0.000          0.000 1612
   0.000          0.000          0.000 1613
   0.000          0.000          0.000 1614
   0.000          0.000          0.000 1615
   0.000          0.000          0.000 1616
   0.000          0.000          0.000 1617
   0.000          0.000          0.000 1618
   0.000          0.000          0.000 1619
   0.000          0.000          0.000 1620
 242.469   17510164.960          0.000   29
 300.236    7742482.405          0.000  117
 300.469    6644731.826          0.000  178
 300.481    6624690.157          0.000  138
 300.433   17419765.063          0.000  105
 300.421   12245287.672          0.000  144
 300.222    7229339.257          0.000  182
 300.302    9504211.685          0.000  246
 300.272    5607663.485          0.000  354
 300.252    4288734.619          0.000  311
 300.309    3585546.052          0.000  366
 300.374    5050453.189          0.000  429
 300.425    4745521.231          0.000  486
 300.308    6708442.858          0.000  532
 300.230    6011153.029          0.000  565
 300.120    3594553.553          0.000  597
 269.776   23410001.959          0.000  636
 300.261    3463935.737          0.000  580
 300.296    4941872.314          0.000  629
 300.308    4429271.112          0.000  768
 300.377    6585663.081          0.000  715
 300.372    6839610.612          0.000  751
 300.165    5015217.938          0.000  841
 300.270   15792903.691          0.000  946
 300.396    7800140.401          0.000 1089
 300.240    9989856.676          0.000 1140
 300.170    7802369.993          0.000 1054
 300.300    6014679.526          0.000 1117
 300.304    8535143.211          0.000 1119
 300.379    6960804.466          0.000 1186
 300.286   13803838.775          0.000 1167
 300.219    3291986.363          0.000 1328
 300.151    4653715.031          0.000 1271
 300.385    4516400.449          0.000 1336
 300.254   14290130.878          0.000 1384
 300.161    6627501.081          0.000 1435
 300.424    9054048.739          0.000 1405
 300.246    4578738.662          0.000 1498
 300.303   14899838.442          0.000 1468
 300.425    5679302.487          0.000  486
  96.601    5463310.426          0.000    7
 120.651    7385901.975          0.000   21
  63.050    3250195.283          0.000   21
  63.590    3311913.177          0.000   26
 142.435    9412034.125          0.000   31
 138.766    8622811.847          0.000   42
 116.468    6363856.035          0.000   42
 107.948    5756206.097          0.000   44
 107.441    6007680.650          0.000    5
  72.403    3848283.640          0.000   13
 108.225    6177666.175          0.000   15
 104.115    5870873.735          0.000   17
 109.387    6230514.763          0.000   26
 109.199    6095067.308          0.000   29
 125.697    7500729.674          0.000   31
 101.353    5425172.318          0.000   33
 122.120    6839987.174          0.000   40
  87.159    4704468.539          0.000  141
  90.820    4988071.833          0.000  141
  97.803    5471657.909          0.000  171
 106.473    5818476.737          0.000  233
 131.790    8600563.206          0.000  233
  93.879    4799367.916          0.000  298
 140.040    9250681.743          0.000  265
 119.160    6682502.852          0.000  298
 139.319    8514052.667          0.000  328
 106.921    6077357.866          0.000  329
 120.921    7450414.431          0.000  329
  92.559    4614568.783          0.000  389
 123.641    7628618.989          0.000  420
 143.268    9140529.498          0.000  419
 101.065    5733693.287          0.000  420
 103.045    5973324.541          0.000  482
 110.971    6454318.497          0.000  514
  84.532    4301374.484          0.000  575
  82.586    4605797.708          0.000  546
 122.549    7638893.511          0.000  576
 140.161    9500165.999          0.000  605
 120.147    6752591.530          0.000  635
  82.439    4543927.253          0.000  636
 115.736    6968877.144          0.000  699
 125.027    8016667.579          0.000  699
 106.394    6129933.098          0.000  760
 105.595    6150217.219          0.000  789
 132.918    8636747.484          0.000  789
  96.907    4972056.310          0.000  820
 122.432    6958541.305          0.000  915
 102.496    5917970.564          0.000  883
  78.875    3966884.572          0.000  915
 103.178    5490152.216          0.000  948
 102.573    5417327.900          0.000  948
 140.714    8616524.580          0.000 1007
 114.753    6254102.060          0.000 1037
 121.242    6887386.760          0.000 1069
 100.177    5768707.935          0.000 1070
 118.117    7189245.106          0.000 1101
 110.979    6050686.885          0.000 1131
  90.331    5100014.601          0.000 1101
 110.451    5908050.056          0.000 1192
 112.983    6079684.494          0.000 1192
  92.737    5265467.699          0.000 1288
 115.053    6327769.394          0.000 1318
  91.542    5235334.953          0.000 1288
  96.552    5029864.091          0.000 1382
 147.195    8417696.073          0.000 1382
 128.190    8131098.823          0.000 1444
  94.847    4720075.222          0.000 1443
  85.994    4783958.747          0.000 1444
 114.950    6500611.199          0.000 1443
 105.497    6150956.184          0.000 1507
 122.563    7595806.248          0.000 1507
  75.841    4156279.392          0.000 1573
  95.280    5302908.753          0.000 1577
  94.986    5243892.497          0.000 1581
  74.821    4008184.196          0.000 1587
 115.646    6753019.771          0.000 1591
  89.790    4717309.856          0.000 1600
 119.604    6657706.718          0.000 1611
  76.488    3837805.977          0.000 1616
 124.016    7108214.620          0.000 1619
 124.136    7753768.271          0.000 1507
 105.823    6142696.979          0.000 1575
 100.531    5698208.455          0.000 1579
  74.132    3942526.921          0.000 1584
  54.001    2816613.495          0.000 1587
 107.850    6251424.328          0.000 1587
  99.483    5516489.359          0.000 1591
  96.504    5256286.175          0.000 1591
 100.914    5556750.062          0.000 1595
 121.613    7270388.751          0.000 1600
  82.887    4217210.159          0.000 1607
 125.273    7220150.350          0.000 1616
 138.773    8665749.875          0.000 1616
 103.061    6007560.584          0.000   15
 112.675    6229826.769          0.000  328
 110.483    6680137.407          0.000  420
 105.763    5717512.188          0.000  635
  51.698    2551752.257          0.000 1131
 122.294    7106051.098          0.000 1192
  64.449    3493769.130          0.000 1288
 300.442   22401180.523          0.000  105
 300.421    4601175.654          0.000  144
 300.717   16137723.558          0.000  150
 300.139   14025212.209          0.000  159
 300.766   30766487.834          0.001  228
 300.577   19160114.769          0.000  179
 300.665   25041512.246          0.001  228
 300.680   27160393.577          0.001  228
 300.303   11060791.467          0.000  238
 300.395   21166328.921          0.000  238
 300.384   15723937.254          0.000  275
 300.195   11560815.855          0.000  375
 300.290   17015565.658          0.000  383
 300.642   27094948.698          0.001  366
 300.268   14293450.958          0.000  457
 300.291   16266291.227          0.000  474
 300.269   24475388.088          0.000  457
 300.466   27546580.111          0.001  542
 300.349   22513264.108          0.000  552
 300.179   16686806.353          0.000  664
 300.239   13565252.763          0.000  665
 300.414   24462684.565          0.000  677
 300.378   18759699.053          0.000  763
 300.631   25449590.412          0.000  715
 300.647   43953803.877          0.001  778
 300.082   13194974.804          0.000  753
 300.243   14160091.940          0.000  774
 300.702   27363821.870          0.001  811
 300.365   21772984.835          0.000  866
 300.419   24974075.812          0.000  805
 300.507   20203251.579          0.000  827
 300.323   26657465.138          0.001  827
 300.373   21626037.952          0.000  902
 300.325   18355990.350          0.000  905
 300.271   14360944.380          0.000  954
 300.576   22003036.841          0.000 1015
 300.438   24586493.258          0.000 1089
 300.553   26943069.757          0.001 1089
 300.137   14121649.743          0.000 1033
 300.351   27535204.335          0.001 1010
 300.429   28638245.607          0.001 1136
 300.114    5947453.047          0.000 1121
 300.250   16063904.120          0.000 1124
 300.250   17588750.117          0.000 1124
 300.295   20201690.424          0.000 1171
 300.153   26682686.137          0.001 1173
 300.373   34406907.652          0.001 1267
 300.574   12720011.397          0.000 1218
 300.257   15798390.454          0.000 1244
 300.281   34525910.371          0.001 1339
 300.262   16465176.729          0.000 1248
 279.885   29348606.003          0.001 1224
 300.220   33485312.779          0.001 1328
 300.097   20592218.072          0.000 1277
 300.351   15188068.983          0.000 1291
 300.220   27669479.327          0.001 1328
 300.281   19964618.180          0.000 1339
 300.281   23550927.156          0.000 1339
 300.399   15310795.097          0.000 1285
 300.529   20236988.403          0.000 1292
 300.326   17636713.847          0.000 1357
 300.262   16337311.120          0.000 1366
 300.427   19575445.829          0.000 1432
 300.469   20719427.897          0.000 1406
 300.447   14116023.177          0.000 1523
 300.303   14018802.880          0.000 1490
 300.303   15456906.575          0.000 1490
 300.311   27659669.320          0.001 1496
 300.311   17603734.430          0.000 1496
 289.854   32431329.267          0.001 1616
 300.328   21426073.183          0.000 1496
 300.375    6588361.326          0.000  751
 300.268    6127000.481          0.000  457
 300.249   23468001.482          0.000 1267
 300.257    6661600.364          0.000 1244
 300.281   25583612.925          0.001 1339
 300.281   10871087.243          0.000 1339
 300.281   11821642.973          0.000 1339
 300.311   10529446.282          0.000 1496
 300.717    6398130.942          0.000  150
 300.139    5953595.595          0.000  159
 300.570    6793306.185          0.000  179
 300.384    5492922.137          0.000  275
 300.195    5180497.572          0.000  375
 300.291    5548784.989          0.000  474
 300.347   17666409.064          0.000  542
 300.179    5218605.931          0.000  664
 300.239    5282014.441          0.000  665
 300.342   14766995.883          0.000  677
 300.473   28435630.106          0.001  778
 300.081    5970762.726          0.000  753
 300.240    5526254.636          0.000  774
 300.407   16512912.772          0.000  805
 300.358    6559502.992          0.000  902
 300.271    4494434.363          0.000  954
 300.137    6428533.496          0.000 1033
 300.250    7200080.203          0.000 1124
 300.250    6521190.090          0.000 1124
 300.153    6645953.918          0.000 1173
 300.574    4363433.916          0.000 1218
 300.262    5624977.132          0.000 1248
 300.220   20157410.219          0.000 1328
 300.097    4906857.687          0.000 1277
 300.220   15143965.511          0.000 1328
 300.303    5663824.446          0.000 1490
 300.303    6827076.184          0.000 1490
 300.268    3898427.639          0.000  457
 300.311   18179250.042          0.000 1496
 300.311    6142064.281          0.000 1496
 300.281    7350678.474          0.000 1339
 300.281    6880475.772          0.000 1339
 247.353   19154862.105          0.000   49
  91.851    4972893.058          0.000   49
 300.365   11075759.959          0.000  866
 270.901   22718775.919          0.000   13
 229.163   14855616.738          0.000   21
 242.544   18473952.796          0.000   21
 254.081   18588197.092          0.000  233
 256.947   18209038.738          0.000  389
 250.190   16657950.661          0.000 1443
 300.468   19688383.284          0.000 1012
