   0.000          0.000          0.000    1
   0.000          0.000          0.000    2
   0.000          0.000          0.000    3
   0.000          0.000          0.000    4
   0.000          0.000          0.000    5
   0.000          0.000          0.000    6
   0.000          0.000          0.000    7
   0.000          0.000          0.000    8
   0.000          0.000          0.000    9
   0.000          0.000          0.000   10
   0.000          0.000          0.000   11
   0.000          0.000          0.000   12
   0.000          0.000          0.000   13
   0.000          0.000          0.000   14
   0.000          0.000          0.000   15
   0.000          0.000          0.000   16
   0.000          0.000          0.000   17
   0.000          0.000          0.000   18
   0.000          0.000          0.000   19
   0.000          0.000          0.000   20
   0.000          0.000          0.000   21
   0.000          0.000          0.000   22
   0.000          0.000          0.000   23
   0.000          0.000          0.000   24
   0.000          0.000          0.000   25
   0.000          0.000          0.000   26
   0.000          0.000          0.000   27
   0.000          0.000          0.000   28
   0.000          0.000          0.000   29
   0.000          0.000          0.000   30
   0.000          0.000          0.000   31
   0.000          0.000          0.000   32
   0.000          0.000          0.000   33
   0.000          0.000          0.000   34
   0.000          0.000          0.000   35
   0.000          0.000          0.000   36
   0.000          0.000          0.000   37
   0.000          0.000          0.000   38
   0.000          0.000          0.000   39
   0.000          0.000          0.000   40
   0.000          0.000          0.000   41
   0.000          0.000          0.000   42
   0.000          0.000          0.000   43
   0.000          0.000          0.000   44
   0.000          0.000          0.000   45
   0.000          0.000          0.000   46
   0.000          0.000          0.000   47
   0.000          0.000          0.000   48
   0.000          0.000          0.000   49
   0.000          0.000          0.000   50
   0.000          0.000          0.000   51
   0.000          0.000          0.000   52
 177.353    9468365.465          0.000    3
 231.539   12460157.585          0.000    3
 200.965   11042480.799          0.000    7
 139.859    7539372.328          0.000    7
  64.180    3436080.760          0.000   11
 361.751   24071660.687          0.000   11
 291.618   16825403.257          0.000   15
 207.954   11840925.895          0.000   15
 217.502   11987822.630          0.000   19
 358.943   17331102.045          0.000   20
  47.604    2518428.662          0.000   21
 346.095   15161249.351          0.000   24
  82.033    4381543.533          0.000   26
 336.596   22959733.790          0.000   28
  60.531    2847100.245          0.000   29
 293.554   11965781.218          0.000   33
 129.418    6752924.478          0.000   35
 170.647    8950892.579          0.000   37
  44.633    2306459.219          0.000   37
 305.024   16719230.605          0.000   38
 274.460   12313833.125          0.000   42
 127.274    6765821.495          0.000   42
 315.677   16226946.980          0.000   44
  89.533    4425467.439          0.000   45
 161.321    7881154.617          0.000   49
 246.787   12198498.179          0.000  110
   0.000          0.000          0.000   79
   0.000          0.000          0.000   80
 458.692   26381310.576          0.001    3
 257.494   12542313.224          0.000    5
 124.451    6600922.802          0.000    5
 323.038   17076505.028          0.000    7
 204.670   11034429.350          0.000    7
  92.261    4928840.468          0.000   11
 245.211   12183548.314          0.000   13
  72.904    3798132.238          0.000   13
 269.521   14756723.258          0.000   15
 103.398    5459725.695          0.000   17
 348.284   17270180.740          0.000   17
 245.814   13563927.477          0.000   21
  66.580    3484897.169          0.000   21
 148.166    7783944.099          0.000   26
  98.209    4981828.097          0.000   26
  96.855    4431376.688          0.000   29
 146.749    7589437.181          0.000   29
 369.060   21421041.812          0.000   31
  74.099    3743486.529          0.000   33
 236.855   12323467.418          0.000   35
 454.605   23761578.984          0.000   37
  79.481    4075699.150          0.000   37
 320.410   18188911.426          0.000   40
  95.847    4673120.945          0.000   42
 518.462   26765823.868          0.001   42
 165.282    7872380.017          0.000   44
 148.807    7338349.964          0.000   45
 368.604   17247622.194          0.000   49
 173.789    8465891.336          0.000  138
   0.000          0.000          0.000  110
   0.000          0.000          0.000  111
 183.169    9574687.253          0.000  139
 509.522   23061545.432          0.000    5
 373.837   19397027.850          0.000    7
 166.837    8696874.807          0.000   11
 146.341    6971476.677          0.000   13
 133.863    6795484.282          0.000   13
 463.926   21429828.678          0.000   17
 282.207   13346186.484          0.000   17
 642.586   32545223.449          0.001   17
 114.741    5764168.538          0.000   21
 488.902   28026777.294          0.001   21
 549.874   27346567.652          0.001   26
 439.565   24429900.359          0.000   26
 370.123   16485741.271          0.000   29
 495.578   26150935.746          0.000   29
 421.155   20437977.484          0.000   29
 140.846    6701094.840          0.000   33
 516.454   25693619.370          0.000   35
 417.938   18760550.383          0.000   37
 125.871    6318577.315          0.000   37
 175.919    8062141.394          0.000   42
 322.502   17674504.981          0.000   42
 244.675   11131743.808          0.000   44
 258.504   12456478.628          0.000   45
 611.973   30355527.634          0.001  138
 189.341    9342401.665          0.000  138
   0.000          0.000          0.000  138
   0.000          0.000          0.000  139
 235.291   12429766.969          0.000  139
 508.349   25375434.590          0.000    5
 328.574   16464464.824          0.000    5
 421.098   18809834.492          0.000   11
 349.846   16563248.532          0.000   11
 224.409    9835173.432          0.000   13
 319.157   16724372.667          0.000   13
 610.406   39477740.726          0.001   13
 526.398   24322450.054          0.000   13
 604.496   25282883.147          0.000   17
 357.245   14899946.462          0.000   21
 360.786   14627413.442          0.000   21
 330.018   15661918.801          0.000   26
 661.755   35999535.692          0.001   26
 199.249    9405530.485          0.000   26
 241.687    9611181.017          0.000   29
 490.452   22351190.246          0.000   29
 444.678   16911934.656          0.000   33
 185.422    8451578.864          0.000   33
 813.311   34714022.173          0.001   33
 242.255   10989793.319          0.000   37
 154.659    7650965.503          0.000   37
 243.767   10641462.131          0.000   42
 522.289   29023185.364          0.001   42
 536.299   24205503.569          0.000   44
 496.546   22423504.179          0.000   45
 579.653   26387129.851          0.001  168
 220.643   11592531.390          0.000  138
   0.000          0.000          0.000  168
   0.000          0.000          0.000  169
 206.682   11815529.393          0.000  169
 314.298   18485313.269          0.000  169
 557.648   25371988.890          0.000    5
 636.271   26265251.357          0.000   11
 624.035   26441490.846          0.000   11
 518.616   19041640.846          0.000   13
 523.043   27747241.755          0.001   13
 518.815   17896595.558          0.000   13
 701.300   24636108.331          0.000   17
 564.681   20713992.796          0.000   21
 229.415   10396981.439          0.000   21
 471.917   19508621.970          0.000   21
 474.405   20441123.557          0.000   26
 309.716   12732929.909          0.000   26
 683.594   26800130.295          0.000   26
 442.081   14864494.936          0.000   29
 697.635   24329421.428          0.000   33
 593.100   24376803.532          0.000   33
 536.266   17015547.632          0.000   33
 613.268   22637402.782          0.000   37
 223.946   10320108.670          0.000   37
 564.699   22871280.645          0.000   37
 387.217   15103856.317          0.000   42
 839.512   31778635.375          0.001   44
 838.433   31679334.250          0.001   44
 771.621   33430618.252          0.001  168
 467.295   20594850.130          0.000  168
 155.344    7682879.939          0.000  168
  84.964    4217864.648          0.000  168
   0.000          0.000          0.000  199
   0.000          0.000          0.000  200
 101.002    5111371.432          0.000  231
 253.304   11270172.077          0.000  231
 748.366   23438249.845          0.000  231
 533.085   21341695.487          0.000   11
 871.797   32397940.496          0.001   13
 838.140   26141208.359          0.000   13
 806.540   22071357.958          0.000   13
 918.963   27835164.007          0.000   13
1029.126   34288772.381          0.001   17
 764.282   23729928.822          0.000   21
 325.515   12841091.660          0.000   21
 939.323   39859168.812          0.001   26
 713.468   35688511.781          0.001   26
 494.335   16531962.948          0.000   26
 715.820   27208269.625          0.000   26
 947.015   26771327.007          0.000   29
 593.354   18312994.437          0.000   29
1025.408   36749316.172          0.001   33
 691.874   17103132.618          0.000   33
 913.520   26289835.516          0.000   33
 994.967   40059675.807          0.001   37
 519.927   17097049.266          0.000   37
 798.963   27972094.035          0.001   42
 888.860   33540731.263          0.001   42
 947.495   30172116.846          0.001   42
1141.547   45580115.404          0.001  296
 975.750   36284704.757          0.001  296
 435.568   19796068.652          0.000  168
 273.984   13524724.992          0.000  199
   0.000          0.000          0.000  230
   0.000          0.000          0.000  231
 388.117   22128079.865          0.000  231
 461.433   20023065.297          0.000  231
 577.942   18429593.613          0.000  231
 975.685   36281919.648          0.001   11
1058.813   25423722.887          0.000   13
1095.971   34825531.343          0.001   13
 876.593   27937427.822          0.001   13
1107.128   36464186.440          0.001   13
1004.124   29461521.251          0.001   21
 487.828   15708398.372          0.000   21
1102.343   39031662.876          0.001   21
 890.591   32221502.279          0.001   26
 866.575   23254013.403          0.000   26
 990.715   29392867.166          0.001   26
 955.054   25553235.159          0.000   29
 974.253   26021232.276          0.000   29
1153.219   36756469.517          0.001   29
 968.820   22857273.780          0.000   33
1124.571   38791137.812          0.001   37
 946.948   28053191.127          0.001   37
 776.573   27157220.142          0.001   37
 487.975   16843597.172          0.000   37
 883.537   26685056.184          0.001   37
 949.230   27838372.996          0.001   42
1142.782   35612599.626          0.001  296
 775.241   20268124.830          0.000  296
 688.492   23268699.408          0.000  296
 704.485   22383021.359          0.000  296
 533.121   30029862.001          0.001  296
 179.053    9260543.342          0.000  296
   0.000          0.000          0.000  262
   0.000          0.000          0.000  263
 536.002   33307192.052          0.001  263
 596.654   33507580.227          0.001  263
 664.579   30229146.008          0.001  327
 864.199   34609636.774          0.001  327
 994.143   27778045.327          0.001  231
1135.720   34847673.305          0.001  231
1183.700   38175533.984          0.001   13
1200.218   24643079.686          0.000  333
1166.807   38038684.253          0.001   13
1200.401          0.000          0.000  273
1139.649   34887384.355          0.001   21
 964.315   24973222.070          0.000   21
 964.241   25672675.233          0.000   21
1160.852   35699804.750          0.001   21
1107.761   32748664.888          0.001   26
1135.131   36922321.509          0.001   26
1193.744   39746262.578          0.001   29
1111.173   25292281.285          0.000   29
1131.306   32528023.815          0.001   29
1126.991   31910843.456          0.001   33
1200.239          0.000          0.000  284
1200.241   19126072.007          0.000  317
 868.459   25063186.692          0.000   37
 746.355   21550310.753          0.000   37
1025.945   30207254.888          0.001   37
1126.859   36198110.695          0.001   42
1156.796   44367313.139          0.001   42
 834.070   20914461.105          0.000  296
 609.296   16849411.284          0.000  296
 243.783    9584130.060          0.000  296
 159.374    6844617.383          0.000  296
  95.361    4320993.885          0.000  296
   0.000          0.000          0.000  296
   0.000          0.000          0.000  297
 131.527    7246045.483          0.000  263
 264.757   14776810.773          0.000  263
 343.647   15712296.246          0.000  327
 493.773   19125508.327          0.000  327
 881.072   27807851.807          0.000  327
1187.127   44132716.557          0.001  231
1200.218   14028725.512          0.000  333
1200.218    6568468.646          0.000  333
1200.401    8726381.963          0.000  273
1147.183   36887881.948          0.001   21
1121.348   31315480.051          0.001   21
1200.272          0.000          0.000  309
1200.537   19758599.444          0.000  312
1200.537    9950057.268          0.000  312
1200.536          0.000          0.000  312
1194.603   42847290.351          0.001   29
1191.138   35162958.760          0.001   29
1200.239   14625362.903          0.000  284
1200.239    7724797.835          0.000  284
1200.240          0.000          0.000  317
1200.333          0.000          0.000  318
 960.866   26387723.902          0.000   37
1200.318   18560291.954          0.000  381
1198.143   38944424.358          0.001  296
1172.204   32458772.760          0.001  296
 738.389   22458094.471          0.000  296
 599.155   21301068.096          0.000  296
 314.136   16074303.964          0.000  326
   0.000          0.000          0.000  326
   0.000          0.000          0.000  327
  89.086    4707736.999          0.000  327
 185.607    9217911.585          0.000  327
 361.192   14837917.861          0.000  327
 954.351   28457084.007          0.001  327
1200.344   20837311.263          0.000  364
1200.218          0.000          0.000  333
1200.408   11784971.953          0.000  366
1200.408    8840369.108          0.000  366
1200.408   18247510.362          0.000  366
1200.417          0.000          0.000  337
1200.272   14487696.688          0.000  309
1200.272    5142774.096          0.000  309
1200.272    7971318.890          0.000  309
1200.282          0.000          0.000  341
1200.537   15850305.233          0.000  312
1200.264          0.000          0.000  343
1200.338   16769173.104          0.000  406
1200.239   18703650.020          0.000  284
1200.241    3942675.444          0.000  317
1200.334    9106812.671          0.000  318
1200.322   11256327.961          0.000  380
1200.322   14637510.055          0.000  380
1200.316    5957407.385          0.000  381
1197.966   34291960.543          0.001  387
1168.438   27442277.892          0.001  387
 859.079   28237539.469          0.001  387
 652.733   27726330.740          0.001  387
 239.310   11457538.705          0.000  387
 309.190   16065263.152          0.000  326
   0.000          0.000          0.000  357
   0.000          0.000          0.000  358
 333.314   19210591.239          0.000  327
 533.400   27990807.373          0.001  418
 846.550   34536341.132          0.001  327
 990.922   30833953.416          0.001  327
1200.344    9303631.329          0.000  364
1200.343          0.000          0.000  364
1200.407    9937743.940          0.000  366
1200.407          0.000          0.000  366
1200.407    4391927.756          0.000  366
1200.397   22653189.802          0.000  427
1200.272   20211936.598          0.000  309
1200.272   12339382.866          0.000  309
1200.272   15458852.005          0.000  309
1200.272   20689171.781          0.000  309
1200.211          0.000          0.000  373
1200.242   13178866.816          0.000  404
1200.338   16375213.212          0.000  406
1200.338    6720293.880          0.000  406
1200.241   15508555.910          0.000  317
1200.241   14679318.540          0.000  317
1200.322    8898433.689          0.000  380
1200.321          0.000          0.000  380
1200.316          0.000          0.000  381
1200.163   43610175.887          0.001  387
 847.957   20169033.079          0.000  387
 757.712   26641449.717          0.001  387
 421.448   18459870.739          0.000  387
  66.875    3289940.324          0.000  387
   0.000          0.000          0.000  387
   0.000          0.000          0.000  388
 448.297   23866034.705          0.000  418
 249.908   12733373.187          0.000  418
 556.862   20231585.097          0.000  418
 695.041   29414846.713          0.001  418
1063.294   32262442.027          0.001  418
1200.344    9001286.069          0.000  364
1200.344    5525092.362          0.000  364
1200.407    6852547.633          0.000  366
1200.395    7455425.240          0.000  427
1200.395   12049363.941          0.000  427
1200.268    9662894.951          0.000  430
1200.264   13730083.209          0.000  402
1200.263    5319206.053          0.000  402
1200.263          0.000          0.000  402
1200.212   13085057.996          0.000  373
1200.242          0.000          0.000  404
1200.275   12434790.042          0.000  435
1200.338          0.000          0.000  406
1200.257    8828144.758          0.000  437
1200.248    9501160.353          0.000  439
1200.322   17664337.629          0.000  380
1200.322    5089782.830          0.000  380
1200.316    5021040.699          0.000  381
1159.153   38309767.905          0.001  387
1035.244   28634759.095          0.001  387
 421.462   14064979.521          0.000  387
 172.918    8037756.587          0.000  387
 336.695   17136227.730          0.000  417
   0.000          0.000          0.000  417
   0.000          0.000          0.000  418
  73.595    3941433.846          0.000  418
 158.536    7993632.791          0.000  418
 457.785   15808954.015          0.000  418
 767.950   21960696.086          0.000  418
 977.696   26423966.461          0.000  418
1200.344   13920521.268          0.000  364
1200.344   12586980.282          0.000  364
1200.396   13641710.822          0.000  427
1200.395          0.000          0.000  427
1200.395    6153742.534          0.000  427
1200.396   12027451.331          0.000  427
1200.268          0.000          0.000  430
1200.263   10452424.289          0.000  402
1200.436   15067109.579          0.000  464
1200.132   17778617.176          0.000  465
1200.256   17097276.561          0.000  404
1200.275          0.000          0.000  435
1200.257   10709413.531          0.000  437
1200.257          0.000          0.000  437
1200.257    6217588.198          0.000  437
1200.248          0.000          0.000  439
1200.322   13780960.482          0.000  380
1200.316   12158272.406          0.000  381
1200.313   11072150.019          0.000  472
 881.655   23944055.332          0.000  387
 668.786   24594728.294          0.000  387
 516.768   19473286.763          0.000  387
 525.234   22793343.838          0.000  387
 251.342   12846668.788          0.000  417
   0.000          0.000          0.000  448
   0.000          0.000          0.000  449
 295.822   16584786.616          0.000  418
 282.890   14201030.980          0.000  418
 514.692   20211787.374          0.000  418
 884.764   24091457.261          0.000  418
1200.285    8755103.048          0.000  455
1200.285          0.000          0.000  455
1200.344   23298422.387          0.000  364
1200.396   12411140.811          0.000  427
1200.395    4591985.008          0.000  427
1200.285   17296422.443          0.000  523
1200.401   26093804.733          0.000  427
1200.353   20368514.220          0.000  527
1200.352   11010749.493          0.000  527
1200.436   11482814.722          0.000  464
1200.436          0.000          0.000  464
1200.127          0.000          0.000  465
1200.081          0.000          0.000  466
1200.363   11314979.671          0.000  499
1200.257    6906694.924          0.000  437
1200.146   20660564.259          0.000  534
1200.146   13548629.252          0.000  534
1200.448   17159264.726          0.000  536
1200.313          0.000          0.000  472
1200.313   15569184.121          0.000  472
1101.367   40904165.353          0.001  573
 886.940   32669783.884          0.001  387
 526.303   24794736.235          0.000  448
 349.194   17136176.576          0.000  448
 110.048    5513969.799          0.000  448
   0.000          0.000          0.000  479
   0.000          0.000          0.000  480
 236.133   13693811.764          0.000  480
 498.180   32582361.663          0.001  480
 768.122   40087409.137          0.001  512
 872.155   37721695.149          0.001  512
1150.498   43296587.529          0.001  634
1200.285   15763050.347          0.000  455
1200.285    7671074.879          0.000  455
1200.396   21675600.595          0.000  427
1200.396   13948858.669          0.000  427
1200.285   13501385.874          0.000  523
1200.285    5462547.403          0.000  523
1200.285   14316148.971          0.000  523
1200.353   20221675.742          0.000  527
1200.352    4872020.775          0.000  527
1200.436    9762946.343          0.000  464
1200.245          0.000          0.000  496
1200.327   17752393.720          0.000  530
1200.327   12750263.320          0.000  530
1200.363          0.000          0.000  499
1200.372   10246945.840          0.000  501
1200.372          0.000          0.000  501
1200.146    2616404.349          0.000  534
1200.146    6973002.714          0.000  534
1200.146   17843115.415          0.000  534
1200.448    7538614.088          0.000  536
1200.313   11618342.643          0.000  472
1032.620   28296172.924          0.001  573
 871.812   32754016.027          0.001  573
 416.361   17456032.451          0.000  573
 234.938   11984538.257          0.000  479
   0.000          0.000          0.000  511
   0.000          0.000          0.000  512
 123.852    6952456.317          0.000  512
 284.704   14846355.191          0.000  512
 516.768   23115425.178          0.000  512
1005.855   31013551.050          0.001  634
1200.475   11812992.899          0.000  518
1200.475          0.000          0.000  518
1200.343   15834832.673          0.000  550
1200.560    7695221.838          0.000  521
1200.560          0.000          0.000  521
1200.285   16394658.725          0.000  523
1200.284          0.000          0.000  523
1200.285    5321202.185          0.000  523
1200.462   20609090.842          0.000  586
1200.352    7675523.519          0.000  527
1200.352          0.000          0.000  527
1200.245    8035355.615          0.000  496
1200.327    8791821.046          0.000  530
1200.327          0.000          0.000  530
1200.261   16087528.303          0.000  563
1200.261   10215065.943          0.000  563
1200.372   10549021.589          0.000  501
1200.146          0.000          0.000  534
1200.133   21833651.315          0.000  595
1200.448          0.000          0.000  536
1200.448    4568794.440          0.000  536
1071.204   31924530.767          0.001  573
 501.454   15582863.089          0.000  573
 232.897    9957226.787          0.000  573
 161.966    7432746.801          0.000  573
  84.073    4125401.976          0.000  573
   0.000          0.000          0.000  543
   0.000          0.000          0.000  544
 152.386    9431296.458          0.000  544
 471.524   34824717.532          0.001  544
 765.796   26053123.857          0.000  634
 909.195   26518975.734          0.000  634
1200.476    9869487.486          0.000  518
1200.343          0.000          0.000  550
1200.343    7912404.198          0.000  550
1200.193    6303315.637          0.000  581
1200.560   10744320.755          0.000  521
1200.363    6777485.795          0.000  583
1200.285    6091338.338          0.000  523
1200.285    6687991.369          0.000  523
1200.462    8481406.883          0.000  586
1200.352    8471151.022          0.000  527
1200.390    8201005.401          0.000  588
1200.257    9088762.551          0.000  589
1200.327   12274038.541          0.000  530
1200.327   11635212.952          0.000  530
1200.261          0.000          0.000  563
1200.261    4482029.068          0.000  563
1200.097    6672892.156          0.000  593
1200.133    7678349.185          0.000  595
1200.448   12561682.330          0.000  536
1169.556   43874253.698          0.001  573
1047.280   30135849.212          0.001  573
 769.345   29312460.630          0.001  573
 424.933   16221710.881          0.000  573
 360.696   18732088.290          0.000  573
   0.000          0.000          0.000  573
   0.000          0.000          0.000  574
 383.352   21797324.496          0.000  574
 276.866   18169237.614          0.000  544
 254.268   11191299.743          0.000  634
 543.806   17252033.867          0.000  634
1028.862   29695726.386          0.001  634
1200.343    5802769.338          0.000  550
1200.193          0.000          0.000  581
1200.363    7274879.396          0.000  583
1200.363          0.000          0.000  583
1200.285   16688408.333          0.000  523
1200.285   14459711.533          0.000  523
1200.462          0.000          0.000  586
1200.352   16719852.063          0.000  527
1200.390          0.000          0.000  588
1200.257          0.000          0.000  589
1200.225          0.000          0.000  590
1200.262   13669995.640          0.000  563
1200.349   19723929.945          0.000  656
1200.097          0.000          0.000  593
1200.133    6501805.936          0.000  595
1200.133          0.000          0.000  595
1200.320    9697729.030          0.000  627
1134.734   33155189.387          0.001  695
 806.311   25791772.410          0.000  695
 512.778   16496148.494          0.000  695
 494.479   25874504.148          0.001  573
 143.718    7304368.031          0.000  573
   0.000          0.000          0.000  602
   0.000          0.000          0.000  603
 391.514   17409861.494          0.000  634
 110.957    5672840.094          0.000  634
 570.307   28815628.604          0.001  634
 647.221   26223818.797          0.000  634
 848.832   30606180.814          0.001  634
1095.442   35299184.908          0.001  634
1200.343   14756668.904          0.000  550
1200.193    8726574.811          0.000  581
1200.363   15099429.674          0.000  583
1200.363   11011522.827          0.000  583
1200.322   14826877.221          0.000  676
1200.462    7190483.463          0.000  586
1200.325   19242508.995          0.000  650
1200.325    8857515.406          0.000  650
1200.257   13674622.788          0.000  589
1200.257    5255463.457          0.000  589
1200.433   10656065.479          0.000  652
1200.329    8178553.063          0.000  654
1200.127          0.000          0.000  622
1200.348    8708385.171          0.000  656
1200.348    6922778.301          0.000  656
1200.133   12430158.992          0.000  595
1200.320    2425858.096          0.000  627
1200.320          0.000          0.000  627
1117.060   30052226.399          0.001  695
 665.555   16471769.888          0.000  695
 224.749    9068127.686          0.000  695
 505.065   21361158.767          0.000  695
 306.443   16799420.168          0.000  633
   0.000          0.000          0.000  633
   0.000          0.000          0.000  634
  63.445    3359618.732          0.000  634
 114.064    5769573.788          0.000  634
 211.214    9731713.720          0.000  634
 322.620   12805767.069          0.000  634
 831.274   22267293.023          0.000  634
1173.736   37237948.178          0.001  634
1200.162          0.000          0.000  641
1200.263          0.000          0.000  642
1200.263   10481252.281          0.000  642
1200.322   14171714.105          0.000  676
1200.322    3726972.773          0.000  676
1200.322    7595979.213          0.000  676
1200.543    8769686.609          0.000  648
1200.543          0.000          0.000  648
1200.324   11653762.524          0.000  650
1200.324          0.000          0.000  650
1200.257   15558666.479          0.000  589
1200.433          0.000          0.000  652
1200.329    5974813.512          0.000  654
1200.329          0.000          0.000  654
1200.348    8022148.504          0.000  656
1200.348          0.000          0.000  656
1200.348   18486771.982          0.000  656
1200.321    8318667.164          0.000  627
1200.320    9314818.940          0.000  627
1200.320    8930197.142          0.000  627
1069.137   24556935.066          0.000  695
 607.393   21179315.254          0.000  695
 144.206    6363088.737          0.000  695
 269.858   13486474.927          0.000  633
   0.000          0.000          0.000  665
   0.000          0.000          0.000  666
 222.932   12768105.833          0.000  696
 298.818   14211148.763          0.000  634
 647.560   29544605.879          0.001  634
 799.284   23108827.054          0.000  634
1056.308   32690744.076          0.001  634
1200.387   16386637.716          0.000  703
1200.271   16813224.311          0.000  642
1200.344          0.000          0.000  674
1200.322   12523329.223          0.000  676
1200.322          0.000          0.000  676
1200.322   11198917.465          0.000  676
1200.518   12701131.053          0.000  708
1200.312          0.000          0.000  679
1200.312   10198663.587          0.000  679
1200.413   17460206.911          0.000  712
1200.413    6526287.777          0.000  712
1200.433    9603979.653          0.000  652
1200.433    5334911.191          0.000  652
1200.329    6251333.001          0.000  654
1200.348   15886305.674          0.000  656
1200.348    8728834.482          0.000  656
1200.321   14211436.132          0.000  627
1200.321   19092914.411          0.000  627
1200.321   17531535.498          0.000  627
1177.170   32421254.969          0.001  695
 668.302   24239677.036          0.000  695
 158.210    7214211.919          0.000  695
  40.500    1978478.983          0.000  695
   0.000          0.000          0.000  695
   0.000          0.000          0.000  696
 192.989   10782783.872          0.000  696
 328.692   18321231.565          0.000  696
 619.825   26850007.260          0.000  757
 910.056   37998417.532          0.001  634
1112.457   39534863.215          0.001  757
1200.387    4494150.722          0.000  703
1200.387          0.000          0.000  703
1200.344    8223782.160          0.000  674
1200.164          0.000          0.000  705
1200.163    8529883.223          0.000  737
1200.518    5569950.329          0.000  708
1200.518          0.000          0.000  708
1200.312    6738205.961          0.000  679
1200.413   13877208.698          0.000  712
1200.413    6346105.390          0.000  712
1200.413          0.000          0.000  712
1200.433   12905120.587          0.000  652
1200.329   14251412.790          0.000  654
1200.341   20069696.209          0.000  775
1200.341   12134538.476          0.000  775
1200.341   10471424.238          0.000  775
1200.321   24103989.944          0.000  627
1200.394    9899238.792          0.000  748
1200.337   17651886.780          0.000  749
 941.305   26151922.855          0.000  695
 686.019   20098416.637          0.000  695
 231.189    9902306.229          0.000  695
 348.874   15722668.561          0.000  695
 301.843   16177665.115          0.000  695
   0.000          0.000          0.000  726
   0.000          0.000          0.000  727
 349.040   15010499.126          0.000  757
 330.934   15558609.464          0.000  757
 371.381   17585168.067          0.000  757
 633.857   31410411.785          0.001  757
1020.333   33811607.876          0.001  757
1200.332          0.000          0.000  733
1200.387   11179099.454          0.000  703
1200.316   13915772.900          0.000  765
1200.164    7686074.797          0.000  705
1200.163          0.000          0.000  737
1200.519   15667314.237          0.000  708
1200.519    5877201.337          0.000  708
1200.319          0.000          0.000  740
1200.413   16897265.596          0.000  712
1200.413    7655180.249          0.000  712
1200.314    7438784.245          0.000  772
1200.367   17967779.143          0.000  774
1200.366    8056713.898          0.000  774
1200.340    3311518.342          0.000  775
1200.341   19540303.499          0.000  775
1200.394          0.000          0.000  748
1200.337          0.000          0.000  749
1200.086          0.000          0.000  750
 945.250   28218975.014          0.001  695
 721.327   22684507.016          0.000  695
 648.891   26203668.188          0.001  695
 614.810   33895040.213          0.001  785
 116.447    5896421.528          0.000  785
   0.000          0.000          0.000  756
   0.000          0.000          0.000  757
  71.764    3851192.853          0.000  757
 147.407    7594192.540          0.000  757
 248.230   11725048.983          0.000  757
 366.552   14760390.910          0.000  757
 898.417   27682232.401          0.000  757
1200.332   14305850.653          0.000  733
1200.230          0.000          0.000  764
1200.316          0.000          0.000  765
1200.422    6491540.486          0.000  796
1200.422   15191630.543          0.000  796
1200.519   14755498.204          0.000  708
1200.319    8883905.966          0.000  740
1200.445   12213425.122          0.000  802
1200.245          0.000          0.000  771
1200.314          0.000          0.000  772
1200.366   10684174.303          0.000  774
1200.366          0.000          0.000  774
1200.340          0.000          0.000  775
1200.418    7594818.134          0.000  808
1200.394   11731390.278          0.000  748
1200.337   11253072.115          0.000  749
1200.086    9542827.103          0.000  750
1066.603   37847717.495          0.001  912
 904.265   31867978.738          0.001  912
 766.987   34228674.032          0.001  785
 499.254   24378242.406          0.000  785
 260.767   13435352.433          0.000  785
   0.000          0.000          0.000  785
   0.000          0.000          0.000  786
 174.555    9898174.096          0.000  786
 519.203   33670736.089          0.001  786
 467.575   18539864.823          0.000  757
 767.247   21820193.062          0.000  757
1015.968   29548275.822          0.001  757
1200.346   14088153.424          0.000  824
1200.346   11683497.797          0.000  824
1200.316    5816794.460          0.000  765
1200.422   15784480.553          0.000  796
1200.421          0.000          0.000  796
1200.422    7197822.796          0.000  796
1200.526          0.000          0.000  798
1200.372   10787737.061          0.000  863
1200.445   18098039.599          0.000  802
1200.445    7751317.540          0.000  802
1200.444          0.000          0.000  802
1200.445    6547227.646          0.000  802
1200.228   13052433.272          0.000  836
1200.366    9973322.753          0.000  774
1200.183   11508565.208          0.000  838
1200.418    7755496.965          0.000  808
1200.418          0.000          0.000  808
1200.418    9262776.020          0.000  808
1200.406    7275640.683          0.000  841
1141.297   34903106.818          0.001  912
 968.196   25581432.966          0.000  912
 622.120   19124010.873          0.000  912
 665.524   23273649.500          0.000  912
 370.039   17202129.014          0.000  785
 125.018    6140484.798          0.000  785
   0.000          0.000          0.000  817
   0.000          0.000          0.000  818
 441.423   27196891.554          0.000  786
 386.443   20610892.888          0.000  786
 435.030   18422387.858          0.000  880
 787.850   27537421.411          0.000  757
1138.032   32682651.188          0.001  757
1200.346          0.000          0.000  824
1200.346    3048075.662          0.000  824
1200.346    7347759.386          0.000  824
1200.328          0.000          0.000  827
1200.328    3681354.304          0.000  827
1200.422    6576037.293          0.000  796
1200.526    7483313.687          0.000  798
1200.372   13945445.972          0.000  863
1200.372    4519733.245          0.000  863
1200.445    8385790.205          0.000  802
1200.445   11543107.757          0.000  802
1200.227   10116118.362          0.000  836
1200.227          0.000          0.000  836
1200.183   22046448.004          0.000  838
1200.183          0.000          0.000  838
1200.418   11284674.422          0.000  808
1200.406    6905826.781          0.000  841
1200.406          0.000          0.000  841
1075.532   31169317.681          0.001  912
 823.456   22345310.204          0.000  912
 445.376   14902684.553          0.000  912
 269.665   11016212.484          0.000  912
 525.116   22014457.688          0.000  912
 179.678    9228676.061          0.000  817
   0.000          0.000          0.000  848
   0.000          0.000          0.000  849
 195.456   11167308.514          0.000  818
 394.408   24179923.434          0.000  818
 188.965    9376311.445          0.000  880
 627.939   21808019.217          0.000  880
1076.498   38873928.908          0.001  880
1193.353   44146830.588          0.001  757
1200.346    4850026.874          0.000  824
1200.304   17219205.065          0.000  887
1200.346   11955571.291          0.000  824
1200.329   14868047.744          0.000  827
1200.518    6555629.421          0.000  891
1200.426   11738092.471          0.000  926
1200.372    8406633.195          0.000  863
1200.372          0.000          0.000  863
1200.448   23336580.499          0.000  802
1200.275   17116890.209          0.000  930
1200.333    7540934.832          0.000  867
1200.333          0.000          0.000  867
1200.228   10531608.670          0.000  836
1200.261          0.000          0.000  869
1200.341   13394722.670          0.000  902
1200.341    7236799.612          0.000  902
1200.406   13556356.773          0.000  841
1200.407   14185169.154          0.000  841
1056.003   31662797.293          0.001  912
 955.980   37923105.894          0.001  912
 507.433   21846070.571          0.000  912
 128.276    5941838.088          0.000  912
 285.072   10309090.418          0.000  912
   0.000          0.000          0.000  879
   0.000          0.000          0.000  880
  86.409    4545462.382          0.000  880
 461.507   20730603.739          0.000  880
 405.364   16511460.436          0.000  880
 814.458   24789656.541          0.000  880
1176.307   41585774.819          0.001  880
1200.305   19652552.057          0.000  887
1200.304          0.000          0.000  887
1200.346   21854922.786          0.000  824
1200.522   12723781.236          0.000  923
1200.518    7360769.488          0.000  891
1200.518          0.000          0.000  891
1200.426   13768537.434          0.000  926
1200.426    5518212.736          0.000  926
1200.426   10133036.128          0.000  926
1200.372    6067243.207          0.000  863
1200.359   14270098.722          0.000  928
1200.275    7816452.707          0.000  930
1200.276   19843438.276          0.000  930
1200.363          0.000          0.000  899
1200.261    4872088.159          0.000  869
1200.341    4997153.233          0.000  902
1200.341          0.000          0.000  902
1200.341    5475884.973          0.000  902
1200.341   15520713.002          0.000  902
1195.195   34659927.498          0.001  912
1146.855   26767368.959          0.001  912
 767.509   17250818.936          0.000  912
 363.983   12278197.897          0.000  912
 141.732    6244287.733          0.000  912
  93.671    4394353.770          0.000  912
  53.282    2573579.021          0.000  912
   0.000          0.000          0.000  912
   0.000          0.000          0.000  913
  66.274    3707414.965          0.000  946
 220.396   12324905.007          0.000  946
 770.590   33839355.364          0.001  880
 979.290   34154926.093          0.001  880
1078.086   34329147.505          0.001 1005
1200.304   17830397.711          0.000  887
1200.304    7328451.215          0.000  887
1200.304    6104181.667          0.000  887
1200.347   30434894.570          0.001  824
1200.522          0.000          0.000  923
1200.518   17642854.880          0.000  891
1200.427   22149317.258          0.000  926
1200.426          0.000          0.000  926
1200.358    8617732.418          0.000  928
1200.358          0.000          0.000  928
1200.359    4759375.503          0.000  928
1200.275          0.000          0.000  930
1200.275    6640250.271          0.000  930
1200.326          0.000          0.000  932
1200.326    8974925.123          0.000  932
1200.261   14774421.513          0.000  869
1200.341   13733950.814          0.000  902
1200.342   15838137.881          0.000  902
1200.341   16067339.596          0.000  902
1195.678   38803222.550          0.001  912
1159.636   32081826.308          0.001  912
 794.158   20112278.201          0.000  912
 586.604   16412694.198          0.000  912
 393.560   15545823.718          0.000  912
 229.436   10099796.525          0.000  912
 198.370    9962141.713          0.000  945
   0.000          0.000          0.000  945
   0.000          0.000          0.000  946
 200.469   11188845.439          0.000  946
 524.003   25090695.523          0.000  946
 685.348   24549059.254          0.000 1005
1025.181   28069024.030          0.000 1005
1084.236   30831620.608          0.001 1005
1200.368   12471824.299          0.000 1012
1200.421   19760154.388          0.000 1014
1200.522   10508781.814          0.000  923
1200.427   20007319.513          0.000  926
1200.427    8663815.625          0.000  926
1200.426    3751739.452          0.000  926
1200.428   11930872.182          0.000  926
1200.271   10017442.436          0.000  990
1200.271   16799046.748          0.000  990
1200.275   11852269.737          0.000  930
1200.427   17637329.932          0.000 1085
1200.428   20013272.858          0.000 1085
1200.428   27402188.857          0.000 1085
1200.186          0.000          0.000  965
1200.187    8557834.482          0.000  965
1200.364   18350361.077          0.000 1029
1200.283          0.000          0.000  968
 975.630   33171723.725          0.001  912
 522.693   19419204.748          0.000  912
 473.888   23549618.373          0.000  945
 302.417   15380919.130          0.000  945
   0.000          0.000          0.000  973
   0.000          0.000          0.000  974
 200.243   11174132.983          0.000 1005
 485.394   26972286.742          0.000  946
 798.980   40328092.963          0.001 1005
 372.289   15096567.548          0.000 1005
 628.371   19073081.058          0.000 1005
1083.937   31196144.483          0.001 1005
1200.368    5966694.199          0.000 1012
1200.421   17427098.717          0.000 1014
1200.421    7075296.790          0.000 1014
1200.281    4584564.642          0.000 1015
1200.427   19340366.273          0.000  926
1200.426    9301461.826          0.000  926
1200.187    9341038.498          0.000  988
1200.187          0.000          0.000  988
1200.271    7146888.366          0.000  990
1200.271          0.000          0.000  990
1200.271    6824914.431          0.000  990
1200.357   10285777.415          0.000 1022
1200.427   11857300.266          0.000 1085
1200.427    9962340.581          0.000 1085
1200.428   18180249.032          0.000 1085
1200.479          0.000          0.000  996
1200.186    7482648.237          0.000  965
1200.364   17846333.798          0.000 1029
1200.364    5196133.630          0.000 1029
1172.513   41791022.588          0.001 1034
 875.668   31656335.870          0.001 1034
 577.847   34303688.013          0.001 1004
 234.022   12636568.670          0.000 1004
   0.000          0.000          0.000 1004
   0.000          0.000          0.000 1005
 144.629    7773742.129          0.000 1005
 298.318   15906043.020          0.000 1005
 528.194   23305703.377          0.000 1005
 232.035   10999186.273          0.000 1005
 520.221   17809302.691          0.000 1005
1177.570   40487770.593          0.001 1005
1200.368          0.000          0.000 1012
1200.421   10344982.922          0.000 1014
1200.421          0.000          0.000 1014
1200.281          0.000          0.000 1015
1200.427   27649916.559          0.000  926
1200.427   18154129.860          0.000  926
1200.368    8067072.584          0.000 1048
1200.271   18143577.585          0.000  990
1200.271   13205282.398          0.000  990
1200.357    9773016.029          0.000 1022
1200.357          0.000          0.000 1022
1200.428   21011572.325          0.000 1085
1200.427    4909432.523          0.000 1085
1200.427   14936555.600          0.000 1085
1200.479    7442328.779          0.000  996
1200.145          0.000          0.000 1027
1200.187   22267509.046          0.000  965
1200.364          0.000          0.000 1029
1054.526   30316050.695          0.001 1034
 609.244   18337018.346          0.000 1034
 286.175   11294159.936          0.000 1034
 114.406    5298207.112          0.000 1034
   0.000          0.000          0.000 1034
   0.000          0.000          0.000 1035
  38.557    2105398.185          0.000 1005
  97.205    5139684.221          0.000 1005
 128.485    6654209.832          0.000 1005
 505.785   19954061.572          0.000 1005
 933.876   26542693.163          0.000 1005
1200.141          0.000          0.000 1041
1200.141   11170065.337          0.000 1041
1200.285          0.000          0.000 1043
1200.421   12806977.104          0.000 1014
1200.362   15946530.429          0.000 1108
1200.362   10773121.182          0.000 1108
1200.368    8205599.436          0.000 1048
1200.368          0.000          0.000 1048
1200.331   25398498.612          0.000 1113
1200.158          0.000          0.000 1050
1200.357    6096050.228          0.000 1022
1200.427   13599559.475          0.000 1085
1200.427    2736263.444          0.000 1085
1200.427    5894383.203          0.000 1085
1200.193   12255970.730          0.000 1087
1200.287   16583647.852          0.000 1058
1200.287    8651741.751          0.000 1058
1200.287          0.000          0.000 1058
1200.364   16334806.119          0.000 1029
 896.776   30145453.857          0.001 1127
 681.285   23624732.219          0.000 1127
 697.357   30092948.257          0.001 1127
 617.995   27165937.973          0.001 1034
 311.202   20855100.396          0.000 1065
   0.000          0.000          0.000 1065
   0.000          0.000          0.000 1066
 310.937   18723149.907          0.000 1066
 308.767   14153002.393          0.000 1005
 361.587   15092766.600          0.000 1005
 932.691   32765547.768          0.001 1005
1200.318          0.000          0.000 1071
1200.141    8011741.688          0.000 1041
1200.141    4865934.383          0.000 1041
1200.245   19430740.957          0.000 1136
1200.321   20511568.982          0.000 1167
1200.362   26812230.323          0.000 1108
1200.362   17957931.563          0.000 1108
1200.362    5109632.929          0.000 1108
1200.368    7386626.599          0.000 1048
1200.330   12400237.088          0.000 1113
1200.330    7676179.116          0.000 1113
1200.357   14832837.393          0.000 1022
1200.331   10163940.174          0.000 1115
1200.427   10196977.791          0.000 1085
1200.427          0.000          0.000 1085
1200.435   23368158.197          0.000 1085
1200.193          0.000          0.000 1087
1200.272    9029997.662          0.000 1120
1200.214          0.000          0.000 1089
1025.855   34696629.546          0.001 1127
 780.941   25470349.838          0.000 1127
 318.097   13580782.981          0.000 1127
 428.113   21361904.364          0.000 1127
 101.815    5046563.128          0.000 1127
  51.024    2581384.869          0.000 1127
   0.000          0.000          0.000 1096
   0.000          0.000          0.000 1097
 320.443   19380306.672          0.000 1097
 563.674   28359901.863          0.001 1097
 739.284   25534492.168          0.000 1005
1050.285   37267981.161          0.001 1005
1200.319   12934912.590          0.000 1071
1200.141   11316828.585          0.000 1041
1200.245    4951289.158          0.000 1136
1200.212    9731404.516          0.000 1137
1200.321   11579366.028          0.000 1167
1200.362    5398296.001          0.000 1108
1200.362          0.000          0.000 1108
1200.487   11970195.265          0.000 1141
1200.330   20349912.655          0.000 1113
1200.330   11988586.765          0.000 1113
1200.330    4915190.971          0.000 1113
1200.329          0.000          0.000 1113
1200.332   12308729.354          0.000 1115
1200.331          0.000          0.000 1115
1200.427   15770211.182          0.000 1085
1200.130          0.000          0.000 1117
1200.284          0.000          0.000 1118
1200.271   10930174.784          0.000 1120
1200.271          0.000          0.000 1120
1200.214    7211670.598          0.000 1089
1145.219   40892009.591          0.001 1127
 767.863   22964529.465          0.000 1127
 396.032   14981723.603          0.000 1127
 159.781    7686216.506          0.000 1127
 356.488   20156615.159          0.000 1127
   0.000          0.000          0.000 1127
   0.000          0.000          0.000 1128
  86.386    4646493.268          0.000 1097
 565.772   27931317.788          0.001 1097
 747.254   29471096.758          0.001 1097
 677.177   24470483.576          0.000 1097
1100.398   39387792.141          0.001 1097
1200.116   13701546.808          0.000 1164
1200.141   22259180.015          0.000 1041
1200.245          0.000          0.000 1136
1200.212          0.000          0.000 1137
1200.321    6205991.925          0.000 1167
1200.362    8004737.646          0.000 1108
1200.184   11143175.313          0.000 1169
1200.487          0.000          0.000 1141
1200.278   11068432.442          0.000 1171
1200.330   16439815.751          0.000 1113
1200.330   12314223.460          0.000 1113
1200.331   12123560.407          0.000 1115
1200.147          0.000          0.000 1146
1200.130    9428868.105          0.000 1117
1200.284    8789431.205          0.000 1118
1200.271   18199819.585          0.000 1120
1200.271    7027137.090          0.000 1120
1200.399   15684179.074          0.000 1182
 998.161   29656496.587          0.001 1127
1100.966   43915376.340          0.001 1127
 619.772   25469314.099          0.000 1127
 266.280   12036659.031          0.000 1127
 272.661   13917622.390          0.000 1188
   0.000          0.000          0.000 1157
   0.000          0.000          0.000 1158
 121.193    6427945.380          0.000 1097
 232.537   11342193.376          0.000 1097
 503.088   18251868.500          0.000 1097
1056.441   35432219.154          0.001 1097
1200.298          0.000          0.000 1163
1200.114          0.000          0.000 1164
1200.245    7636477.809          0.000 1136
1200.321   10489505.313          0.000 1167
1200.321          0.000          0.000 1167
1200.362   24560759.898          0.000 1108
1200.184          0.000          0.000 1169
1200.279   11849518.649          0.000 1171
1200.278          0.000          0.000 1171
1200.214   11597788.436          0.000 1173
1200.214          0.000          0.000 1173
1200.234   15268554.507          0.000 1176
1200.233    4500527.523          0.000 1176
1200.233          0.000          0.000 1176
1200.203   12454023.408          0.000 1178
1200.203          0.000          0.000 1178
1200.343    9920095.537          0.000 1180
1200.343          0.000          0.000 1180
1200.399   12591533.464          0.000 1182
1200.399          0.000          0.000 1182
1176.616   37542978.655          0.001 1220
 934.995   33784008.403          0.001 1220
 688.546   24200681.151          0.000 1220
 598.414   23727735.745          0.000 1220
 197.070   10987865.403          0.000 1188
   0.000          0.000          0.000 1188
   0.000          0.000          0.000 1189
 166.227    9731592.319          0.000 1221
 536.748   27491583.429          0.000 1097
 588.952   30985659.510          0.001 1097
 598.693   22070290.579          0.000 1097
1084.376   49233933.873          0.001 1097
1105.591   33958378.873          0.001 1097
1200.298    7779287.113          0.000 1163
1200.240    7792524.459          0.000 1198
1200.240          0.000          0.000 1198
1200.123    9770552.127          0.000 1230
1200.222   22128985.451          0.000 1263
1200.221   14534229.758          0.000 1263
1200.185   12869402.303          0.000 1169
1200.184    6865273.970          0.000 1169
1200.278    6873080.860          0.000 1171
1200.214   13887371.033          0.000 1173
1200.214    9770008.737          0.000 1173
1200.234   12796363.453          0.000 1176
1200.283   10968035.865          0.000 1240
1200.203    6689934.029          0.000 1178
1200.121   14180205.652          0.000 1273
1200.343    7943136.263          0.000 1180
1200.399   14742396.920          0.000 1182
1200.399   14327231.330          0.000 1182
1200.596          0.000          0.000 1214
 798.819   21022099.505          0.000 1220
 486.255   15742961.481          0.000 1220
 219.219    9258432.794          0.000 1220
 355.842   12603045.298          0.000 1220
 361.577   18742146.907          0.000 1188
   0.000          0.000          0.000 1220
   0.000          0.000          0.000 1221
 123.141    6407431.638          0.000 1284
 606.411   34272538.544          0.001 1284
 734.099   25629414.973          0.000 1284
 989.658   32598798.876          0.001 1284
1200.334    7361123.613          0.000 1258
1200.300   24925897.092          0.000 1163
1200.240   16076706.001          0.000 1198
1200.240    8309218.597          0.000 1198
1200.123          0.000          0.000 1230
1200.222   11491120.718          0.000 1263
1200.221    6551255.476          0.000 1263
1200.204   10844703.756          0.000 1265
1200.184   19518926.593          0.000 1169
1200.166    8933841.580          0.000 1267
1200.372   11172655.207          0.000 1237
1200.372          0.000          0.000 1237
1200.372    8661076.896          0.000 1237
1200.372   14321151.548          0.000 1237
1200.282          0.000          0.000 1240
1200.301   19351385.907          0.000 1335
1200.121    6511760.498          0.000 1273
1200.343   20211980.776          0.000 1180
1200.290          0.000          0.000 1244
1200.293   23305761.660          0.000 1244
 862.068   35960949.864          0.001 1220
 699.275   29747957.845          0.001 1220
 542.920   32186330.317          0.001 1220
  87.565    4175679.398          0.000 1220
  47.485    2311636.961          0.000 1220
   0.000          0.000          0.000 1251
   0.000          0.000          0.000 1252
  58.818    3209855.699          0.000 1284
 343.541   21080632.871          0.000 1284
 247.468   11574354.781          0.000 1284
 612.600   20021442.334          0.000 1284
1087.345   34370399.913          0.001 1284
1200.334          0.000          0.000 1258
1200.423    9838242.113          0.000 1290
1181.980   45916790.322          0.001 1582
1111.302   34007243.982          0.001 1582
1200.221   13387108.015          0.000 1263
1200.221          0.000          0.000 1263
1200.483   22015823.808          0.000 1328
1200.203          0.000          0.000 1265
1200.166   12132840.181          0.000 1267
1200.166          0.000          0.000 1267
1200.372   14608076.232          0.000 1237
1200.372    6379598.644          0.000 1237
1200.372   20169311.248          0.000 1237
1200.283    7692239.109          0.000 1240
1200.301   10573561.961          0.000 1335
1200.121          0.000          0.000 1273
1200.289   12062115.961          0.000 1306
1200.290    4736516.035          0.000 1244
1200.290    9761661.954          0.000 1244
1128.846   35273841.702          0.001 1220
 688.689   20462280.822          0.000 1220
 299.416   12378567.464          0.000 1220
 215.567    9655798.698          0.000 1220
 168.496    7761190.987          0.000 1220
 284.990   14407470.754          0.000 1251
   0.000          0.000          0.000 1283
   0.000          0.000          0.000 1284
 175.497   10152845.882          0.000 1284
 637.178   27767605.132          0.000 1284
 622.064   25691635.861          0.000 1284
1036.545   30594190.887          0.001 1284
1161.166   42178282.162          0.001 1576
1200.423          0.000          0.000 1290
1102.081   32347066.134          0.001 1582
 966.864   27089448.518          0.000 1582
1103.863   39213659.726          0.001 1582
1098.109   34322350.692          0.001 1582
1200.483    9686303.812          0.000 1328
1200.204    8173361.759          0.000 1265
1183.275   34504482.295          0.001 1590
1200.412   25681412.355          0.000 1332
1200.412   13154818.657          0.000 1332
1200.412   11826957.165          0.000 1332
1200.337          0.000          0.000 1301
1200.301   10289916.790          0.000 1335
1200.301    3033897.005          0.000 1335
1200.132   20426600.058          0.000 1273
1200.289   13364165.379          0.000 1306
1200.289          0.000          0.000 1306
1200.289    6578464.852          0.000 1306
1200.290   19056959.797          0.000 1244
1106.025   33366619.770          0.001 1220
 745.271   26488303.635          0.001 1220
 341.738   13924056.359          0.000 1220
 398.930   19113687.441          0.000 1314
 169.323    8404470.834          0.000 1314
   0.000          0.000          0.000 1314
   0.000          0.000          0.000 1315
 261.867   14858585.100          0.000 1284
 448.597   22438857.583          0.000 1378
 376.156   16050294.882          0.000 1378
1035.109   39938298.224          0.001 1378
1154.312   40340485.320          0.001 1576
1039.888   31479037.097          0.001 1576
1007.835   40193675.849          0.001 1576
1045.734   34330104.072          0.001 1582
 650.654   20402862.479          0.000 1582
 842.526   25581131.415          0.000 1582
 682.699   21524116.096          0.000 1582
1161.189   45252091.585          0.001 1582
1200.482          0.000          0.000 1328
 980.509   26847048.981          0.000 1590
1106.422   28626138.406          0.001 1590
1136.995   35964725.665          0.001 1590
1200.412          0.000          0.000 1332
1117.917   42506436.948          0.001 1595
1200.338   13351025.134          0.000 1301
1200.300          0.000          0.000 1335
1192.316   39316579.155          0.001 1600
1200.289    7906930.987          0.000 1306
1200.417    7728544.968          0.000 1339
1200.417          0.000          0.000 1339
1200.417   11314669.854          0.000 1339
1200.417   27192635.239          0.001 1339
1031.213   37583780.819          0.001 1220
 519.908   18945404.977          0.000 1220
 378.290   17865708.218          0.000 1314
 154.905    7834199.487          0.000 1377
   0.000          0.000          0.000 1346
   0.000          0.000          0.000 1347
  93.788    5125696.181          0.000 1378
 489.828   24866530.098          0.000 1378
 628.535   27985489.548          0.001 1378
 963.759   33196323.546          0.001 1572
 919.968   35679927.374          0.001 1572
 843.906   25501039.800          0.000 1576
 825.744   32281442.313          0.001 1576
 788.682   25010614.996          0.000 1582
 782.743   28760468.212          0.001 1582
 485.147   17364325.503          0.000 1582
 760.129   24249485.026          0.000 1582
1083.885   39555695.139          0.001 1582
 966.456   25587499.849          0.000 1590
 996.475   32100887.201          0.001 1590
1008.530   30171378.641          0.001 1590
1129.221   39656882.293          0.001 1595
1006.634   28969637.448          0.001 1595
 940.014   30873274.702          0.001 1595
 956.796   27982917.355          0.001 1595
 976.871   27941255.767          0.001 1595
1157.643   39430688.934          0.001 1595
1152.359   31062547.519          0.001 1600
1200.170          0.000          0.000 1370
1098.624   33537139.162          0.001 1602
1125.291   33269594.625          0.001 1606
1078.837   38214139.904          0.001 1606
 811.903   39606940.589          0.001 1439
 478.550   18696906.158          0.000 1439
 520.689   29801328.076          0.001 1377
   0.000          0.000          0.000 1377
   0.000          0.000          0.000 1378
 224.249   11661536.156          0.000 1378
 171.707    9282342.884          0.000 1378
 330.698   16919270.727          0.000 1378
 646.075   27873039.245          0.001 1378
 803.741   33787249.890          0.001 1572
 482.643   17845720.465          0.000 1576
 542.123   21771404.396          0.000 1576
 539.331   22639637.660          0.000 1576
 345.077   14309766.535          0.000 1582
 248.417   11568038.497          0.000 1582
 563.764   19503455.191          0.000 1582
1087.477   57188938.544          0.001 1582
1016.257   35147409.079          0.001 1590
 472.619   14469318.533          0.000 1590
 716.321   21954975.246          0.000 1590
 716.064   19920871.872          0.000 1590
1025.921   41787714.747          0.001 1595
 558.849   17652574.942          0.000 1595
 529.688   16924585.540          0.000 1595
 797.511   22884948.382          0.000 1595
 970.237   22639413.649          0.000 1600
1094.775   37572575.310          0.001 1601
 920.471   31010257.056          0.001 1602
 960.754   28070165.925          0.001 1606
 707.778   19986603.814          0.000 1606
 890.458   28047395.834          0.001 1606
 599.410   21611876.597          0.000 1439
 192.727    9128851.020          0.000 1439
 213.609   10876536.497          0.000 1377
   0.000          0.000          0.000 1408
   0.000          0.000          0.000 1409
 396.985   24715991.963          0.000 1440
 254.682   13443566.188          0.000 1378
 722.397   31970232.634          0.001 1572
 423.184   18280322.397          0.000 1572
 727.909   31557016.594          0.001 1572
 669.971   35252979.895          0.001 1576
 279.956   13075380.451          0.000 1576
 622.553   34540927.944          0.001 1579
 205.079    9975702.276          0.000 1582
 427.410   18701851.220          0.000 1582
 833.869   49422973.013          0.001 1582
 670.810   30403296.132          0.001 1582
 955.916   32722993.745          0.001 1590
 289.248   11147851.045          0.000 1590
 326.364   12099308.203          0.000 1590
 831.275   38775104.229          0.001 1592
 628.173   23288916.193          0.000 1595
 263.840   11056259.812          0.000 1595
 362.754   13693988.965          0.000 1595
 703.829   22516975.901          0.000 1595
 682.181   18327564.339          0.000 1600
 917.777   27224883.847          0.001 1601
 861.167   30949075.453          0.001 1602
 712.787   22649736.920          0.000 1606
 431.692   14847219.015          0.000 1606
 954.739   45364025.655          0.001 1611
 788.890   36355825.481          0.001 1439
 424.078   19240013.354          0.000 1439
 100.577    4963537.671          0.000 1439
   0.000          0.000          0.000 1439
   0.000          0.000          0.000 1440
 162.163    8994419.496          0.000 1440
 411.396   23158260.956          0.000 1440
 477.388   18919439.755          0.000 1572
 263.198   12980794.326          0.000 1572
 427.923   18903613.063          0.000 1576
 253.964   12788403.681          0.000 1576
 431.818   24381230.112          0.000 1579
 558.841   24452651.570          0.000 1582
 132.373    6939420.866          0.000 1582
 580.252   27026027.066          0.000 1582
 672.965   30964810.661          0.001 1582
 721.497   34136599.875          0.001 1586
 439.589   16545984.173          0.000 1590
 172.230    8011230.434          0.000 1590
 487.498   22952641.696          0.000 1592
 434.478   21168751.869          0.000 1592
 333.480   14770654.347          0.000 1595
 193.841    8993828.354          0.000 1595
 497.479   17607012.964          0.000 1595
 340.300   12770012.562          0.000 1600
 447.162   16175700.783          0.000 1601
 348.679   13157690.593          0.000 1602
 342.813   12706051.526          0.000 1606
 281.629   11107533.995          0.000 1606
 602.344   23808297.217          0.000 1611
 435.370   18875409.512          0.000 1439
 436.511   21690698.190          0.000 1439
 240.159   11758496.350          0.000 1439
   0.000          0.000          0.000 1469
   0.000          0.000          0.000 1470
 247.184   13310127.693          0.000 1502
 429.828   24087862.394          0.000 1440
 367.698   21618522.418          0.000 1568
 303.724   15114404.144          0.000 1572
 129.306    7022294.514          0.000 1572
 480.375   22018232.930          0.000 1572
 516.229   33301346.856          0.001 1574
 156.859    8352288.287          0.000 1576
 524.467   27599254.118          0.001 1582
  88.448    4777733.885          0.000 1582
 242.333   11973904.801          0.000 1582
 392.356   19586638.021          0.000 1582
 369.892   19078207.853          0.000 1586
 472.543   20448905.795          0.000 1590
 115.836    5745238.167          0.000 1590
 233.308   12269283.611          0.000 1592
 532.342   28457591.151          0.001 1592
 221.099   10488027.427          0.000 1595
 106.488    5312146.644          0.000 1595
 522.397   20552449.767          0.000 1595
 634.488   32614069.843          0.001 1597
 202.100    8669129.191          0.000 1600
 463.109   18468698.107          0.000 1601
 221.799    9443568.272          0.000 1602
 649.492   35508919.585          0.001 1606
 150.302    6826042.648          0.000 1606
 775.159   35012479.588          0.001 1606
 290.545   13544368.506          0.000 1611
 356.843   17329541.257          0.000 1611
 268.532   13237701.400          0.000 1535
   0.000          0.000          0.000 1501
   0.000          0.000          0.000 1502
 342.864   18683433.235          0.000 1502
 168.408    9306081.054          0.000 1568
 550.177   29417910.519          0.001 1570
  74.879    4111565.743          0.000 1572
 457.771   22506043.513          0.000 1572
 315.805   17552190.107          0.000 1574
 292.823   17306587.295          0.000 1574
  66.444    3655036.734          0.000 1576
 209.680   11876204.435          0.000 1579
 325.706   14634790.873          0.000 1582
  59.352    3247730.096          0.000 1582
 126.006    6744873.493          0.000 1582
 210.132   11046371.553          0.000 1582
 293.392   15092768.851          0.000 1582
 351.707   20406427.037          0.000 1586
 249.762   13265543.352          0.000 1586
  77.710    3974625.343          0.000 1590
 477.091   25604657.316          0.000 1592
 105.573    5676800.221          0.000 1592
 341.296   16922150.584          0.000 1595
  56.934    2945074.318          0.000 1595
 430.007   23121886.810          0.000 1597
 368.213   18695678.577          0.000 1597
 106.850    5056115.109          0.000 1600
 181.549    8282114.325          0.000 1601
 353.720   17320203.185          0.000 1602
  81.241    3877061.001          0.000 1606
 405.446   19822382.856          0.000 1608
 291.574   13974258.208          0.000 1610
 123.377    5967529.677          0.000 1611
 236.570   11402904.897          0.000 1611
 328.175   15964201.291          0.000 1614
   0.000          0.000          0.000 1535
   0.000          0.000          0.000 1536
 373.299   20301124.133          0.000 1502
 257.584   13756169.461          0.000 1570
 185.595   10220706.831          0.000 1570
 275.433   15287746.717          0.000 1574
 143.768    8189824.186          0.000 1574
 283.153   16715377.387          0.000 1578
 119.883    6707671.004          0.000 1579
 253.270   14244852.117          0.000 1579
  42.176    2318114.528          0.000 1582
 288.282   15794727.757          0.000 1582
 157.055    8390785.392          0.000 1586
 124.162    6691044.317          0.000 1586
  47.873    2496635.839          0.000 1590
 263.722   14887491.816          0.000 1591
  68.959    3694859.281          0.000 1592
 290.304   15415279.881          0.000 1595
 218.398   11420222.556          0.000 1597
 105.931    5568401.275          0.000 1597
  63.880    3097701.737          0.000 1600
  96.317    4610080.207          0.000 1601
  91.083    4244898.359          0.000 1602
 185.718    9494639.048          0.000 1604
 147.735    7282297.089          0.000 1608
 125.018    6144318.537          0.000 1610
 298.104   15550401.243          0.000 1611
 446.409   20146655.488          0.000 1611
 176.039    8563045.186          0.000 1614
   0.000          0.000          0.000 1564
   0.000          0.000          0.000 1565
   0.000          0.000          0.000 1566
   0.000          0.000          0.000 1567
   0.000          0.000          0.000 1568
   0.000          0.000          0.000 1569
   0.000          0.000          0.000 1570
   0.000          0.000          0.000 1571
   0.000          0.000          0.000 1572
   0.000          0.000          0.000 1573
   0.000          0.000          0.000 1574
   0.000          0.000          0.000 1575
   0.000          0.000          0.000 1576
   0.000          0.000          0.000 1577
   0.000          0.000          0.000 1578
   0.000          0.000          0.000 1579
   0.000          0.000          0.000 1580
   0.000          0.000          0.000 1581
   0.000          0.000          0.000 1582
   0.000          0.000          0.000 1583
   0.000          0.000          0.000 1584
   0.000          0.000          0.000 1585
   0.000          0.000          0.000 1586
   0.000          0.000          0.000 1587
   0.000          0.000          0.000 1588
   0.000          0.000          0.000 1589
   0.000          0.000          0.000 1590
   0.000          0.000          0.000 1591
   0.000          0.000          0.000 1592
   0.000          0.000          0.000 1593
   0.000          0.000          0.000 1594
   0.000          0.000          0.000 1595
   0.000          0.000          0.000 1596
   0.000          0.000          0.000 1597
   0.000          0.000          0.000 1598
   0.000          0.000          0.000 1599
   0.000          0.000          0.000 1600
   0.000          0.000          0.000 1601
   0.000          0.000          0.000 1602
   0.000          0.000          0.000 1603
   0.000          0.000          0.000 1604
   0.000          0.000          0.000 1605
   0.000          0.000          0.000 1606
   0.000          0.000          0.000 1607
   0.000          0.000          0.000 1608
   0.000          0.000          0.000 1609
   0.000          0.000          0.000 1610
   0.000          0.000          0.000 1611
   0.000          0.000          0.000 1612
   0.000          0.000          0.000 1613
   0.000          0.000          0.000 1614
   0.000          0.000          0.000 1615
 140.929    6189793.136          0.000   29
 463.641   24541215.318          0.000   11
 331.235   12653725.803          0.000   13
 652.494   32255871.763          0.001   45
 311.281   12919295.791          0.000   42
 700.145   27794354.562          0.001   21
 703.169   20354909.914          0.000   26
1145.889   44545448.736          0.001  296
1200.272    4000488.838          0.000  309
1200.344    3879219.825          0.000  364
1200.395    5176181.483          0.000  427
 841.862   30055974.684          0.001  418
1200.327    6708784.089          0.000  530
1200.261    6064107.503          0.000  563
1200.133    3535064.252          0.000  595
 152.974    7530442.562          0.000  634
 832.802   31026560.948          0.001  634
1200.320    5357263.673          0.000  627
1200.316    5031327.139          0.000  765
1200.413    6927582.604          0.000  712
1200.394    7415209.241          0.000  748
1200.183    5118954.493          0.000  838
 552.505   20096331.759          0.000  912
1200.427    7898336.047          0.000 1085
1200.245   10486240.039          0.000 1136
1200.158    7757579.995          0.000 1050
1200.330    6242737.855          0.000 1113
1200.331    9392487.526          0.000 1115
1200.399    6500669.687          0.000 1182
1200.298   13794299.972          0.000 1163
 826.751   23759620.869          0.000 1582
1200.166    7612528.284          0.000 1267
1200.412    5264697.761          0.000 1332
 463.759   22115440.252          0.000 1378
 802.377   27332444.047          0.001 1600
 747.544   30501910.044          0.001 1602
 487.792   21996885.652          0.000 1600
 412.364   15582463.329          0.000 1606
  58.685    3155174.264          0.000    7
 223.157   14216604.059          0.000   21
  20.991    1129611.716          0.000   21
  38.384    2063121.054          0.000   26
 331.159   18315291.672          0.000   32
  35.785    1813849.475          0.000   42
  65.358    3404244.036          0.000   42
  43.331    2164613.411          0.000   44
  61.462    3262214.894          0.000    5
  35.058    1865237.807          0.000   13
 121.051    6543323.889          0.000   15
  51.114    2731733.193          0.000   17
  43.561    2285062.165          0.000   26
  71.979    3743781.258          0.000   29
 145.511    7781443.444          0.000   31
  34.858    1798961.799          0.000   33
 148.582    7872804.058          0.000   40
  86.385    4514728.740          0.000  139
  95.183    5005190.208          0.000  139
 102.023    5659045.302          0.000  169
  47.779    2512576.402          0.000  231
 163.610    8976444.398          0.000  231
  86.267    4366181.911          0.000  296
 177.588    9576686.578          0.000  263
  43.409    2039023.948          0.000  296
 138.779    6956573.895          0.000  326
  42.423    2293224.362          0.000  327
 133.653    7337931.478          0.000  327
  29.998    1492640.878          0.000  387
 157.166    9206384.256          0.000  418
 163.597    8187977.680          0.000  417
  33.230    1814804.552          0.000  418
 100.862    5631761.433          0.000  480
  63.675    3591027.838          0.000  512
  37.531    1882889.005          0.000  573
  70.829    4170081.868          0.000  544
 151.932    8285205.504          0.000  574
 242.830   15212790.822          0.000  603
 136.020    7008713.045          0.000  633
  32.904    1770496.116          0.000  634
  93.059    5163275.004          0.000  696
 228.028   16313605.857          0.000  696
  35.987    1964118.930          0.000  757
  79.484    4446833.313          0.000  786
 174.577    9794968.923          0.000  786
  96.168    4850754.944          0.000  817
 219.438   12849003.619          0.000  912
  42.036    2256174.794          0.000  880
  25.699    1266260.927          0.000  912
  87.526    4348191.735          0.000  945
 135.039    6666151.925          0.000  945
 119.516    6277351.601          0.000 1004
  51.772    2524273.294          0.000 1034
 136.629    7787271.613          0.000 1065
 119.460    6695126.877          0.000 1066
 148.481    8557555.831          0.000 1097
 142.480    7296439.118          0.000 1127
  39.952    2189355.808          0.000 1097
 131.085    6551016.677          0.000 1188
  95.246    5120258.776          0.000 1188
  81.527    4597287.354          0.000 1284
  83.247    4113928.978          0.000 1314
 120.395    6645653.591          0.000 1284
  42.900    2362494.952          0.000 1378
 113.526    6122859.615          0.000 1378
 158.747    9007090.871          0.000 1440
  46.119    2282407.704          0.000 1439
  74.115    4081588.915          0.000 1440
 129.134    6314377.853          0.000 1439
 113.525    6114607.593          0.000 1502
 146.196    7894914.861          0.000 1502
  84.359    4619054.440          0.000 1568
  37.518    2066370.262          0.000 1572
  31.630    1753228.885          0.000 1576
  57.522    3103578.484          0.000 1582
 139.233    7594085.540          0.000 1586
  29.263    1530581.563          0.000 1595
  40.875    1982508.118          0.000 1606
  58.874    2845081.388          0.000 1611
 144.470    7000878.858          0.000 1614
 148.265    7953761.210          0.000 1502
 100.903    5434582.551          0.000 1570
  78.818    4311135.552          0.000 1574
  54.367    2993427.593          0.000 1579
  21.177    1169490.081          0.000 1582
 126.302    6812071.185          0.000 1582
  75.108    4018266.465          0.000 1586
  60.854    3273326.438          0.000 1586
  23.658    1250850.030          0.000 1590
 150.633    7916782.632          0.000 1595
  48.231    2306399.995          0.000 1602
 145.289    7378586.926          0.000 1611
 214.922   16468626.225          0.000 1611
 137.784    7676857.735          0.000   15
 144.937    7258548.829          0.000  326
 137.211    7529577.439          0.000  418
 127.623    6267897.546          0.000  633
  25.309    1287267.285          0.000 1127
 164.339    8244573.680          0.000 1188
  28.912    1598107.336          0.000 1284
 610.948   35504808.457          0.001   42
 492.411   22755433.932          0.000    5
 687.881   36875734.678          0.001   17
 375.318   12412102.216          0.000   33
 643.201   25850415.232          0.001   45
 533.426   18317186.555          0.000   13
1092.863   38956090.509          0.001   45
 793.830   29651108.307          0.001   45
 736.712   19516439.480          0.000   13
 894.060   30214429.453          0.001   11
1200.401   15157721.681          0.000  273
1200.212   11259590.445          0.000  373
1200.316   15980102.878          0.000  381
1200.348   24892775.929          0.000  364
1200.285   14311015.329          0.000  455
1200.313   16540994.253          0.000  472
1200.285   23182148.788          0.000  455
 521.647   27582324.914          0.001  573
1200.343   23980934.069          0.000  550
1064.801   40011319.464          0.001  695
 557.221   24515894.257          0.000  695
1200.344   24285801.092          0.000  674
 675.253   21256025.240          0.000  757
1200.421   23277704.381          0.000  712
1200.361   43699338.393          0.001  775
1052.544   33106242.279          0.001  912
1200.245   13948536.473          0.000  771
1200.438   26118925.330          0.000  808
1200.372   21981086.526          0.000  863
1200.445   26097840.953          0.000  802
1200.349   19008827.398          0.000  824
1200.346   24308840.471          0.000  824
1200.363   21906882.129          0.000  899
1200.341   17673809.262          0.000  902
1196.325   50606546.325          0.001 1005
1200.368   18846824.651          0.000 1012
1200.428   24678824.215          0.000 1085
1200.428   27530579.351          0.000 1085
1143.611   43704227.306          0.001 1127
 500.466   18927701.405          0.000 1005
 203.970   10671719.074          0.000 1097
1200.130    5802058.036          0.000 1117
1200.272   15291685.920          0.000 1120
1200.272   17847948.196          0.000 1120
1200.321   21023986.462          0.000 1167
1200.184   25887696.609          0.000 1169
1200.222   32862379.801          0.001 1263
1123.440   38834176.344          0.001 1220
1200.283   16061889.330          0.000 1240
1200.301   36493742.472          0.001 1335
1200.290   16238844.514          0.000 1244
 512.544   32702067.316          0.001 1220
1173.159   44492045.099          0.001 1582
1200.121   21113168.368          0.000 1273
 319.418   18833205.004          0.000 1284
1200.301   18586336.169          0.000 1335
1200.301   21327562.873          0.000 1335
 620.673   26688227.360          0.001 1220
 980.703   46296930.085          0.001 1378
 905.947   27147847.955          0.000 1576
 456.273   17496139.307          0.000 1590
 569.144   19907033.455          0.000 1600
 700.647   21927076.616          0.000 1606
 404.186   20643611.371          0.000 1586
 376.050   18874783.624          0.000 1592
 586.996   30339201.767          0.001 1590
 470.633   29279680.951          0.001 1600
 627.723   34027483.028          0.001 1439
 217.523   10195100.763          0.000 1600
1200.394    5571552.189          0.000  748
1200.285    6161180.441          0.000  455
1200.222   22628456.154          0.000 1263
1200.283    6737780.982          0.000 1240
1200.301   26975201.739          0.000 1335
1200.301   10253314.289          0.000 1335
1200.301   11045435.966          0.000 1335
 397.715   16578367.021          0.000   17
 679.705   29668594.320          0.001   33
 468.260   16155857.466          0.000   13
1200.401    5445533.342          0.000  273
1200.211    5073267.333          0.000  373
1200.313    5633712.849          0.000  472
 520.814   25742120.821          0.001  573
 821.566   28791792.089          0.001  695
 450.893   18232456.681          0.000  695
1200.344   14776323.409          0.000  674
1200.341   28187465.632          0.001  775
1200.086   12332513.106          0.000  750
1200.245    5357992.583          0.000  771
1200.445   17358215.804          0.000  802
1200.363    6799467.073          0.000  899
1165.419   36436065.580          0.001 1005
1169.727   42988315.960          0.001 1034
1200.271    6954887.529          0.000 1120
1200.272    6568401.013          0.000 1120
1200.184    6494948.667          0.000 1169
1156.590   36846780.765          0.001 1220
1200.290    5604220.133          0.000 1244
1177.271   47221966.212          0.001 1582
1200.121    5015294.305          0.000 1273
1141.038   40301403.370          0.001 1582
 430.916   18983703.934          0.000 1590
 454.442   22103352.195          0.000 1590
1200.285    3753106.231          0.000  455
 533.353   23576039.653          0.000 1600
1200.301    6959464.194          0.000 1335
1200.301    6558639.498          0.000 1335
 360.449   17624704.055          0.000   49
  78.630    3848143.288          0.000   49
1200.372   11287867.446          0.000  863
 224.420   11029610.773          0.000   13
 183.161    9220507.220          0.000   21
 253.366   11659258.069          0.000   21
 143.443    7047352.675          0.000  231
  96.356    4694295.404          0.000  387
 161.127    7875957.093          0.000 1439
 643.889   21080223.365          0.000 1005
1200.289   17024086.140          0.000 1306
1200.312   14465816.067          0.000  679
 133.757    7261614.000          0.000   21
 179.902    9655743.036          0.000    7
 180.447    9968349.612          0.000 1574
 100.846    4940385.017          0.000   44
 137.615    7756094.689          0.000  946
  64.986    3507163.231          0.000 1005
 252.419   12073491.963          0.000  634
 179.898    8348472.687          0.000  695
 148.020    6646539.341          0.000 1602
 273.301   14059431.472          0.000 1377
 189.022    9099587.350          0.000 1611
 389.349   25817589.536          0.000 1221
 128.940    6433632.349          0.000 1595
 439.341   24972126.364          0.001 1604
  91.504    4245676.305          0.000  695
  97.726    4629341.478          0.000  695
 271.581   15201107.503          0.000 1440
 158.999    8487810.058          0.000 1572
  95.983    5238451.461          0.000 1576
 222.371   11749063.042          0.000   11
 460.603   28909640.555          0.001   15
 144.204    6998206.643          0.000  387
 166.169    8540806.356          0.000  418
 326.962   15175089.635          0.000 1601
 256.637   13580464.767          0.000 1586
 196.453   10351994.074          0.000    5
 176.942    9031422.919          0.000   17
 335.370   16534113.708          0.000  138
 282.547   14653344.310          0.000    5
 416.575   23167829.661          0.000  138
 112.566    5892195.053          0.000  418
 215.017   10763648.793          0.000  448
 290.281   14933504.947          0.000  573
 233.352   11282788.145          0.000  785
 341.611   18813773.748          0.000  817
 199.885   10349787.431          0.000   26
 216.705   11102699.652          0.000   29
 224.929   12254864.933          0.000   42
 316.883   16962114.442          0.000  296
 135.223    6958166.966          0.000  327
 187.040   10287626.744          0.000  512
 107.184    5651812.546          0.000  757
 133.784    6873701.165          0.000  880
 312.501   15743378.938          0.000  945
 306.578   17096144.142          0.000  946
 181.939    9468827.466          0.000 1378
 243.010   12247192.567          0.000 1582
 185.296    9929771.918          0.000 1592
 131.737    7161639.096          0.000 1378
 234.289   11466196.554          0.000  168
 124.837    5871431.002          0.000 1220
 141.323    6985115.374          0.000   26
 159.546    7751641.876          0.000  634
 331.702   19839163.440          0.000  786
 156.574    7151437.862          0.000  912
 185.798    8087042.586          0.000 1034
 354.602   21876849.641          0.000 1188
 143.626    6518599.272          0.000 1220
 199.158    9714497.828          0.000  634
 222.962   10586228.097          0.000   37
 329.097   15957390.768          0.000   45
 188.407    7905237.842          0.000   29
 375.417   21065559.156          0.000  263
 174.871    8951437.839          0.000 1097
 291.715   14580310.758          0.000 1284
 179.281    8938941.354          0.000 1284
 313.525   17838546.090          0.000 1579
 214.512   10288423.494          0.000 1590
 214.852    9979231.609          0.000  387
 131.685    6301473.082          0.000  387
 446.531   22736611.800          0.000  387
 273.954   13037158.272          0.000 1439
 153.771    8085229.451          0.000 1576
 482.358   24095616.096          0.000 1611
 324.734   17550244.131          0.000   42
 187.038    8889291.676          0.000  231
 521.374   25613682.124          0.001 1127
 456.345   28442418.532          0.001  169
 366.384   20461027.792          0.000 1004
 214.934    9984727.968          0.000 1127
 176.154    8879199.736          0.000 1582
 352.466   16989774.148          0.000 1582
 276.341   12872885.357          0.000 1439
 347.562   16569451.022          0.000   13
 570.610   27397246.823          0.001  573
 200.208    9375074.270          0.000  634
 402.085   20360163.479          0.000  634
 167.863    7909950.221          0.000 1595
 290.988   15127152.914          0.000 1592
 248.557   11060678.992          0.000 1595
 147.730    7143033.044          0.000 1595
 201.471    8264580.355          0.000  912
 194.393   10205044.450          0.000 1572
 337.349   16538344.052          0.000   29
 184.180    8222922.635          0.000  912
 238.483   11988026.073          0.000   11
 418.094   21942123.969          0.000  785
 156.163    7591804.888          0.000   21
 317.558   17261210.372          0.000  946
 280.988   12760566.469          0.000 1005
 173.064    8724966.501          0.000 1005
 447.768   21594539.130          0.000 1005
 222.114   10702436.058          0.000 1005
 204.213   10321464.115          0.000 1576
 290.295   12062667.283          0.000 1601
 409.883   18423725.761          0.000   45
 150.164    7688195.600          0.000 1005
 224.695   11799211.619          0.000 1005
 277.026   13682663.048          0.000 1005
 188.757    9444210.185          0.000  757
 272.915   12328149.707          0.000 1439
 579.717   27645344.833          0.001 1610
 277.965   14710974.202          0.000 1570
 173.216    8656166.323          0.000 1005
 139.239    7171054.031          0.000 1005
 268.500   11535034.578          0.000   33
 405.688   18301758.203          0.000  387
 211.978   10109215.305          0.000  418
 317.579   13922644.519          0.000  418
 482.689   23465918.444          0.000  418
 490.221   25897630.832          0.000 1005
 409.916   17576360.129          0.000 1127
 539.082   22954686.365          0.000 1606
 487.059   21231024.828          0.000   33
 201.398   10111134.167          0.000 1005
 365.353   14058359.184          0.000  912
 252.818   11899852.159          0.000  880
 541.163   26240081.147          0.001 1610
 348.120   15246001.378          0.000   26
 453.483   21109877.634          0.000  634
 503.413   24699487.933          0.000 1378
 501.438   19552399.313          0.000  296
 260.339   10009851.969          0.000  912
 284.471   13898225.260          0.000 1572
 275.751   11047870.180          0.000 1600
 254.542   11615032.143          0.000   13
 288.865   12899981.856          0.000   21
 361.561   16473523.171          0.000   11
 254.324   11821419.108          0.000  327
 265.620   12096589.168          0.000 1582
 310.460   14322931.221          0.000 1582
 187.524    9163695.898          0.000   13
 190.484    8990765.176          0.000   21
 320.541   14015696.695          0.000  327
 252.161   10668437.551          0.000  387
 378.234   14851654.093          0.000  387
 331.730   15200414.904          0.000  757
 510.244   24480082.539          0.000 1582
 250.748   12451267.063          0.000  757
 286.047   13097033.276          0.000  757
 379.790   15557048.662          0.000   37
 538.170   30744780.372          0.001  946
 448.607   16677891.723          0.000 1220
 316.649   12095246.977          0.000 1220
 321.717   15093258.549          0.000  168
 307.873   12932319.393          0.000  418
 297.623   11026509.712          0.000  695
 344.941   13123759.491          0.000  695
 388.104   15788738.398          0.000  880
 397.871   16399331.354          0.000 1439
 280.243   12158073.946          0.000   37
 403.962   14820390.506          0.000  695
 321.833   14270307.631          0.000 1097
 492.283   21388357.681          0.000 1572
 370.035   17239350.802          0.000 1576
 579.317   27630635.415          0.000 1097
 525.751   19293706.165          0.000   42
 368.043   15074273.628          0.000 1284
 479.021   22446359.623          0.000 1378
 329.690   12785315.159          0.000 1595
 492.681   22862741.307          0.000  231
 393.436   14689349.842          0.000  231
 555.845   22093213.907          0.000  327
 694.045   29153762.724          0.001  573
 584.220   26251983.063          0.000  757
 320.901   13526391.872          0.000 1005
 406.442   14396026.195          0.000 1034
 391.726   15555804.431          0.000 1582
 537.357   18699802.595          0.000 1600
 381.911   12749152.788          0.000  296
 456.873   15282540.624          0.000  296
 334.144   12556412.205          0.000  573
 628.577   25596347.555          0.000  634
 472.725   17572707.839          0.000  573
 541.063   18461824.825          0.000  912
 442.476   17177957.914          0.000 1127
 368.412   15018621.322          0.000 1582
 333.035   13324811.189          0.000  634
 427.721   14953660.491          0.000  912
 454.193   17100119.223          0.000   33
 733.080   35685993.973          0.001   44
 442.282   16063952.111          0.000  387
 458.501   16048370.818          0.000 1220
 648.214   27837632.222          0.000 1582
 612.367   22029924.953          0.000  387
 450.635   13664936.436          0.000  695
 422.007   21855993.542          0.000 1582
 270.347   12172489.172          0.000 1582
 513.908   16122620.284          0.000   13
 497.155   16495133.912          0.000  695
 627.083   21906434.478          0.000  912
 558.832   17625594.561          0.000 1590
 573.234   19214051.213          0.000   42
 359.107   14246245.506          0.000   37
 589.605   20168415.570          0.000  880
 655.162   23547382.000          0.000  880
 595.949   21015732.681          0.000 1005
 331.696   17892749.860          0.000  573
 653.470   25519151.337          0.000   26
 760.417   28688294.628          0.001  231
 457.589   16296163.977          0.000 1005
 575.662   19708434.204          0.000 1582
 617.841   23487633.051          0.000 1572
 510.886   18166117.801          0.000  327
 771.291   38310261.737          0.001  757
 534.912   17527711.893          0.000 1595
 636.082   20406315.022          0.000 1601
 359.442   15758284.055          0.000   21
 558.149   17215994.834          0.000  634
 545.131   17569012.515          0.000  634
 571.363   18907287.722          0.000  757
 559.627   18648874.251          0.000 1127
 492.149   15547918.602          0.000 1590
 483.919   22229002.146          0.000  757
 539.194   14777476.640          0.000   29
 603.856   21255596.647          0.000 1127
 715.273   28334304.274          0.001 1590
 754.610   27698070.975          0.001 1606
 671.728   23968096.485          0.000   37
 489.248   17404132.206          0.000 1582
 365.871   12095435.407          0.000   29
 482.558   17107032.136          0.000 1606
 771.463   26487457.467          0.001  912
 787.680   27158365.154          0.001 1220
 783.192   27645224.694          0.001 1220
 694.582   27931424.094          0.001   26
 605.527   17536919.753          0.000  387
 606.749   17887413.127          0.000  912
 859.129   37514708.102          0.001 1127
 779.687   28391664.965          0.001 1378
 713.457   21774301.449          0.000 1005
 813.218   27307018.258          0.000 1005
 741.799   22862111.469          0.000 1097
 804.214   28058602.890          0.000 1097
 741.131   20475967.446          0.000 1590
 713.179   19216448.717          0.000 1590
 560.518   21525759.178          0.000 1378
 725.878   22761438.852          0.000  327
 714.138   22676661.391          0.000  327
 758.091   21948924.771          0.000 1595
 668.673   21843142.676          0.000 1595
 717.760   21764503.958          0.000   21
 762.687   23618928.951          0.000   42
 712.933   19474852.113          0.000   21
 807.975   24006419.673          0.000  757
 445.299   15924192.367          0.000 1595
 796.827   21802882.265          0.000   21
 756.727   20104534.952          0.000  573
 801.924   22084257.938          0.000  573
 784.100   21298697.901          0.000  573
 857.305   28846081.319          0.001  880
 870.782   28006362.644          0.001 1595
 824.619   26891025.819          0.000 1582
 879.321   27685145.443          0.001 1601
 808.695   27089196.058          0.001   33
 764.459   21809043.649          0.000   29
 784.409   22703492.894          0.000  231
 890.281   35443185.389          0.001  387
 825.899   22452736.467          0.000  387
 793.958   22560752.195          0.000  634
 861.067   26585057.044          0.000 1005
 949.889   49309744.498          0.001 1005
 839.361   23396859.084          0.000 1034
 743.656   32768584.790          0.001 1005
 912.312   35917206.009          0.001 1097
 853.008   25746911.147          0.000 1284
 828.801   24778302.683          0.000 1284
 893.805   26919554.902          0.000 1582
 829.587   30500108.158          0.001 1595
 761.250   23286875.473          0.000 1602
 429.127   16259838.591          0.000   44
 595.896   23814019.146          0.000   37
 854.641   32142590.902          0.001   29
 798.590   23934922.787          0.000  634
 902.396   28224595.760          0.000  757
 868.523   24106820.272          0.000 1005
 879.204   24752277.803          0.000 1005
 908.705   25918031.416          0.000 1220
 902.139   25784038.178          0.000 1220
 916.593   25058753.078          0.000 1606
 956.742   31967508.490          0.001  296
 879.657   36399480.993          0.001 1220
 532.382   17384702.715          0.000 1602
 602.038   21015863.954          0.000 1602
 926.708   26523389.406          0.000   26
 940.852   25445657.154          0.000   21
 954.798   30320228.307          0.001 1582
 856.813   21514272.186          0.000 1590
 933.184   26158976.960          0.000 1590
 929.770   30013049.530          0.001   42
 926.254   23270028.156          0.000   33
 928.154   23754938.835          0.000  695
 918.529   22912149.071          0.000  695
 663.355   17767603.343          0.000 1590
 610.014   17426214.474          0.000 1590
 985.936   27943295.703          0.001   21
 915.889   21484800.362          0.000   29
 833.404   24262912.408          0.000  418
 958.797   26716602.650          0.000  757
 953.807   30201160.971          0.001 1595
 963.220   26899388.581          0.001  296
 992.244   28711379.610          0.001   13
 999.390   31805794.362          0.001  880
 967.393   22129474.201          0.000  912
 980.716   25516245.726          0.000  912
 991.707   27236316.636          0.001 1220
 730.943   18271721.405          0.000   29
