   0.000          0.000          0.000    1
   0.000          0.000          0.000    2
   0.000          0.000          0.000    3
   0.000          0.000          0.000    4
   0.000          0.000          0.000    5
   0.000          0.000          0.000    6
   0.000          0.000          0.000    7
   0.000          0.000          0.000    8
   0.000          0.000          0.000    9
   0.000          0.000          0.000   10
   0.000          0.000          0.000   11
   0.000          0.000          0.000   12
   0.000          0.000          0.000   13
   0.000          0.000          0.000   14
   0.000          0.000          0.000   15
   0.000          0.000          0.000   16
   0.000          0.000          0.000   17
   0.000          0.000          0.000   18
   0.000          0.000          0.000   19
   0.000          0.000          0.000   20
   0.000          0.000          0.000   21
   0.000          0.000          0.000   22
   0.000          0.000          0.000   23
   0.000          0.000          0.000   24
   0.000          0.000          0.000   25
   0.000          0.000          0.000   26
   0.000          0.000          0.000   27
   0.000          0.000          0.000   28
   0.000          0.000          0.000   29
   0.000          0.000          0.000   30
   0.000          0.000          0.000   31
   0.000          0.000          0.000   32
   0.000          0.000          0.000   33
   0.000          0.000          0.000   34
   0.000          0.000          0.000   35
   0.000          0.000          0.000   36
   0.000          0.000          0.000   37
   0.000          0.000          0.000   38
   0.000          0.000          0.000   39
   0.000          0.000          0.000   40
   0.000          0.000          0.000   41
   0.000          0.000          0.000   42
   0.000          0.000          0.000   43
   0.000          0.000          0.000   44
   0.000          0.000          0.000   45
   0.000          0.000          0.000   46
   0.000          0.000          0.000   47
   0.000          0.000          0.000   48
   0.000          0.000          0.000   49
   0.000          0.000          0.000   50
   0.000          0.000          0.000   51
   0.000          0.000          0.000   52
 173.778    9283148.244          0.000    3
 227.463   12313472.395          0.000    3
 193.186   10767037.509          0.000    7
 140.522    7421073.580          0.000    7
  69.819    3655839.048          0.000   11
 325.491   21234173.869          0.000   11
 271.779   15658480.099          0.000   15
 196.967   11079943.860          0.000   15
 208.880   11699804.836          0.000   19
 376.905   18738061.235          0.000   20
  57.868    3093311.394          0.000   21
 337.750   22862157.266          0.000   23
  91.807    4865949.238          0.000   26
 294.153   19111916.181          0.000   28
  84.590    4055170.657          0.000   29
 361.252   14531027.471          0.000   33
 127.570    6586875.055          0.000   35
 166.729    8674276.407          0.000   37
  59.431    2462157.309          0.000   37
 284.788   16179209.879          0.000   38
 298.956   13544224.971          0.000   42
 123.184    6041858.442          0.000   42
 305.937   15866006.520          0.000   44
  91.687    4499244.902          0.000   45
 163.187    7955734.750          0.000   49
 241.413   12115049.716          0.000  110
   0.000          0.000          0.000   79
   0.000          0.000          0.000   80
 433.184   25027934.741          0.000    3
 285.326   13348072.223          0.000    5
 129.020    6684342.161          0.000    5
 340.157   16534766.112          0.000    7
 209.565   10850161.289          0.000    7
 100.975    5252441.938          0.000   11
 265.092   13230148.199          0.000   13
  92.126    4666684.972          0.000   13
 263.248   14397473.252          0.000   15
 117.044    5857298.463          0.000   17
 370.369   17751889.212          0.000   17
 247.991   12086162.716          0.000   21
  81.731    4327425.917          0.000   21
 169.189    8731022.557          0.000   26
 135.972    5900394.230          0.000   26
 135.710    6351540.499          0.000   29
 153.062    7626220.076          0.000   29
 343.084   19218841.543          0.000   31
  97.954    4719840.082          0.000   33
 244.708   11981586.826          0.000   35
 459.671   22790088.309          0.000   37
 109.600    4357378.121          0.000   37
 287.751   16378101.355          0.000   40
 120.753    5552740.614          0.000   42
 524.624   31039430.278          0.001   42
 206.684    9118770.202          0.000   44
 153.345    7466907.815          0.000   45
 393.018   17729863.935          0.000   49
 172.867    8417654.303          0.000  139
   0.000          0.000          0.000  110
   0.000          0.000          0.000  111
 183.372    9556191.531          0.000  140
 555.529   25503533.363          0.000    5
 649.686   35403471.552          0.001    5
 412.082   18970200.178          0.000    7
 199.922    9426611.492          0.000   11
 194.847    8897386.951          0.000   13
 174.494    8327762.597          0.000   13
 526.610   21973613.363          0.000   17
 356.423   13861387.590          0.000   17
 652.784   30719996.425          0.001   21
 153.631    7287906.605          0.000   21
 497.619   26679258.606          0.000   21
 577.339   27293091.863          0.001   26
 430.269   22850727.936          0.000   26
 406.495   17711099.496          0.000   29
 496.511   24566068.635          0.000   29
 474.913   20097926.349          0.000   29
 215.247    8620018.414          0.000   33
 549.459   24609390.311          0.000   35
 479.324   18685764.078          0.000   37
 189.975    6792618.475          0.000   37
 237.549    9793091.469          0.000   42
 347.266   15082197.848          0.000   42
 330.154   13123961.990          0.000   44
 284.881   12821401.289          0.000   45
 611.077   30216348.083          0.001  139
 188.908    9327205.020          0.000  139
   0.000          0.000          0.000  139
   0.000          0.000          0.000  140
 233.136   12387735.454          0.000  140
 543.020   25193958.309          0.000    5
 393.091   16602669.191          0.000    5
 553.512   20031290.604          0.000   11
 442.993   17192475.755          0.000   11
 331.009   13044265.737          0.000   13
 382.871   16042965.834          0.000   13
 654.748   33490434.253          0.001   13
 609.475   24547565.074          0.000   13
 722.524   25378189.037          0.000   17
 507.740   16013948.749          0.000   21
 499.081   16762084.340          0.000   21
 451.143   18590525.396          0.000   26
 675.267   27035863.133          0.001   26
 310.648   11322726.230          0.000   26
 396.966   14860645.252          0.000   29
 588.485   22941523.312          0.000   29
 651.240   19753758.775          0.000   33
 341.751   11434642.001          0.000   33
 809.838   30835747.758          0.001   33
 369.340   11697845.879          0.000   37
 253.690    8257993.066          0.000   37
 347.475   13100435.184          0.000   42
 572.536   22552721.138          0.000   42
 705.681   23888841.124          0.000   44
 554.446   22646785.663          0.000   45
 602.824   26452325.006          0.001  169
 204.102   11183454.775          0.000  139
   0.000          0.000          0.000  169
   0.000          0.000          0.000  170
 190.107   10593438.683          0.000  170
 293.061   16353496.859          0.000  170
 665.108   25451269.403          0.000    5
 759.805   27179057.425          0.000   11
 765.710   26952199.105          0.000   11
 705.788   25510397.587          0.000   13
 641.557   23582553.152          0.000   13
 812.856   26089641.897          0.000   13
 899.529   30598254.561          0.001   17
 757.441   22551955.406          0.000   21
 439.419   14356491.933          0.000   21
 636.313   19220433.541          0.000   21
 665.730   25108348.598          0.000   26
 601.670   16045234.497          0.000   26
 792.890   33316992.162          0.001   29
 724.833   22145762.331          0.000   29
 853.320   27909844.847          0.001   33
 851.471   29671204.618          0.001   33
 820.179   24548199.351          0.000   33
 805.932   23613469.011          0.000   37
 451.839   11232063.035          0.000   37
 670.017   24263130.308          0.000   37
 607.049   19645825.554          0.000   42
 948.457   41263866.919          0.001   42
1000.465   10069339.347          0.000  227
 819.815   31601469.264          0.001  169
 561.253   20482500.049          0.000  169
 166.638    7682691.170          0.000  169
  88.541    4220476.383          0.000  169
   0.000          0.000          0.000  200
   0.000          0.000          0.000  201
 141.766    6260732.895          0.000  232
 423.892   14306508.244          0.000  232
 895.947   30458172.495          0.001  232
 750.085   26196859.730          0.000   11
1000.313    9091353.734          0.000  237
 970.807   38737834.070          0.001   13
1000.431   19884463.801          0.000  210
1000.431    5521267.109          0.000  210
1000.430          0.000          0.000  210
 923.387   32333902.130          0.001   21
 686.794   19346933.908          0.000   21
 948.833   34473119.447          0.001   21
 979.052   37220876.110          0.001   26
 922.731   21954554.206          0.000   26
 880.855   30114389.858          0.001   26
1000.302          0.000          0.000  217
 895.521   28316230.101          0.001   29
1000.256   15196246.378          0.000  248
1000.319    8320042.876          0.000  221
1000.319          0.000          0.000  221
1000.319   16054016.520          0.000  221
 893.768   23015019.080          0.000   37
 899.692   31054002.355          0.001   42
 944.415   32152601.816          0.001   42
 980.247   45077514.356          0.001   42
1000.465          0.000          0.000  227
 965.699   33369155.140          0.001  297
 502.442   19694012.474          0.000  169
 269.112   13555108.197          0.000  200
   0.000          0.000          0.000  231
   0.000          0.000          0.000  232
 371.484   20943469.534          0.000  232
 626.923   20826002.471          0.000  232
 862.189   26545366.760          0.000  232
1000.308   13840975.476          0.000  269
1000.313          0.000          0.000  237
1000.401   27000455.347          0.000  274
1000.400   15551506.571          0.000  274
1000.431   16105759.489          0.000  210
1000.347   10703727.809          0.000  276
 869.002   25234413.777          0.000   21
1000.272   16528361.401          0.000  310
1000.321   10103540.134          0.000  245
1000.321          0.000          0.000  245
 998.946   33663280.382          0.001   26
1000.305   10113563.614          0.000  282
1000.256          0.000          0.000  248
1000.257   10694025.186          0.000  248
1000.319   16930643.427          0.000  221
1000.332   39310416.657          0.001   37
1000.054   30403735.807          0.001   37
 996.505   23920207.883          0.000   37
 955.469   18172403.343          0.000   37
 998.610   31389735.638          0.001   37
1000.353          0.000          0.000  256
1000.465   15517070.583          0.000  227
 969.693   30956910.212          0.001  297
 843.355   23728394.323          0.000  297
 833.960   28031756.535          0.001  297
 513.026   26310695.090          0.001  297
 164.648    8652060.553          0.000  297
   0.000          0.000          0.000  263
   0.000          0.000          0.000  264
 494.665   31752652.001          0.001  264
 601.927   29938880.186          0.001  264
 704.939   27009985.616          0.000  328
 977.215   40409472.188          0.001  232
1000.308          0.000          0.000  269
1000.308    6431094.048          0.000  269
1000.313   12879832.072          0.000  237
1000.217   15961495.746          0.000  334
1000.400    5654705.239          0.000  274
1000.400          0.000          0.000  274
1000.347    7592936.717          0.000  276
1000.347          0.000          0.000  276
1000.271   16773983.098          0.000  310
1000.271    3769715.778          0.000  310
1000.321    9647278.397          0.000  245
1000.535   10518305.082          0.000  313
1000.304   12323324.849          0.000  282
1000.304          0.000          0.000  282
1000.257    8175181.982          0.000  248
1000.238    8010673.205          0.000  285
1000.238          0.000          0.000  285
1000.240   11212652.100          0.000  318
 997.983   27857015.686          0.001   37
 996.550   23978889.752          0.000   37
1000.154   33882428.264          0.001   37
1000.354    9391642.064          0.000  256
1000.353   13061112.553          0.000  256
 961.026   28447266.888          0.001  297
 845.756   21504485.537          0.000  297
 428.738   11889228.697          0.000  297
 252.202    8410264.095          0.000  297
 134.063    5273681.304          0.000  297
   0.000          0.000          0.000  297
   0.000          0.000          0.000  298
 127.172    6855097.762          0.000  264
 259.225   13827801.523          0.000  264
 422.058   16339322.680          0.000  328
 706.572   23087430.217          0.000  328
1000.308   14027792.427          0.000  269
1000.308   16416091.718          0.000  269
1000.219   12456658.202          0.000  334
1000.217    6206369.924          0.000  334
1000.400    8851422.732          0.000  274
1000.349   14055784.087          0.000  276
1000.029          0.000          0.000  309
1000.271          0.000          0.000  310
1000.536   19026833.436          0.000  313
1000.535    9330415.422          0.000  313
1000.535          0.000          0.000  313
1000.304   16003641.552          0.000  282
1000.304   11150481.756          0.000  282
1000.238   11952317.372          0.000  285
1000.238    6511618.013          0.000  285
1000.240          0.000          0.000  318
1000.332          0.000          0.000  319
1000.070   30777138.085          0.001   37
1000.321   16518036.673          0.000  382
1000.290   12066675.374          0.000  353
1000.290    5880570.711          0.000  353
 897.509   26450289.300          0.001  297
 716.733   31854340.087          0.001  388
 305.312   15245264.682          0.000  327
   0.000          0.000          0.000  327
   0.000          0.000          0.000  328
 116.050    5739156.709          0.000  328
 282.264   11663201.924          0.000  328
 681.071   21158084.458          0.000  328
1000.315    9165490.113          0.000  363
1000.342   15288829.751          0.000  365
1000.217          0.000          0.000  334
1000.409   11785106.061          0.000  367
1000.406    8593735.448          0.000  367
1000.407   17405612.117          0.000  367
1000.417          0.000          0.000  338
1000.271   13377996.610          0.000  310
1000.271    5022787.230          0.000  310
1000.271    8127028.122          0.000  310
1000.282          0.000          0.000  342
1000.537   15781688.659          0.000  313
1000.264          0.000          0.000  344
1000.337   15638267.698          0.000  407
1000.238   16497922.482          0.000  285
1000.240    4081115.336          0.000  318
1000.333    7996214.463          0.000  319
1000.321   10057983.100          0.000  381
1000.321   11815422.314          0.000  381
1000.315    5642040.955          0.000  382
1000.290    6475672.430          0.000  353
1000.289          0.000          0.000  353
 966.022   34605454.690          0.001  388
 739.656   27112895.860          0.001  388
 279.094   11567516.753          0.000  388
 287.166   15519192.828          0.000  327
   0.000          0.000          0.000  358
   0.000          0.000          0.000  359
 314.517   18187500.637          0.000  328
 559.180   25449990.275          0.000  419
 917.870   38380090.764          0.001  328
1000.315          0.000          0.000  363
1000.342    6923171.122          0.000  365
1000.342          0.000          0.000  365
1000.406    9973385.194          0.000  367
1000.406          0.000          0.000  367
1000.406    4290115.468          0.000  367
1000.398   22654159.446          0.000  428
1000.272   20091602.511          0.000  310
1000.271   12219267.334          0.000  310
1000.271   15614613.189          0.000  310
1000.271   20981107.915          0.000  310
1000.210          0.000          0.000  374
1000.240   13171928.155          0.000  405
1000.337   16205021.978          0.000  407
1000.337    6550166.850          0.000  407
1000.240   15646980.828          0.000  318
1000.240   14817321.459          0.000  318
1000.321    8898406.617          0.000  381
1000.321          0.000          0.000  381
1000.315          0.000          0.000  382
1000.290   14693727.317          0.000  353
1000.290   10305558.484          0.000  353
 860.120   25475231.936          0.000  388
 495.987   18521379.489          0.000  388
  81.146    3938292.779          0.000  388
   0.000          0.000          0.000  388
   0.000          0.000          0.000  389
 414.791   27352605.314          0.001  419
 281.735   13011372.642          0.000  419
 728.259   25141198.581          0.000  419
 945.104   30985499.736          0.001  419
1000.518   13503159.780          0.000  423
1000.342    7868473.324          0.000  365
1000.342    5421915.414          0.000  365
1000.406    6852602.912          0.000  367
1000.394    7455521.298          0.000  428
1000.394   12049291.489          0.000  428
1000.267    9662994.150          0.000  431
1000.263   13729200.254          0.000  403
1000.262    5319035.308          0.000  403
1000.262          0.000          0.000  403
1000.212   13075707.806          0.000  374
1000.240          0.000          0.000  405
1000.275   12387183.144          0.000  436
1000.337          0.000          0.000  407
1000.256    8807326.361          0.000  438
1000.247    9470821.805          0.000  440
1000.321   17673365.838          0.000  381
1000.321    5098905.289          0.000  381
1000.315    5009956.322          0.000  382
1000.346   17476480.363          0.000  444
1000.346    8154699.406          0.000  444
 767.414   24454296.075          0.000  388
 270.635   10381425.051          0.000  388
 327.979   16502970.280          0.000  418
   0.000          0.000          0.000  418
   0.000          0.000          0.000  419
  93.660    4874305.870          0.000  419
 244.747   10672274.655          0.000  419
 844.855   26893058.504          0.000  419
1000.518          0.000          0.000  423
1000.518    6605183.966          0.000  423
1000.342   12110986.588          0.000  365
1000.342   12470099.565          0.000  365
1000.394   13570962.323          0.000  428
1000.394          0.000          0.000  428
1000.394    6143212.855          0.000  428
1000.394   12004281.474          0.000  428
1000.267          0.000          0.000  431
1000.263   10452257.555          0.000  403
1000.435   15066486.348          0.000  465
1000.137   17753827.075          0.000  466
1000.268   17097982.140          0.000  405
1000.274          0.000          0.000  436
1000.256   10709220.724          0.000  438
1000.256          0.000          0.000  438
1000.256    6283621.356          0.000  438
1000.247          0.000          0.000  440
1000.321   13789867.993          0.000  381
1000.315   12109609.994          0.000  382
1000.312    8955015.802          0.000  473
1000.346          0.000          0.000  444
 839.767   28324612.395          0.001  388
 628.864   22382176.058          0.000  388
 605.579   25774721.977          0.001  388
 238.976   12609988.111          0.000  418
   0.000          0.000          0.000  449
   0.000          0.000          0.000  450
 282.282   16149116.332          0.000  419
 318.957   14971126.358          0.000  419
 717.348   25690363.777          0.000  419
1000.518    9759633.898          0.000  423
1000.284    6471068.894          0.000  456
1000.284          0.000          0.000  456
1000.344   23120282.265          0.000  365
1000.394   12340317.516          0.000  428
1000.394    4521188.381          0.000  428
1000.284   17382038.805          0.000  524
1000.408   26023686.624          0.000  428
1000.352   20371437.339          0.000  528
1000.352   11012947.006          0.000  528
1000.436   11394943.522          0.000  465
1000.435          0.000          0.000  465
1000.126          0.000          0.000  466
1000.081          0.000          0.000  467
1000.365   11315573.353          0.000  500
1000.256    6907364.400          0.000  438
1000.145   20553571.651          0.000  535
1000.145   13549200.651          0.000  535
1000.447   17127514.160          0.000  537
1000.312          0.000          0.000  473
1000.312   14159908.518          0.000  473
1000.346    9854536.113          0.000  444
 943.618   34028790.001          0.001  388
 592.800   24303301.226          0.000  449
 385.909   16842795.488          0.000  449
 110.806    5455374.963          0.000  449
   0.000          0.000          0.000  480
   0.000          0.000          0.000  481
 219.369   12667613.305          0.000  481
 461.537   27688015.398          0.001  481
 797.539   35748753.167          0.001  513
1000.453          0.000          0.000  485
1000.456   18037799.204          0.000  485
1000.284   15817082.693          0.000  456
1000.284    7735081.362          0.000  456
1000.394   21195613.803          0.000  428
1000.394   13500754.785          0.000  428
1000.284   13971666.306          0.000  524
1000.284    5547874.740          0.000  524
1000.284   14302411.077          0.000  524
1000.352   20181004.169          0.000  528
1000.351    4883503.983          0.000  528
1000.435    9713381.279          0.000  465
1000.244          0.000          0.000  497
1000.326   17752361.352          0.000  531
1000.326   12750235.539          0.000  531
1000.361          0.000          0.000  500
1000.371   10194004.500          0.000  502
1000.371          0.000          0.000  502
1000.145    2616602.964          0.000  535
1000.145    6982009.060          0.000  535
1000.146   17852391.142          0.000  535
1000.447    7524481.433          0.000  537
1000.312    8643256.714          0.000  473
1000.346   16223113.003          0.000  444
 939.936   42545782.803          0.001  574
 485.790   15893241.172          0.000  574
 222.501   11746192.945          0.000  480
   0.000          0.000          0.000  512
   0.000          0.000          0.000  513
 154.569    7724050.453          0.000  513
 403.037   16777401.328          0.000  513
 755.709   29301054.892          0.001  513
1000.453    5623704.359          0.000  485
1000.475    9857399.098          0.000  519
1000.474          0.000          0.000  519
1000.342   15685766.705          0.000  551
1000.559    7695381.371          0.000  522
1000.559          0.000          0.000  522
1000.284   16404886.285          0.000  524
1000.284          0.000          0.000  524
1000.284    5326643.410          0.000  524
1000.464   20548866.599          0.000  587
1000.351    7638216.940          0.000  528
1000.351          0.000          0.000  528
1000.244    8034079.767          0.000  497
1000.326    8793052.872          0.000  531
1000.326          0.000          0.000  531
1000.260   16087590.598          0.000  564
1000.260   10183688.975          0.000  564
1000.372   10483345.175          0.000  502
1000.145          0.000          0.000  535
1000.134   21819685.235          0.000  596
1000.447          0.000          0.000  537
1000.447    4502590.317          0.000  537
1000.306    8029620.702          0.000  570
 876.720   23215118.151          0.000  574
 428.805   12567564.628          0.000  574
 240.290    8970034.303          0.000  574
 105.802    4837505.784          0.000  574
   0.000          0.000          0.000  544
   0.000          0.000          0.000  545
 145.469    7556618.506          0.000  545
 500.190   21551577.406          0.000  545
 891.583   38775345.129          0.001  545
1000.275    7022132.600          0.000  579
1000.475    9029149.822          0.000  519
1000.342          0.000          0.000  551
1000.342    7868177.917          0.000  551
1000.192    6303374.134          0.000  582
1000.559   10744932.203          0.000  522
1000.362    6777484.089          0.000  584
1000.284    6114089.415          0.000  524
1000.284    6691660.703          0.000  524
1000.461    8460647.991          0.000  587
1000.351    8471184.325          0.000  528
1000.389    8200840.399          0.000  589
1000.256    9089530.031          0.000  590
1000.326   12273946.096          0.000  531
1000.326   11655567.401          0.000  531
1000.260          0.000          0.000  564
1000.260    4523220.606          0.000  564
1000.096    6645664.663          0.000  594
1000.132    7675125.898          0.000  596
1000.448   12367434.779          0.000  537
1000.308   12516121.585          0.000  570
1000.306          0.000          0.000  570
 901.516   26066547.750          0.001  574
 562.332   17557410.053          0.000  574
 337.728   18888181.560          0.000  574
   0.000          0.000          0.000  574
   0.000          0.000          0.000  575
 366.179   21293737.886          0.000  575
 278.671   13668326.436          0.000  545
 508.977   20285546.001          0.000  635
1000.275          0.000          0.000  579
1000.275   16812383.191          0.000  579
1000.342    5658563.490          0.000  551
1000.192          0.000          0.000  582
1000.362    7229233.263          0.000  584
1000.362          0.000          0.000  584
1000.284   16696178.160          0.000  524
1000.284   14463428.435          0.000  524
1000.461          0.000          0.000  587
1000.352   16719989.436          0.000  528
1000.389          0.000          0.000  589
1000.256          0.000          0.000  590
1000.225          0.000          0.000  591
1000.264   13670140.633          0.000  564
1000.351   19651725.819          0.000  657
1000.096          0.000          0.000  594
1000.132    6512082.974          0.000  596
1000.132          0.000          0.000  596
1000.320    8911768.766          0.000  628
1000.214   11342237.995          0.000  629
 935.952   28369622.760          0.001  696
 777.843   20274554.548          0.000  696
 506.227   21956916.484          0.000  574
 141.504    6772007.824          0.000  574
   0.000          0.000          0.000  603
   0.000          0.000          0.000  604
 441.109   20785679.588          0.000  635
 176.165    8795012.563          0.000  635
 641.662   27483061.957          0.000  635
 893.641   37252704.450          0.001  635
1000.275   15681803.665          0.000  579
1000.317   21127949.632          0.000  671
1000.342   14986915.561          0.000  551
1000.192    8798536.905          0.000  582
1000.362   15043537.332          0.000  584
1000.362   11011545.534          0.000  584
1000.321   14826705.697          0.000  677
1000.461    7190527.747          0.000  587
1000.326   19242707.243          0.000  651
1000.323    8857561.120          0.000  651
1000.256   13674730.796          0.000  590
1000.256    5255465.538          0.000  590
1000.433   10657524.146          0.000  653
1000.328    8177961.790          0.000  655
1000.127          0.000          0.000  623
1000.347    8697333.328          0.000  657
1000.347    6922788.356          0.000  657
1000.132   12440467.254          0.000  596
1000.319    2425620.661          0.000  628
1000.319          0.000          0.000  628
1000.214          0.000          0.000  629
 950.978   28888511.037          0.001  696
 376.773   11726803.715          0.000  696
 620.188   28140204.926          0.001  696
 277.064   15531211.937          0.000  634
   0.000          0.000          0.000  634
   0.000          0.000          0.000  635
  95.042    4975964.670          0.000  635
 171.631    8525247.605          0.000  635
 404.145   16249955.987          0.000  635
 704.777   23306640.294          0.000  635
1000.317   10231280.167          0.000  671
1000.197          0.000          0.000  641
1000.162          0.000          0.000  642
1000.261          0.000          0.000  643
1000.261   10479445.560          0.000  643
1000.322   14171714.175          0.000  677
1000.321    3726953.493          0.000  677
1000.321    7595930.026          0.000  677
1000.542    8769708.320          0.000  649
1000.542          0.000          0.000  649
1000.323   11653677.645          0.000  651
1000.323          0.000          0.000  651
1000.256   15558980.977          0.000  590
1000.432          0.000          0.000  653
1000.328    5986193.591          0.000  655
1000.328          0.000          0.000  655
1000.347    8038363.890          0.000  657
1000.347          0.000          0.000  657
1000.347   18486836.424          0.000  657
1000.320    8319488.819          0.000  628
1000.321    9314961.399          0.000  628
1000.320    8370659.014          0.000  628
1000.268          0.000          0.000  662
 797.656   22343715.595          0.000  696
 215.267    8063304.447          0.000  696
 257.733   13347713.886          0.000  634
   0.000          0.000          0.000  666
   0.000          0.000          0.000  667
 211.885   12231660.533          0.000  697
 361.835   16033354.704          0.000  635
 739.379   28302431.880          0.001  635
1000.317          0.000          0.000  671
1000.317    9199089.019          0.000  671
1000.387   15386087.210          0.000  704
1000.280   16813768.113          0.000  643
1000.343          0.000          0.000  675
1000.321   12522938.707          0.000  677
1000.321          0.000          0.000  677
1000.321   11198696.516          0.000  677
1000.518   12701469.320          0.000  709
1000.311          0.000          0.000  680
1000.311   10195898.751          0.000  680
1000.412   17462664.752          0.000  713
1000.411    6526817.728          0.000  713
1000.432    9604081.746          0.000  653
1000.432    5334864.414          0.000  653
1000.328    6251289.447          0.000  655
1000.347   15902603.006          0.000  657
1000.347    8728833.608          0.000  657
1000.320   14212280.929          0.000  628
1000.320   19093639.686          0.000  628
1000.320   16404242.122          0.000  628
1000.268    9113742.362          0.000  662
 809.054   24811313.422          0.000  696
 241.748    8572418.075          0.000  696
  51.845    2395320.698          0.000  696
   0.000          0.000          0.000  696
   0.000          0.000          0.000  697
 191.257   10371250.914          0.000  697
 339.066   17404352.721          0.000  697
 692.606   27833329.534          0.000  758
 939.030   42687789.205          0.001  758
1000.318   20294942.012          0.000  671
1000.386    4086568.996          0.000  704
1000.386          0.000          0.000  704
1000.343    8223728.630          0.000  675
1000.163          0.000          0.000  706
1000.162    8530243.329          0.000  738
1000.518    5569928.340          0.000  709
1000.517          0.000          0.000  709
1000.311    6738205.172          0.000  680
1000.412   13879170.296          0.000  713
1000.411    6346425.096          0.000  713
1000.411          0.000          0.000  713
1000.432   12905052.636          0.000  653
1000.328   14251389.164          0.000  655
1000.339   20008043.845          0.000  776
1000.339   12114358.613          0.000  776
1000.339   10456026.099          0.000  776
1000.320   24104850.654          0.000  628
1000.393    9899204.004          0.000  749
1000.336   14338103.131          0.000  750
 997.351   35624996.747          0.001  696
 963.289   26745155.638          0.001  696
 391.493   11862998.249          0.000  696
 383.290   16025435.999          0.000  696
 282.254   15404711.214          0.000  696
   0.000          0.000          0.000  727
   0.000          0.000          0.000  728
 392.713   25227998.328          0.000  697
 386.455   16721191.149          0.000  758
 499.573   18894100.572          0.000  758
 797.923   25259624.264          0.000  758
1000.404   25267677.643          0.000  824
1000.331          0.000          0.000  734
1000.388   11937215.202          0.000  704
1000.315   13901595.935          0.000  766
1000.163    7634225.345          0.000  706
1000.162          0.000          0.000  738
1000.518   15667191.579          0.000  709
1000.518    5867440.514          0.000  709
1000.318          0.000          0.000  741
1000.412   16897420.288          0.000  713
1000.411    7640754.106          0.000  713
1000.313    7415090.642          0.000  773
1000.366   17953232.601          0.000  775
1000.365    8042138.994          0.000  775
1000.339    3314163.117          0.000  776
1000.340   19484451.284          0.000  776
1000.393          0.000          0.000  749
1000.336          0.000          0.000  750
1000.085          0.000          0.000  751
1000.401          0.000          0.000  752
 874.749   27639321.769          0.001  696
 803.288   30061559.384          0.001  696
 593.411   29997625.436          0.001  786
 109.712    5698440.696          0.000  786
   0.000          0.000          0.000  757
   0.000          0.000          0.000  758
  89.527    4750455.275          0.000  758
 202.121    9557606.297          0.000  758
 440.523   15942701.703          0.000  758
 689.613   23771380.607          0.000  758
1000.404   14345927.241          0.000  824
1000.331   10941648.631          0.000  734
1000.230          0.000          0.000  765
1000.315          0.000          0.000  766
1000.421    6538650.705          0.000  797
1000.421   15122391.234          0.000  797
1000.518   14720669.992          0.000  709
1000.318    8899908.642          0.000  741
1000.445   12213538.461          0.000  803
1000.244          0.000          0.000  772
1000.313          0.000          0.000  773
1000.365   10683991.401          0.000  775
1000.365          0.000          0.000  775
1000.339          0.000          0.000  776
1000.416    7587468.748          0.000  809
1000.393   11731476.985          0.000  749
1000.339   10728936.693          0.000  750
1000.085    7081783.525          0.000  751
1000.401   18087974.684          0.000  752
 944.382   36631952.569          0.001  913
 830.282   31810878.204          0.001  786
 537.599   23551550.873          0.000  786
 257.487   12834058.697          0.000  786
   0.000          0.000          0.000  786
   0.000          0.000          0.000  787
 168.184    9391008.132          0.000  787
 495.320   26934780.988          0.000  787
 673.835   21462269.422          0.000  758
1000.410   23930200.828          0.000  824
1000.404    5931749.357          0.000  824
1000.346   11952669.468          0.000  825
1000.345   11786099.670          0.000  825
1000.315    5394461.380          0.000  766
1000.421   15834820.823          0.000  797
1000.421          0.000          0.000  797
1000.421    7166835.945          0.000  797
1000.525          0.000          0.000  799
1000.371   10793759.776          0.000  864
1000.443   18099028.366          0.000  803
1000.443    7751620.103          0.000  803
1000.443          0.000          0.000  803
1000.443    6533012.032          0.000  803
1000.226   13052777.242          0.000  837
1000.365    9973450.689          0.000  775
1000.182   11508309.863          0.000  839
1000.416    7755409.297          0.000  809
1000.416          0.000          0.000  809
1000.416    9262622.741          0.000  809
1000.405    6535327.807          0.000  842
1000.319   18446797.230          0.000  844
1000.319    6961609.545          0.000  844
 875.316   26615775.048          0.001  913
 780.349   26718175.193          0.001  913
 438.041   16832127.971          0.000  786
 134.745    6088526.731          0.000  786
   0.000          0.000          0.000  818
   0.000          0.000          0.000  819
 409.079   25123117.660          0.000  787
 419.773   20367804.166          0.000  787
 566.846   20643338.907          0.000  881
 909.024   34142864.329          0.001  758
1000.403          0.000          0.000  824
1000.345          0.000          0.000  825
1000.345    3098375.773          0.000  825
1000.345    7500802.090          0.000  825
1000.327          0.000          0.000  828
1000.327    3687632.132          0.000  828
1000.421    6576524.404          0.000  797
1000.525    7485351.254          0.000  799
1000.371   13928329.280          0.000  864
1000.371    4523615.178          0.000  864
1000.443    8388680.360          0.000  803
1000.443   11522506.901          0.000  803
1000.226   10115887.708          0.000  837
1000.226          0.000          0.000  837
1000.182   22045756.329          0.000  839
1000.182          0.000          0.000  839
1000.416   11284690.794          0.000  809
1000.405    6656847.292          0.000  842
1000.405          0.000          0.000  842
1000.319   10638046.358          0.000  844
1000.319          0.000          0.000  844
 774.437   23837271.971          0.000  913
 484.045   15441987.424          0.000  913
 575.725   23355842.071          0.000  913
 164.251    8689910.207          0.000  818
   0.000          0.000          0.000  849
   0.000          0.000          0.000  850
 185.657   10652100.325          0.000  819
 362.108   22075171.818          0.000  819
 265.873   11202344.212          0.000  881
 863.761   29501589.283          0.001  881
1000.511          0.000          0.000  855
1000.404    6666664.674          0.000  824
1000.345    4872875.106          0.000  825
1000.303   16585677.990          0.000  888
1000.345   12126908.123          0.000  825
1000.332   15003464.420          0.000  828
1000.517    6881184.590          0.000  892
1000.425   11311207.040          0.000  927
1000.371    8406662.298          0.000  864
1000.371          0.000          0.000  864
1000.452   23355656.621          0.000  803
1000.275   17100536.321          0.000  931
1000.332    7540639.672          0.000  868
1000.332          0.000          0.000  868
1000.230   10852550.152          0.000  837
1000.260          0.000          0.000  870
1000.340   13286251.398          0.000  903
1000.340    7176458.398          0.000  903
1000.405   12854744.218          0.000  842
1000.409   13431046.888          0.000  842
1000.344   14075771.367          0.000  844
 970.083   41175005.401          0.001  913
 579.879   17512957.833          0.000  913
 180.785    7793979.469          0.000  913
 394.965   25445999.032          0.001  913
   0.000          0.000          0.000  880
   0.000          0.000          0.000  881
 106.748    5314501.997          0.000  881
 543.076   21469030.616          0.000  881
 637.134   20250662.268          0.000  881
 979.651   36564034.632          0.001  881
1000.404   19486815.417          0.000  824
1000.307   19424269.294          0.000  888
1000.303          0.000          0.000  888
1000.345   21958096.515          0.000  825
1000.521   12644678.896          0.000  924
1000.517    7360759.479          0.000  892
1000.517          0.000          0.000  892
1000.425   13657532.200          0.000  927
1000.425    5407176.939          0.000  927
1000.425   10133016.894          0.000  927
1000.371    6066134.373          0.000  864
1000.358   14270059.316          0.000  929
1000.274    7799599.960          0.000  931
1000.277   19888360.216          0.000  931
1000.362          0.000          0.000  900
1000.260    4844492.882          0.000  870
1000.340    5081073.485          0.000  903
1000.340          0.000          0.000  903
1000.340    5159221.415          0.000  903
1000.340   13982076.534          0.000  903
1000.330    9028728.125          0.000  907
1000.330          0.000          0.000  907
 957.188   33480451.966          0.001  913
 608.942   17752788.746          0.000  913
 194.253    8197502.327          0.000  913
 124.877    5700740.864          0.000  913
  69.230    3335244.758          0.000  913
   0.000          0.000          0.000  913
   0.000          0.000          0.000  914
  64.947    3499917.440          0.000  947
 246.805   11417638.811          0.000  947
 799.304   29976598.666          0.001  947
 990.450   46504226.774          0.001  881
1000.474          0.000          0.000  919
1000.303   15680111.677          0.000  888
1000.303    7100084.333          0.000  888
1000.303    6093788.806          0.000  888
1000.345   30487845.645          0.001  825
1000.521          0.000          0.000  924
1000.517   17642880.879          0.000  892
1000.426   22038368.950          0.000  927
1000.425          0.000          0.000  927
1000.358    8628337.982          0.000  929
1000.358          0.000          0.000  929
1000.358    4759358.327          0.000  929
1000.274          0.000          0.000  931
1000.274    6684988.205          0.000  931
1000.325          0.000          0.000  933
1000.325    9033134.414          0.000  933
1000.260   14783761.308          0.000  870
1000.340   13260192.761          0.000  903
1000.343   15521569.594          0.000  903
1000.340   14378982.142          0.000  903
1000.283   15108688.391          0.000  969
1000.283    7341400.518          0.000  969
 938.852   30752484.244          0.001  913
 825.593   24023400.487          0.000  913
 543.672   19449172.248          0.000  913
 314.899   12421605.594          0.000  913
 195.298    9686114.442          0.000  946
   0.000          0.000          0.000  946
   0.000          0.000          0.000  947
 201.246   10686653.019          0.000  947
 653.209   24173196.372          0.000  947
 815.616   25654243.856          0.000 1006
1000.474   13846399.778          0.000  919
1000.289          0.000          0.000  952
1000.367   12775819.241          0.000 1013
1000.420   19768849.288          0.000 1015
1000.521   10466373.176          0.000  924
1000.425   20175849.972          0.000  927
1000.425    8832008.184          0.000  927
1000.425    3792464.237          0.000  927
1000.432   11937233.494          0.000  927
1000.270   10017490.638          0.000  991
1000.270   16824565.685          0.000  991
1000.274   11740631.214          0.000  931
1000.426   17603202.246          0.000 1087
1000.428   19934431.410          0.000 1087
1000.427   26965896.608          0.000 1087
1000.185          0.000          0.000  966
1000.185    8533414.397          0.000  966
1000.365   17447020.761          0.000 1030
1000.283          0.000          0.000  969
1000.154   18251226.189          0.000 1031
 650.164   23235087.842          0.000  913
 496.194   22719439.425          0.000  946
 284.463   15109485.723          0.000  946
   0.000          0.000          0.000  974
   0.000          0.000          0.000  975
 194.357   10958182.465          0.000 1006
 496.747   25279903.838          0.000  947
 800.568   35586376.185          0.001 1006
 630.471   19512986.906          0.000 1006
 946.445   30824223.262          0.001 1006
1000.289    9012456.281          0.000  952
1000.367    6108119.506          0.000 1013
1000.421   17402063.093          0.000 1015
1000.420    7084067.038          0.000 1015
1000.280    4584490.087          0.000 1016
1000.427   20318594.282          0.000  927
1000.425    9342196.552          0.000  927
1000.186    9340702.655          0.000  989
1000.186          0.000          0.000  989
1000.270    7146906.382          0.000  991
1000.270          0.000          0.000  991
1000.270    6850337.870          0.000  991
1000.356   10248528.449          0.000 1023
1000.426   11888829.505          0.000 1087
1000.426    9879590.682          0.000 1087
1000.426   17988653.048          0.000 1087
1000.478          0.000          0.000  997
1000.185    7510014.888          0.000  966
1000.363   17665098.735          0.000 1030
1000.363    5060516.546          0.000 1030
1000.154    6577593.588          0.000 1031
 975.288   36308671.993          0.001 1035
 566.391   27175880.267          0.001 1005
 220.986   11262100.457          0.000 1005
   0.000          0.000          0.000 1005
   0.000          0.000          0.000 1006
 154.398    7752231.260          0.000 1006
 327.803   14807947.291          0.000 1006
 726.327   29355106.878          0.001 1006
 403.434   14223283.564          0.000 1006
 811.895   23601152.257          0.000 1006
1000.292   20102719.380          0.000  952
1000.367          0.000          0.000 1013
1000.420   10344928.707          0.000 1015
1000.420          0.000          0.000 1015
1000.280          0.000          0.000 1016
1000.426   27690643.899          0.000  927
1000.426   18194837.836          0.000  927
1000.367    8066950.467          0.000 1050
1000.271   18143661.024          0.000  991
1000.270   13254280.482          0.000  991
1000.356    9729383.197          0.000 1023
1000.356          0.000          0.000 1023
1000.426   21043069.121          0.000 1087
1000.426    4892351.269          0.000 1087
1000.426   14931477.171          0.000 1087
1000.478    7442530.444          0.000  997
1000.145          0.000          0.000 1028
1000.187   22293776.768          0.000  966
1000.363          0.000          0.000 1030
1000.154          0.000          0.000 1031
 862.881   25234266.340          0.000 1035
 462.611   14674281.690          0.000 1035
 164.009    6616200.376          0.000 1035
   0.000          0.000          0.000 1035
   0.000          0.000          0.000 1036
  47.609    2497650.792          0.000 1006
 127.899    6260811.668          0.000 1006
 176.662    8169089.201          0.000 1006
 821.002   41396583.255          0.001 1006
 741.453   23487977.069          0.000 1006
1000.318   12584550.385          0.000 1073
1000.140          0.000          0.000 1043
1000.140   11169294.602          0.000 1043
1000.285          0.000          0.000 1045
1000.421   12806998.591          0.000 1015
1000.361   15582226.041          0.000 1110
1000.361   10579210.938          0.000 1110
1000.368    8205573.846          0.000 1050
1000.367          0.000          0.000 1050
1000.333   25411694.377          0.000 1115
1000.157          0.000          0.000 1052
1000.356    6096161.346          0.000 1023
1000.427   13593549.152          0.000 1087
1000.426    2727429.177          0.000 1087
1000.426    5895175.363          0.000 1087
1000.194   12255544.818          0.000 1089
1000.286   16584688.929          0.000 1060
1000.286    8652146.819          0.000 1060
1000.285          0.000          0.000 1060
1000.363   16771638.309          0.000 1030
 966.859   32701001.233          0.001 1129
 841.927   24383730.727          0.000 1129
 875.560   32727928.610          0.001 1129
 689.688   27593813.596          0.001 1035
 272.395   15348958.603          0.000 1067
   0.000          0.000          0.000 1067
   0.000          0.000          0.000 1068
 285.863   17092681.500          0.000 1068
 383.414   14121140.092          0.000 1006
 626.966   18061317.297          0.000 1006
 987.209   37922049.927          0.001 1006
1000.317          0.000          0.000 1073
1000.140    6327044.430          0.000 1043
1000.140    4869538.834          0.000 1043
1000.244   19428754.131          0.000 1138
1000.320   20517601.352          0.000 1169
1000.361   26447868.549          0.000 1110
1000.361   17764118.191          0.000 1110
1000.361    5028042.623          0.000 1110
1000.368    7386284.805          0.000 1050
1000.329   12413271.898          0.000 1115
1000.328    7676242.577          0.000 1115
1000.357   14833276.819          0.000 1023
1000.330   10162843.812          0.000 1117
1000.426   10196934.237          0.000 1087
1000.426          0.000          0.000 1087
1000.442   23369284.695          0.000 1087
1000.192          0.000          0.000 1089
1000.270    9029978.149          0.000 1122
1000.213          0.000          0.000 1091
 995.662   42647931.511          0.001 1129
 969.235   33391799.760          0.001 1129
 483.658   16199993.218          0.000 1129
 425.826   21173714.469          0.000 1129
 133.735    6014881.544          0.000 1129
  63.520    3059519.780          0.000 1129
   0.000          0.000          0.000 1098
   0.000          0.000          0.000 1099
 295.886   17628105.433          0.000 1099
 619.391   25654307.102          0.000 1099
 944.995   26794801.181          0.000 1006
1000.318   25771459.208          0.000 1073
1000.318    6719778.162          0.000 1073
1000.140   11333315.608          0.000 1043
1000.244    4952267.049          0.000 1138
1000.211    9731315.958          0.000 1139
1000.320   11583178.018          0.000 1169
1000.361    5396849.337          0.000 1110
1000.361          0.000          0.000 1110
1000.486   11776382.982          0.000 1143
1000.329   20542857.147          0.000 1115
1000.329   12057383.363          0.000 1115
1000.329    4928207.259          0.000 1115
1000.328          0.000          0.000 1115
1000.334   12308863.024          0.000 1117
1000.330          0.000          0.000 1117
1000.426   15757883.826          0.000 1087
1000.129          0.000          0.000 1119
1000.283          0.000          0.000 1120
1000.270   10930132.544          0.000 1122
1000.270          0.000          0.000 1122
1000.213    6726089.799          0.000 1091
1000.328   17724136.775          0.000 1125
1000.328          0.000          0.000 1125
 687.448   22760173.151          0.000 1129
 219.989    9210366.849          0.000 1129
 323.244   17612617.821          0.000 1129
   0.000          0.000          0.000 1129
   0.000          0.000          0.000 1130
 106.872    5167448.380          0.000 1099
 629.941   33477081.851          0.001 1099
 864.348   28963579.384          0.001 1099
 927.300   27068909.347          0.000 1099
1000.318   18691397.419          0.000 1073
1000.119   13680920.457          0.000 1166
1000.140   22306170.755          0.000 1043
1000.244          0.000          0.000 1138
1000.211          0.000          0.000 1139
1000.320    6209225.023          0.000 1169
1000.361    8003704.509          0.000 1110
1000.185   11198777.138          0.000 1171
1000.486          0.000          0.000 1143
1000.277   11068297.131          0.000 1173
1000.329   16451072.046          0.000 1115
1000.330   12314255.484          0.000 1115
1000.330   12123495.829          0.000 1117
1000.147          0.000          0.000 1148
1000.130    9618296.089          0.000 1119
1000.283    8545982.280          0.000 1120
1000.272   18245257.300          0.000 1122
1000.270    7070450.011          0.000 1122
1000.398   12032429.821          0.000 1184
1000.328    5667965.398          0.000 1125
1000.328   12857810.365          0.000 1125
 742.926   26098490.857          0.001 1129
 350.518   13629641.072          0.000 1129
 260.064   13216849.842          0.000 1190
   0.000          0.000          0.000 1159
   0.000          0.000          0.000 1160
 159.400    7272055.476          0.000 1099
 383.632   13241234.366          0.000 1099
 821.254   23743925.969          0.000 1099
1000.297    9802258.257          0.000 1165
1000.297          0.000          0.000 1165
1000.113          0.000          0.000 1166
1000.244    7635251.437          0.000 1138
1000.320   10492283.950          0.000 1169
1000.320          0.000          0.000 1169
1000.361   24490954.475          0.000 1110
1000.183          0.000          0.000 1171
1000.280   11846505.360          0.000 1173
1000.277          0.000          0.000 1173
1000.213   11598072.234          0.000 1175
1000.213          0.000          0.000 1175
1000.234   15268692.306          0.000 1178
1000.232    4500536.379          0.000 1178
1000.232          0.000          0.000 1178
1000.203   12414880.318          0.000 1180
1000.202          0.000          0.000 1180
1000.342    9920212.936          0.000 1182
1000.342          0.000          0.000 1182
1000.398   12467787.857          0.000 1184
1000.398          0.000          0.000 1184
1000.597   12507677.116          0.000 1216
1000.328   20259677.178          0.000 1125
 821.343   26045224.761          0.001 1222
 598.483   29228221.194          0.001 1190
 186.493    9379014.232          0.000 1190
   0.000          0.000          0.000 1190
   0.000          0.000          0.000 1191
 149.441    9021591.027          0.000 1223
 568.273   27819909.275          0.001 1099
 694.539   33849863.981          0.001 1099
 799.694   25285178.076          0.000 1099
1000.285   45976188.011          0.001 1286
1000.297    8627350.901          0.000 1165
1000.297    7761307.011          0.000 1165
1000.239    7792511.201          0.000 1200
1000.239          0.000          0.000 1200
1000.122    9770714.439          0.000 1232
1000.221   22095812.988          0.000 1265
1000.220   14500097.772          0.000 1265
1000.186   12842570.017          0.000 1171
1000.183    6868370.167          0.000 1171
1000.277    6873771.488          0.000 1173
1000.213   13886742.333          0.000 1175
1000.214    9794921.910          0.000 1175
1000.232   12796331.549          0.000 1178
1000.282   10946010.858          0.000 1242
1000.202    6726662.966          0.000 1180
1000.120   14296306.395          0.000 1275
1000.342    7917570.032          0.000 1182
1000.398   14761842.837          0.000 1184
1000.398   12441644.464          0.000 1184
1000.595          0.000          0.000 1216
 940.254   32699873.189          0.001 1222
 762.146   22070489.948          0.000 1222
 334.672   11833702.125          0.000 1222
 399.964   23672010.784          0.000 1222
 347.680   17881569.819          0.000 1190
   0.000          0.000          0.000 1222
   0.000          0.000          0.000 1223
 172.242    7309635.481          0.000 1286
 604.930   27895496.069          0.000 1286
 895.021   28339763.911          0.001 1286
 999.193   37368423.073          0.001 1286
1000.333    7072834.584          0.000 1260
1000.303   24912395.616          0.000 1165
1000.239   14296500.563          0.000 1200
1000.239    7450086.810          0.000 1200
1000.122          0.000          0.000 1232
1000.221   11488072.190          0.000 1265
1000.220    6521776.603          0.000 1265
1000.203   10838305.282          0.000 1267
1000.183   19516504.608          0.000 1171
1000.166    8933278.696          0.000 1269
1000.371   11124392.342          0.000 1239
1000.371          0.000          0.000 1239
1000.371    8625801.078          0.000 1239
1000.371   14267572.924          0.000 1239
1000.281          0.000          0.000 1242
1000.300   19204528.395          0.000 1337
1000.120    6553457.275          0.000 1275
1000.343   20141151.171          0.000 1182
1000.289          0.000          0.000 1246
1000.297   21548647.099          0.000 1246
 982.821   43202934.015          0.001 1222
 851.634   27534687.747          0.001 1222
 575.643   29378465.171          0.001 1222
 111.451    5122676.503          0.000 1222
  58.908    2807073.295          0.000 1222
   0.000          0.000          0.000 1253
   0.000          0.000          0.000 1254
  77.392    3635933.843          0.000 1286
 322.288   17949721.559          0.000 1286
 428.356   13576662.219          0.000 1286
 976.036   25927661.964          0.000 1286
1000.333    5200726.153          0.000 1260
1000.333          0.000          0.000 1260
1000.422    8837987.435          0.000 1292
1000.231   23937653.859          0.000 1326
1000.231   12174098.646          0.000 1326
1000.220    8568858.650          0.000 1265
1000.220          0.000          0.000 1265
1000.482   18202086.599          0.000 1330
1000.202          0.000          0.000 1267
1000.166   12534768.119          0.000 1269
1000.165          0.000          0.000 1269
1000.371   14527484.919          0.000 1239
1000.371    6451846.264          0.000 1239
1000.372   20088626.365          0.000 1239
1000.282    7692260.672          0.000 1242
1000.300   10528610.521          0.000 1337
1000.120          0.000          0.000 1275
1000.288   12022256.108          0.000 1308
1000.289    4033342.712          0.000 1246
1000.289    8045324.786          0.000 1246
1000.289   20000500.869          0.000 1246
 918.764   29356072.236          0.001 1222
 487.730   15502507.327          0.000 1222
 311.858   11866850.311          0.000 1222
 230.276    9497001.562          0.000 1222
 275.177   14173435.569          0.000 1253
   0.000          0.000          0.000 1285
   0.000          0.000          0.000 1286
 164.676    9106934.900          0.000 1286
 763.700   44519210.474          0.001 1286
 797.480   22874741.678          0.000 1286
1000.443          0.000          0.000 1290
1000.334   14265427.872          0.000 1355
1000.422          0.000          0.000 1292
1000.231   11702746.010          0.000 1326
1000.230    6041030.473          0.000 1326
1000.221   20172754.580          0.000 1265
1000.482   16729642.875          0.000 1330
1000.482    6854845.920          0.000 1330
1000.203    7212707.000          0.000 1267
1000.165    9735880.257          0.000 1269
1000.411   21526997.179          0.000 1334
1000.411   11539684.454          0.000 1334
1000.412   11425493.856          0.000 1334
1000.336          0.000          0.000 1303
1000.300   10286371.526          0.000 1337
1000.300    3030269.146          0.000 1337
1000.141   20190643.038          0.000 1275
1000.288   12895455.649          0.000 1308
1000.287          0.000          0.000 1308
1000.288    6609862.721          0.000 1308
1000.289   16558810.305          0.000 1246
1000.421   18291737.133          0.000 1341
 845.312   32194714.053          0.001 1222
 513.639   17099378.805          0.000 1222
 426.613   18405019.054          0.000 1316
 170.667    8209344.881          0.000 1316
   0.000          0.000          0.000 1316
   0.000          0.000          0.000 1317
 243.493   14518288.409          0.000 1286
 467.682   24090983.191          0.000 1380
 530.077   21802810.806          0.000 1380
1000.443   11270618.215          0.000 1290
1000.334   12428901.149          0.000 1355
1000.334    4629112.901          0.000 1355
 986.006   40135058.261          0.001 1579
1000.230   13485668.674          0.000 1326
1000.230          0.000          0.000 1326
1000.230   11771921.413          0.000 1326
 935.910   28018132.103          0.001 1585
1000.482   13441433.385          0.000 1330
1000.481          0.000          0.000 1330
1000.309    7434992.589          0.000 1362
1000.289   11160489.903          0.000 1364
1000.411    8507212.622          0.000 1334
1000.410          0.000          0.000 1334
1000.499   17217891.509          0.000 1366
1000.337    9070451.397          0.000 1303
1000.300          0.000          0.000 1337
1000.321   16121513.900          0.000 1401
1000.288    6966620.056          0.000 1308
1000.416    7044573.636          0.000 1341
1000.416          0.000          0.000 1341
1000.416    5855431.493          0.000 1341
1000.416   14725144.565          0.000 1341
1000.399          0.000          0.000 1344
 730.648   23895400.861          0.000 1222
 416.638   17265053.216          0.000 1316
 146.601    7517680.225          0.000 1379
   0.000          0.000          0.000 1348
   0.000          0.000          0.000 1349
 103.594    5502213.442          0.000 1380
 521.925   24397842.574          0.000 1380
 764.572   28444936.539          0.001 1380
1000.334   15559304.001          0.000 1355
1000.334    8436968.229          0.000 1355
1000.334          0.000          0.000 1355
 937.411   31623056.581          0.001 1579
 953.465   35733795.164          0.001 1579
 907.322   38517005.432          0.001 1585
 789.643   21943419.726          0.000 1585
 978.130   29549981.998          0.001 1585
1000.482    9369357.174          0.000 1330
1000.309          0.000          0.000 1362
1000.288   10823303.116          0.000 1364
1000.288          0.000          0.000 1364
1000.298   31694072.756          0.001 1364
1000.495          0.000          0.000 1366
1000.300   25745329.745          0.000 1337
1000.300   14955195.978          0.000 1337
1000.300    6897341.644          0.000 1337
1000.321   15622761.604          0.000 1401
1000.321    7049942.193          0.000 1401
1000.169          0.000          0.000 1372
1000.436   11817849.298          0.000 1403
1000.416   15510580.612          0.000 1341
1000.399   13443281.574          0.000 1344
 930.176   29126326.086          0.001 1441
 654.548   19236437.097          0.000 1441
 482.839   26003379.660          0.001 1379
   0.000          0.000          0.000 1379
   0.000          0.000          0.000 1380
 271.908   12389924.147          0.000 1380
 192.207    9737443.846          0.000 1380
 431.371   17619947.007          0.000 1380
 817.018   29852383.997          0.001 1380
 882.987   34076695.535          0.001 1575
 830.594   27656166.882          0.000 1579
 674.664   25025911.405          0.000 1579
 767.493   22414701.130          0.000 1579
 747.497   25871432.574          0.000 1585
 439.030   14561068.530          0.000 1585
 857.376   24896183.693          0.000 1585
1000.596    8816198.027          0.000 1393
1000.596          0.000          0.000 1393
 807.755   23889243.307          0.000 1593
1000.288    4350891.348          0.000 1364
1000.288   10382070.369          0.000 1364
1000.288   18722360.999          0.000 1364
 857.106   24529423.913          0.000 1598
 841.390   23567288.411          0.000 1598
 970.129   31350590.722          0.001 1598
1000.321          0.000          0.000 1401
1000.169   11721107.192          0.000 1372
1000.436          0.000          0.000 1403
1000.301          0.000          0.000 1404
1000.499   11698653.924          0.000 1406
1000.499          0.000          0.000 1406
 814.010   24392397.927          0.000 1441
 255.401    9466311.163          0.000 1441
 201.858   10508582.605          0.000 1379
   0.000          0.000          0.000 1410
   0.000          0.000          0.000 1411
 361.529   22635208.176          0.000 1442
 309.324   13995133.682          0.000 1380
 809.302   30106063.092          0.001 1575
 664.403   22400056.864          0.000 1575
 829.366   29593262.772          0.001 1575
 827.472   35844251.777          0.001 1579
 478.704   17379616.229          0.000 1579
 674.696   29076873.083          0.001 1582
 374.795   14967377.022          0.000 1585
 527.343   20205195.935          0.000 1585
 926.315   47372108.124          0.001 1585
 789.833   32211234.687          0.001 1585
 971.552   39992850.860          0.001 1593
 580.376   16769841.593          0.000 1593
 702.242   19557943.120          0.000 1593
 908.938   33554902.991          0.001 1595
 791.604   28179643.916          0.001 1598
 485.984   14823758.807          0.000 1598
 650.979   16291928.690          0.000 1598
 865.507   22022324.786          0.000 1598
 948.973   30113870.433          0.001 1603
1000.179          0.000          0.000 1433
 930.242   35956397.917          0.001 1605
 910.146   30610263.617          0.001 1609
 685.731   21402834.500          0.000 1609
 981.571   49321550.658          0.001 1441
 862.521   30341648.330          0.001 1441
 502.583   17779351.490          0.000 1441
 111.106    5040281.891          0.000 1441
   0.000          0.000          0.000 1441
   0.000          0.000          0.000 1442
 159.133    8782156.140          0.000 1442
 417.639   22005740.534          0.000 1442
 641.607   23257709.880          0.000 1575
 380.037   13588978.066          0.000 1575
 525.130   20978271.609          0.000 1579
 370.470   13267853.782          0.000 1579
 468.799   21498381.123          0.000 1582
 622.217   26081271.637          0.000 1585
 196.146    8884499.310          0.000 1585
 633.876   27580423.175          0.001 1585
 756.692   31610605.602          0.001 1585
 793.744   33292254.182          0.001 1589
 603.710   19162645.876          0.000 1593
 328.476   11507879.244          0.000 1593
 590.648   22163345.825          0.000 1595
 552.947   19954280.378          0.000 1595
 445.973   16762688.243          0.000 1598
 342.546   11146309.109          0.000 1598
 686.356   21725081.758          0.000 1598
 929.361   41972422.253          0.001 1603
 584.360   17099221.879          0.000 1603
 679.159   23725253.523          0.000 1604
 518.493   16838346.941          0.000 1605
 539.146   15858756.662          0.000 1609
 452.420   14764004.131          0.000 1609
 725.306   25904887.083          0.001 1614
 525.695   19044555.184          0.000 1441
 428.684   21323238.427          0.000 1441
 239.858   11631652.524          0.000 1441
   0.000          0.000          0.000 1472
   0.000          0.000          0.000 1473
 247.611   13333982.481          0.000 1505
 421.487   24014009.338          0.000 1442
 341.417   20588384.649          0.000 1571
 368.545   15917577.203          0.000 1575
 156.185    7623043.762          0.000 1575
 545.531   23221453.527          0.000 1575
 484.477   27787784.951          0.001 1577
 199.910    9026796.186          0.000 1579
 519.762   27361207.286          0.001 1585
 122.655    5993085.322          0.000 1585
 281.912   13038130.233          0.000 1585
 451.172   20301881.297          0.000 1585
 422.477   18683662.654          0.000 1589
 537.185   27919987.483          0.001 1593
 181.596    7974543.934          0.000 1593
 266.647   11769053.569          0.000 1595
 556.999   26546957.723          0.001 1595
 282.993   11869158.166          0.000 1598
 149.137    6533469.420          0.000 1598
 642.762   22922700.206          0.000 1598
 660.406   26117481.645          0.001 1600
 301.361   10839217.890          0.000 1603
 582.395   20713561.025          0.000 1604
 289.720   11664320.064          0.000 1605
 648.473   28045000.194          0.001 1609
 217.113    8587286.482          0.000 1609
 784.342   40317616.373          0.001 1611
 340.232   14263646.645          0.000 1614
 352.345   17286493.105          0.000 1614
 264.036   13202859.133          0.000 1538
   0.000          0.000          0.000 1504
   0.000          0.000          0.000 1505
 338.814   18676234.403          0.000 1505
 161.999    9068887.255          0.000 1571
 549.147   29206963.453          0.001 1573
  83.248    4425185.998          0.000 1575
 484.878   23766953.959          0.000 1575
 317.667   16734392.595          0.000 1577
 275.947   15717161.802          0.000 1577
  79.391    4180498.164          0.000 1579
 209.907   10942628.854          0.000 1582
 385.010   16626994.854          0.000 1585
  80.114    4053457.003          0.000 1585
 136.857    6930659.769          0.000 1585
 234.551   11377324.744          0.000 1585
 333.727   15599759.468          0.000 1585
 327.517   19143248.973          0.000 1589
 270.333   13028162.615          0.000 1589
 109.950    5399769.098          0.000 1593
 474.226   24967384.219          0.000 1595
 107.944    5483020.526          0.000 1595
 352.974   17478435.678          0.000 1598
  70.926    3542945.268          0.000 1598
 427.004   21557300.782          0.000 1600
 392.545   16774835.131          0.000 1600
 135.570    6122276.765          0.000 1603
 242.527   10322356.458          0.000 1604
 345.920   17629696.205          0.000 1605
 105.918    4808331.194          0.000 1609
 416.946   17782398.503          0.000 1611
 310.459   13860252.537          0.000 1613
 128.662    6163922.104          0.000 1614
 240.016   11535007.985          0.000 1614
 325.870   16000662.963          0.000 1617
   0.000          0.000          0.000 1538
   0.000          0.000          0.000 1539
 367.120   20263085.526          0.000 1505
 262.684   13812083.814          0.000 1573
 181.602   10034108.063          0.000 1573
 269.043   14958946.696          0.000 1577
 134.000    7646705.259          0.000 1577
 262.553   15931361.510          0.000 1581
 115.592    6225381.687          0.000 1582
 243.394   13754709.426          0.000 1582
  56.124    2887977.362          0.000 1585
 279.935   15340049.622          0.000 1585
 161.198    8344876.636          0.000 1589
 125.408    6584972.281          0.000 1589
  65.366    3343839.187          0.000 1593
 245.487   14457562.588          0.000 1594
  69.849    3578919.800          0.000 1595
 282.192   15230144.337          0.000 1598
 217.887   10949490.226          0.000 1600
 102.106    5247278.711          0.000 1600
  76.855    3649608.451          0.000 1603
 118.556    5574921.709          0.000 1604
 105.021    5001817.959          0.000 1605
 176.558    9073809.990          0.000 1607
 145.758    6852759.022          0.000 1611
 124.459    6110361.324          0.000 1613
 281.079   14708796.913          0.000 1614
 418.603   22998096.993          0.000 1614
 175.639    8578725.311          0.000 1617
   0.000          0.000          0.000 1567
   0.000          0.000          0.000 1568
   0.000          0.000          0.000 1569
   0.000          0.000          0.000 1570
   0.000          0.000          0.000 1571
   0.000          0.000          0.000 1572
   0.000          0.000          0.000 1573
   0.000          0.000          0.000 1574
   0.000          0.000          0.000 1575
   0.000          0.000          0.000 1576
   0.000          0.000          0.000 1577
   0.000          0.000          0.000 1578
   0.000          0.000          0.000 1579
   0.000          0.000          0.000 1580
   0.000          0.000          0.000 1581
   0.000          0.000          0.000 1582
   0.000          0.000          0.000 1583
   0.000          0.000          0.000 1584
   0.000          0.000          0.000 1585
   0.000          0.000          0.000 1586
   0.000          0.000          0.000 1587
   0.000          0.000          0.000 1588
   0.000          0.000          0.000 1589
   0.000          0.000          0.000 1590
   0.000          0.000          0.000 1591
   0.000          0.000          0.000 1592
   0.000          0.000          0.000 1593
   0.000          0.000          0.000 1594
   0.000          0.000          0.000 1595
   0.000          0.000          0.000 1596
   0.000          0.000          0.000 1597
   0.000          0.000          0.000 1598
   0.000          0.000          0.000 1599
   0.000          0.000          0.000 1600
   0.000          0.000          0.000 1601
   0.000          0.000          0.000 1602
   0.000          0.000          0.000 1603
   0.000          0.000          0.000 1604
   0.000          0.000          0.000 1605
   0.000          0.000          0.000 1606
   0.000          0.000          0.000 1607
   0.000          0.000          0.000 1608
   0.000          0.000          0.000 1609
   0.000          0.000          0.000 1610
   0.000          0.000          0.000 1611
   0.000          0.000          0.000 1612
   0.000          0.000          0.000 1613
   0.000          0.000          0.000 1614
   0.000          0.000          0.000 1615
   0.000          0.000          0.000 1616
   0.000          0.000          0.000 1617
   0.000          0.000          0.000 1618
 203.614    9080760.242          0.000   29
 482.561   22900911.850          0.000   11
 577.025   17654997.434          0.000   13
 653.365   31176144.931          0.001   45
 465.068   16157143.991          0.000   42
 687.959   43147769.880          0.001  170
 823.070   25024214.717          0.000   21
 986.852   26431370.926          0.000   26
1000.290    7964008.964          0.000  353
1000.271    4137735.159          0.000  310
1000.342    3465131.622          0.000  365
1000.394    5176155.062          0.000  428
1000.453   11658364.837          0.000  485
1000.326    6708768.665          0.000  531
1000.260    6064113.532          0.000  564
1000.132    3533870.464          0.000  596
 253.403   12094477.368          0.000  635
 927.056   40421636.567          0.001  635
1000.320    5358092.396          0.000  628
1000.315    5018557.467          0.000  766
1000.411    6927537.495          0.000  713
1000.393    7415151.524          0.000  749
1000.182    5118875.180          0.000  839
 729.438   25962927.316          0.001  913
1000.426    7900519.628          0.000 1087
1000.244   10486435.488          0.000 1138
1000.157    7757082.221          0.000 1052
1000.328    6254001.723          0.000 1115
1000.330    9392378.511          0.000 1117
1000.398    6506764.872          0.000 1184
1000.297   13776972.228          0.000 1165
1000.230    3121635.367          0.000 1326
1000.165    4477449.429          0.000 1269
1000.411    4786586.975          0.000 1334
 606.105   22737119.766          0.000 1380
 914.459   32107172.917          0.001 1603
 899.497   29976310.811          0.001 1605
 527.695   21924991.102          0.000 1603
 487.306   18115086.697          0.000 1609
1000.453   19954982.205          0.000  485
  57.869    3101714.596          0.000    7
 182.155   13076090.030          0.000   21
  25.105    1355522.688          0.000   21
  42.893    2286964.785          0.000   26
 286.917   20722031.867          0.000   31
  44.122    2135661.013          0.000   42
  61.673    3060832.495          0.000   42
  50.377    2454124.167          0.000   44
  63.041    3318280.992          0.000    5
  43.684    2279404.216          0.000   13
 118.767    6427243.174          0.000   15
  56.084    2910811.649          0.000   17
  57.376    2689879.419          0.000   26
  73.076    3754834.944          0.000   29
 139.810    7382948.609          0.000   31
  44.555    2252474.156          0.000   33
 136.913    7327741.673          0.000   40
  86.393    4506640.238          0.000  140
  94.700    4994716.742          0.000  140
  93.412    5152183.520          0.000  170
  63.371    3058063.871          0.000  232
 157.309    8631526.664          0.000  232
  78.370    4093685.518          0.000  297
 174.209    9500303.692          0.000  264
  55.495    2471311.339          0.000  297
 133.506    6677941.359          0.000  327
  53.401    2782685.700          0.000  328
 128.395    7124060.478          0.000  328
  35.569    1777072.709          0.000  388
 147.230    8216541.639          0.000  419
 159.139    7948996.268          0.000  418
  41.908    2236394.293          0.000  419
  94.504    5314928.005          0.000  481
  76.018    3964292.630          0.000  513
  45.203    2189000.818          0.000  574
  64.258    3431670.535          0.000  545
 149.273    8239136.068          0.000  575
 210.130   14328608.077          0.000  604
 124.221    6610321.262          0.000  634
  48.592    2599283.954          0.000  635
  91.229    4991464.780          0.000  697
 179.951   10490000.672          0.000  697
  44.376    2416730.939          0.000  758
  75.708    4237352.125          0.000  787
 168.097    9477726.675          0.000  787
  88.077    4582207.692          0.000  818
 176.202    9522238.699          0.000  913
  50.583    2617137.131          0.000  881
  33.095    1636698.623          0.000  913
  85.338    4246144.578          0.000  946
 129.267    6564917.132          0.000  946
 109.174    5659322.363          0.000 1005
  70.848    3122811.896          0.000 1035
 118.055    6419963.384          0.000 1067
 113.683    6390489.442          0.000 1068
 137.939    7930231.509          0.000 1099
 132.268    6760438.950          0.000 1129
  47.091    2426023.271          0.000 1099
 125.119    6260583.909          0.000 1190
  88.647    4466043.706          0.000 1190
  75.678    4187799.139          0.000 1286
  82.324    4034793.452          0.000 1316
 114.279    6515197.331          0.000 1286
  46.451    2523196.057          0.000 1380
 118.372    6296916.093          0.000 1380
 148.606    8558091.730          0.000 1442
  48.534    2316461.314          0.000 1441
  72.695    3997709.134          0.000 1442
 128.385    6250631.356          0.000 1441
 113.854    6124255.309          0.000 1505
 145.893    7890789.032          0.000 1505
  81.917    4519164.812          0.000 1571
  40.844    2218692.898          0.000 1575
  36.826    1997038.834          0.000 1579
  60.707    3182822.043          0.000 1585
 132.577    7304368.126          0.000 1589
  35.705    1834947.371          0.000 1598
  51.879    2438034.205          0.000 1609
  61.063    2959804.544          0.000 1614
 144.159    7011458.049          0.000 1617
 147.990    7945831.372          0.000 1505
 102.226    5445816.362          0.000 1573
  76.510    4198746.921          0.000 1577
  51.671    2806454.607          0.000 1582
  27.695    1455458.687          0.000 1585
 123.094    6647541.394          0.000 1585
  75.767    3997435.357          0.000 1589
  60.683    3223182.538          0.000 1589
  32.056    1669920.479          0.000 1593
 147.375    7828710.084          0.000 1598
  55.880    2709938.258          0.000 1605
 137.445    7034920.486          0.000 1614
 201.850   10398500.596          0.000 1614
 129.451    7226421.693          0.000   15
 137.013    7057973.764          0.000  327
 132.177    7361360.515          0.000  419
 123.662    6214898.199          0.000  634
  30.834    1524132.576          0.000 1129
 160.064    7958051.609          0.000 1190
  37.157    1808215.959          0.000 1286
 598.142   27968591.796          0.001   42
 605.128   23090541.466          0.000    5
 797.966   35111402.898          0.001   17
 774.360   22788333.302          0.000   33
 752.366   28889877.335          0.001   45
 841.478   29098537.234          0.001   13
1000.493   30773263.197          0.001  227
 980.616   35176710.144          0.001   45
 960.574   31742748.505          0.001   13
1000.320   29706052.096          0.001  237
1000.401   14852575.811          0.000  274
1000.210   11280356.736          0.000  374
1000.315   15963892.889          0.000  382
1000.356   23994433.377          0.000  365
1000.284   14285281.068          0.000  456
1000.312   16514084.883          0.000  473
1000.284   23573318.059          0.000  456
 526.856   29086821.848          0.001  574
1000.342   22781836.600          0.000  551
 987.921   41782553.122          0.001  696
 696.589   25789817.708          0.000  696
1000.344   24285637.281          0.000  675
 914.655   30590400.049          0.001  758
1000.431   23263765.695          0.000  713
1000.381   43615403.305          0.001  776
1000.085   13893415.923          0.000  751
1000.244   14002708.165          0.000  772
1000.455   26228487.170          0.000  809
1000.372   21994908.834          0.000  864
1000.444   26076371.443          0.000  803
1000.353   18783663.561          0.000  825
1000.345   24759734.309          0.000  825
1000.363   21742214.527          0.000  900
1000.340   19145118.472          0.000  903
1000.289   13756656.638          0.000  952
1000.368   19173362.293          0.000 1013
1000.426   24531517.269          0.000 1087
1000.430   27499327.846          0.001 1087
1000.154   14272624.981          0.000 1031
 728.133   26770781.336          0.000 1006
 231.702   10501771.869          0.000 1099
1000.129    5811812.307          0.000 1119
1000.271   15321161.093          0.000 1122
1000.271   17824418.700          0.000 1122
1000.320   21018571.726          0.000 1169
1000.183   26022280.488          0.000 1171
1000.224   32808921.870          0.001 1265
1000.596   11686593.538          0.000 1216
1000.282   16032015.310          0.000 1242
1000.300   36373114.655          0.001 1337
1000.289   16251565.514          0.000 1246
 513.301   31427430.301          0.001 1222
1000.231   33026329.969          0.001 1326
1000.120   20973892.472          0.000 1275
 317.268   16548324.339          0.000 1286
1000.231   24502181.723          0.000 1326
1000.300   18543329.405          0.000 1337
1000.300   21495692.709          0.000 1337
 760.350   31137948.862          0.001 1222
1000.444   23387468.290          0.000 1290
1000.334   20095066.233          0.000 1355
 729.672   20906804.854          0.000 1593
 736.372   22549489.617          0.000 1603
 854.435   28323400.584          0.001 1609
 449.251   20471046.492          0.000 1589
 454.641   17541940.998          0.000 1595
 584.798   28639393.202          0.001 1593
 476.654   26204680.247          0.001 1603
 613.862   33404370.874          0.001 1441
 251.328   10735787.710          0.000 1603
1000.393    5571581.322          0.000  749
1000.284    6149888.945          0.000  456
1000.221   22585095.207          0.000 1265
1000.282    6726453.869          0.000 1242
1000.300   26837241.332          0.000 1337
1000.300   10238502.430          0.000 1337
1000.300   11102091.297          0.000 1337
 555.825   19470313.690          0.000   17
 742.573   30479492.747          0.001   33
 759.718   27307447.732          0.000   13
1000.400    5344104.469          0.000  274
1000.210    5080714.814          0.000  374
1000.312    5625469.183          0.000  473
 522.974   24934737.452          0.000  574
 925.427   28333423.572          0.001  696
 533.796   18530425.821          0.000  696
1000.343   14776227.523          0.000  675
1000.340   28102894.280          0.001  776
1000.085    6052154.386          0.000  751
1000.244    5395214.814          0.000  772
1000.443   17337400.189          0.000  803
1000.362    6674596.852          0.000  900
1000.289    4413925.777          0.000  952
1000.154    6489695.800          0.000 1031
1000.270    6960818.708          0.000 1122
1000.271    6564176.390          0.000 1122
1000.183    6508344.598          0.000 1171
1000.595    4197943.780          0.000 1216
1000.289    5604750.421          0.000 1246
1000.231   19849094.597          0.000 1326
1000.120    4995180.761          0.000 1275
1000.231   13898579.432          0.000 1326
 538.175   18048954.295          0.000 1593
 523.244   23486235.878          0.000 1593
1000.284    3783883.018          0.000  456
 595.255   23558279.389          0.000 1603
1000.300    6984155.898          0.000 1337
1000.300    6550387.614          0.000 1337
 360.926   17587884.550          0.000   49
  79.225    3882786.014          0.000   49
1000.371   11308418.028          0.000  864
 268.612   12236328.976          0.000   13
 199.131    9701824.604          0.000   21
 297.245   13228353.132          0.000   21
 208.815    8678081.414          0.000  232
 122.740    5754837.319          0.000  388
 181.652    7845338.621          0.000 1441
 922.486   32100818.188          0.001 1006
1000.290   14908835.440          0.000 1308
1000.312   14465908.336          0.000  680
 131.216    6784984.201          0.000   21
 182.550    9424056.535          0.000    7
 176.633    9644614.693          0.000 1577
 120.780    5666651.415          0.000   44
 141.557    7242298.412          0.000  947
  82.615    4231389.798          0.000 1006
 290.650   14308985.598          0.000  635
 199.492    8729580.012          0.000  696
 178.115    8031666.804          0.000 1605
 259.613   13384746.273          0.000 1379
 202.669    9457626.758          0.000 1614
 338.675   23131363.688          0.000 1223
 158.241    7352772.391          0.000 1598
 402.470   22304663.245          0.000 1607
 126.072    5296405.852          0.000  696
 136.336    5507558.313          0.000  696
 269.004   14701600.526          0.000 1442
 183.305    8941889.158          0.000 1575
 117.880    6021455.795          0.000 1579
 236.954   11650381.646          0.000   11
 425.387   25241939.938          0.000   15
 163.349    7442238.537          0.000  388
 188.860    9444820.078          0.000  419
 351.136   16072157.359          0.000 1604
 272.609   13502052.040          0.000 1589
 211.845   10499470.061          0.000    5
 220.174    9975546.408          0.000   17
 337.926   16485213.103          0.000  139
 300.838   14594629.369          0.000    5
 381.068   21991516.672          0.000  139
 155.992    7632167.604          0.000  419
 224.060   10628791.176          0.000  449
 294.009   13505479.813          0.000  574
 262.604   11143501.186          0.000  786
 311.020   17070377.116          0.000  818
 237.461   11827449.356          0.000   26
 234.740   11185652.826          0.000   29
 229.736   10689482.359          0.000   42
 299.774   15566919.849          0.000  297
 183.376    8525785.800          0.000  328
 243.389   11485519.735          0.000  513
 138.412    7047482.803          0.000  758
 172.212    8088870.007          0.000  881
 315.413   15278584.676          0.000  946
 310.639   16274157.720          0.000  947
 220.611   10932866.969          0.000 1380
 271.759   13171317.947          0.000 1585
 202.769    9534171.728          0.000 1595
 145.370    7578219.863          0.000 1380
 261.245   11446510.693          0.000  169
 162.659    7164291.906          0.000 1222
 204.882    8339624.406          0.000   26
 266.917   12212942.645          0.000  635
 317.082   17505343.545          0.000  787
 209.641    8920834.654          0.000  913
 279.683   10215701.718          0.000 1035
 342.511   16859228.059          0.000 1190
 194.793    8172672.857          0.000 1222
 255.930   12087518.786          0.000  635
 267.234   10776938.951          0.000   37
 344.534   15912469.072          0.000   45
 286.135   11893017.544          0.000   29
 374.120   19524326.967          0.000  264
 257.863   10317825.764          0.000 1099
 331.292   14372579.586          0.000 1286
 279.771   10370962.573          0.000 1286
 327.105   16129842.760          0.000 1582
 250.143   11267799.900          0.000 1593
 372.024   22602471.651          0.000 1593
 261.868   10773947.946          0.000  388
 182.926    7949672.443          0.000  388
 492.297   24084044.699          0.000  388
 316.582   12415263.346          0.000 1441
 215.036    9860066.472          0.000 1579
 477.007   23202726.709          0.000 1614
 332.944   14917374.338          0.000   42
 282.622   11006938.558          0.000  232
 471.491   28964862.799          0.001 1067
 425.740   23687844.136          0.000  170
 355.821   17574321.370          0.000 1005
 317.240   12244154.974          0.000 1129
 278.462   11264340.115          0.000 1585
 397.466   17898282.031          0.000 1585
 331.042   12968401.225          0.000 1441
 411.900   17615168.625          0.000   13
 553.473   32121484.835          0.001  574
 364.602   16055019.561          0.000  635
 416.649   18521894.862          0.000  635
 277.222   10168691.879          0.000 1598
 348.332   14424873.965          0.000 1595
 334.166   12618635.912          0.000 1598
 229.559    8820001.987          0.000 1598
 294.898   11030494.687          0.000  913
 272.520   11497879.083          0.000 1575
 392.156   16784474.528          0.000   29
 291.438   11052827.844          0.000  913
 315.068   13252662.788          0.000   11
 413.741   20370747.662          0.000  786
 231.947    9758136.310          0.000   21
 383.455   15761776.675          0.000  947
 424.897   15146536.867          0.000 1006
 260.306   10997784.927          0.000 1006
 517.031   22484229.087          0.000 1006
 382.442   13154983.075          0.000 1006
 316.898   13155217.481          0.000 1579
 432.039   16215199.127          0.000 1604
 483.590   19558079.979          0.000   45
 214.067    9560129.658          0.000 1006
 267.780   11124608.060          0.000 1006
 350.395   14924067.601          0.000 1006
 286.260   12168665.117          0.000  758
 395.937   12864122.981          0.000 1441
 592.480   26773845.175          0.001 1613
 290.318   14715031.877          0.000 1573
 268.323   10622012.006          0.000 1006
 194.906    8864245.492          0.000 1006
 416.261   13655236.381          0.000   33
 491.541   18225956.497          0.000  388
 380.991   14041573.360          0.000  419
 469.441   17562378.638          0.000  419
 529.758   23906565.346          0.000  419
 534.190   22616688.617          0.000 1006
 514.640   18850652.843          0.000 1129
 569.728   23965435.123          0.000 1609
 509.296   18484059.493          0.000   33
 263.082   11493750.178          0.000 1006
 511.503   17015399.750          0.000  913
 401.132   14564436.504          0.000  881
 535.312   25895459.845          0.001 1613
 500.533   16786850.240          0.000   26
 533.517   21666501.296          0.000  635
 569.223   24338808.965          0.000 1380
 568.766   21110560.596          0.000  297
 421.889   13911549.154          0.000  913
 441.821   16135679.497          0.000 1575
 445.162   14105135.720          0.000 1603
 444.323   16090477.273          0.000   13
 414.372   14108159.246          0.000   21
 519.422   19123283.822          0.000   11
 442.717   15602506.331          0.000  328
 526.747   19627393.107          0.000 1585
 388.401   16170668.619          0.000 1585
 285.564   12049160.818          0.000   13
 324.288   12041209.933          0.000   21
 489.810   17147873.040          0.000  328
 473.018   14634151.479          0.000  388
 542.348   17300390.107          0.000  388
 426.991   16974719.642          0.000  758
 599.443   25582781.077          0.000 1585
 342.330   14112140.040          0.000  758
 443.701   15952647.212          0.000  758
 563.764   16542608.252          0.000   37
 596.058   22586610.383          0.000  947
 599.987   18946262.574          0.000 1222
 522.703   16061050.385          0.000 1222
 359.873   15101722.271          0.000  169
 604.289   19175500.725          0.000  419
 545.273   14896267.677          0.000  696
 609.901   16255969.274          0.000  696
 635.017   20370784.110          0.000  881
 590.962   17279644.318          0.000 1441
 616.126   13285553.510          0.000   37
 592.834   16902089.997          0.000  696
 577.983   17161413.051          0.000 1099
 641.269   21996277.274          0.000 1575
 558.527   17457001.447          0.000 1579
 640.850   20421322.052          0.000 1099
 679.749   22577165.083          0.000   42
 651.893   18225933.037          0.000 1286
 631.623   23744982.863          0.000 1380
 609.547   17030021.688          0.000 1598
 669.205   21110696.170          0.000  232
 652.691   20094541.971          0.000  232
 689.340   23991579.497          0.000  328
 724.090   26293363.926          0.001  574
 709.122   26595807.589          0.000  758
 602.250   18486171.161          0.000 1006
 651.095   19136122.051          0.000 1035
 666.488   22811011.720          0.000 1585
 689.195   22111320.823          0.000 1603
 645.118   16544255.959          0.000  297
 675.978   18207982.526          0.000  297
 656.238   17242138.350          0.000  574
 694.496   29188944.474          0.001  545
 681.364   18622020.775          0.000  574
 718.014   22928592.305          0.000  913
 663.181   20258310.569          0.000 1129
 649.654   18815490.334          0.000 1585
 707.428   26893207.827          0.000  635
 684.592   20717017.176          0.000  913
 584.130   19148558.502          0.000   33
 752.182   29122828.143          0.001   42
 670.711   19763567.790          0.000  388
 710.133   21536554.817          0.000 1222
 705.236   27918877.451          0.001 1585
 750.745   24646999.434          0.000  388
 755.970   20830809.938          0.000  696
 488.007   18133915.227          0.000 1585
 471.115   16829057.438          0.000 1585
 776.815   23825688.207          0.000   13
 789.683   21378793.613          0.000  696
 779.266   27212318.278          0.001  913
 779.170   24890520.271          0.000 1593
