   0.000          0.000          0.000    1
   0.000          0.000          0.000    2
   0.000          0.000          0.000    3
   0.000          0.000          0.000    4
   0.000          0.000          0.000    5
   0.000          0.000          0.000    6
   0.000          0.000          0.000    7
   0.000          0.000          0.000    8
   0.000          0.000          0.000    9
   0.000          0.000          0.000   10
   0.000          0.000          0.000   11
   0.000          0.000          0.000   12
   0.000          0.000          0.000   13
   0.000          0.000          0.000   14
   0.000          0.000          0.000   15
   0.000          0.000          0.000   16
   0.000          0.000          0.000   17
   0.000          0.000          0.000   18
   0.000          0.000          0.000   19
   0.000          0.000          0.000   20
   0.000          0.000          0.000   21
   0.000          0.000          0.000   22
   0.000          0.000          0.000   23
   0.000          0.000          0.000   24
   0.000          0.000          0.000   25
   0.000          0.000          0.000   26
   0.000          0.000          0.000   27
   0.000          0.000          0.000   28
   0.000          0.000          0.000   29
   0.000          0.000          0.000   30
   0.000          0.000          0.000   31
   0.000          0.000          0.000   32
   0.000          0.000          0.000   33
   0.000          0.000          0.000   34
   0.000          0.000          0.000   35
   0.000          0.000          0.000   36
   0.000          0.000          0.000   37
   0.000          0.000          0.000   38
   0.000          0.000          0.000   39
   0.000          0.000          0.000   40
   0.000          0.000          0.000   41
   0.000          0.000          0.000   42
   0.000          0.000          0.000   43
   0.000          0.000          0.000   44
   0.000          0.000          0.000   45
   0.000          0.000          0.000   46
   0.000          0.000          0.000   47
   0.000          0.000          0.000   48
   0.000          0.000          0.000   49
   0.000          0.000          0.000   50
   0.000          0.000          0.000   51
   0.000          0.000          0.000   52
 166.774    8961320.554          0.000    3
 217.133   12009479.494          0.000    3
 186.204    9617015.898          0.000    7
 187.222    8623181.693          0.000    7
 102.096    4805654.718          0.000   11
 272.058   17971510.065          0.000   11
 246.820   13855671.313          0.000   15
 192.754   10248952.283          0.000   15
 195.705   10766359.752          0.000   19
 337.165   20471875.084          0.000   21
 113.898    5237716.465          0.000   21
 282.159   17907287.218          0.000   23
 123.941    6218770.512          0.000   26
 244.889   14566106.084          0.000   28
 118.836    5413272.999          0.000   29
 336.775   25693664.442          0.000   31
 393.085   27043777.201          0.001   31
 201.380    8082046.481          0.000   35
 182.020    8175726.538          0.000   37
  94.743    3650215.125          0.000   37
 241.787   14317545.011          0.000   38
 326.351   14861793.206          0.000   42
 167.719    6398291.181          0.000   42
 296.460   14048926.453          0.000   44
 116.231    4810864.545          0.000   45
 179.402    8047841.404          0.000   49
 226.229   11898372.524          0.000  111
   0.000          0.000          0.000   80
   0.000          0.000          0.000   81
 384.868   23047112.737          0.000    3
 371.785   14728895.767          0.000    5
 190.517    8931894.309          0.000    5
 456.168   17444497.054          0.000    7
 322.470   13049215.720          0.000    7
 152.074    6982328.030          0.000   11
 274.344   14589842.360          0.000   13
 135.054    6618775.019          0.000   13
 254.764   15127116.577          0.000   15
 195.379    8568765.809          0.000   17
 442.288   18367686.072          0.000   17
 427.442   15592180.772          0.000   21
 181.207    7774025.538          0.000   21
 238.654   11605271.166          0.000   26
 240.768    8865510.316          0.000   26
 192.373    8559925.472          0.000   29
 225.241    9875144.412          0.000   29
 321.908   17187675.194          0.000   31
 193.686    8784268.631          0.000   33
 461.908   15292778.395          0.000   35
 527.651   22136614.862          0.000   37
 215.585    6576598.182          0.000   37
 247.572   13107676.425          0.000   40
 225.594    6488921.113          0.000   42
 548.559   21437366.895          0.000   42
 369.793   11705932.991          0.000   44
 204.287    8010721.113          0.000   45
 466.712   18829755.061          0.000   49
 176.019    8289759.616          0.000  140
   0.000          0.000          0.000  111
   0.000          0.000          0.000  112
 185.172    9596415.942          0.000  141
 576.635   26779319.976          0.001    5
 644.269   37298025.705          0.001    5
 581.050   25966723.635          0.000    7
 419.033   14392543.215          0.000   11
 280.678   13044225.768          0.000   13
 270.134   12428959.209          0.000   13
 625.356   29815829.378          0.001   17
 581.205   25236342.686          0.000   17
 700.239          0.000          0.000  122
 477.147   14991750.686          0.000   21
 590.185   27685139.575          0.001   21
 642.782   32118212.224          0.001   26
 433.475   22778713.624          0.000   26
 433.823   21712754.100          0.000   29
 551.974   23543642.077          0.000   29
 622.210   24756629.012          0.000   29
 538.993   20373232.927          0.000   33
 700.276          0.000          0.000  131
 658.137   21309199.962          0.000   37
 410.399   10869530.092          0.000   37
 447.804   11879768.101          0.000   42
 557.464   16538259.868          0.000   42
 551.017   17732047.903          0.000   44
 472.520   14340785.166          0.000   45
 603.408   28945409.454          0.001  140
 194.022    9182651.245          0.000  140
   0.000          0.000          0.000  140
   0.000          0.000          0.000  141
 228.792   12089266.135          0.000  141
 610.865   26198647.866          0.000    5
 700.431          0.000          0.000  144
 700.355          0.000          0.000  145
 612.815   23931555.668          0.000   11
 575.715   22849414.449          0.000   13
 584.996   21875424.936          0.000   13
 700.722   13820699.650          0.000  150
 700.721          0.000          0.000  150
 700.238   19224635.474          0.000  182
 700.238    8207192.595          0.000  182
 700.521   10035998.855          0.000  154
 700.521          0.000          0.000  154
 691.998   31213079.806          0.001   26
 615.164   18317219.565          0.000   26
 669.922   26009532.292          0.000   29
 700.147   11240020.610          0.000  159
 700.146          0.000          0.000  159
 700.163          0.000          0.000  160
 700.279   12488437.107          0.000  131
 613.880   19375648.650          0.000   37
 520.456   13665614.599          0.000   37
 580.031   16283308.231          0.000   42
 671.719   24989941.589          0.000   42
 700.458   11973148.437          0.000  228
 654.984   25694926.999          0.001   45
 620.493   31543446.650          0.001  140
 197.105    9660467.721          0.000  140
   0.000          0.000          0.000  170
   0.000          0.000          0.000  171
 207.035   10833087.090          0.000  171
 319.947   16886550.793          0.000  171
 700.431    7002986.740          0.000  144
 700.355    8631267.372          0.000  145
 700.200   12727801.942          0.000  206
 700.310   15741242.848          0.000  238
 700.474          0.000          0.000  178
 700.572          0.000          0.000  179
 700.428    9364615.493          0.000  211
 700.238    5707477.921          0.000  182
 700.238          0.000          0.000  182
 700.238    3329132.386          0.000  182
 700.526    9974896.691          0.000  154
 700.327   14748934.570          0.000  246
 700.301   11865890.667          0.000  218
 700.172          0.000          0.000  187
 700.147    9018370.016          0.000  159
 700.318   17629509.316          0.000  222
 700.318    9852001.322          0.000  222
 700.318   15372924.719          0.000  222
 640.121   20166425.519          0.000   37
 687.436   29634557.981          0.001   37
 682.782   25105646.012          0.000   42
 700.458   12584330.996          0.000  228
 700.458    5080668.941          0.000  228
 700.533   12923734.242          0.000  198
 700.514          0.000          0.000  198
 241.692   10726292.047          0.000  170
 126.981    5709469.528          0.000  170
   0.000          0.000          0.000  201
   0.000          0.000          0.000  202
 223.044   11480505.852          0.000  233
 700.437   26786341.892          0.000  144
 700.234    7653068.203          0.000  236
 700.175          0.000          0.000  206
 700.310    4605886.240          0.000  238
 700.399   24480501.336          0.000  275
 700.432   17436678.856          0.000  211
 700.428    5149340.300          0.000  211
 700.428          0.000          0.000  211
 700.238   13505475.688          0.000  182
 700.238    6096167.434          0.000  182
 700.238   15349923.950          0.000  182
 700.319    8747962.623          0.000  246
 700.319    5291317.478          0.000  246
 700.302   10178518.356          0.000  218
 700.301          0.000          0.000  218
 700.172    6683927.271          0.000  187
 700.255   12017671.923          0.000  249
 700.318    8935424.658          0.000  222
 700.318          0.000          0.000  222
 700.318    6104600.509          0.000  222
 700.348   11017459.350          0.000  255
 700.348   16492377.762          0.000  255
 700.356    9225538.291          0.000  257
 700.458   10144176.764          0.000  228
 700.458          0.000          0.000  228
 700.374    9008497.212          0.000  260
 640.521   27394725.061          0.001  170
 268.844   12428128.808          0.000  201
   0.000          0.000          0.000  232
   0.000          0.000          0.000  233
 370.040   22058393.505          0.000  233
 700.243   37030289.923          0.001  236
 700.234          0.000          0.000  236
 700.307   11118531.846          0.000  270
 700.310          0.000          0.000  238
 700.399   23164323.748          0.000  275
 700.399   12767479.944          0.000  275
 700.433   15638359.696          0.000  211
 700.345    9524888.241          0.000  277
 700.243   13350801.534          0.000  182
 700.274   14337577.269          0.000  311
 700.319    7589464.636          0.000  246
 700.319          0.000          0.000  246
 700.320   15766996.045          0.000  246
 700.315   10234974.643          0.000  283
 700.254          0.000          0.000  249
 700.256   10694020.337          0.000  249
 700.322   17552928.577          0.000  222
 700.351   19485243.640          0.000  255
 700.348   10579714.677          0.000  255
 700.348    4583382.570          0.000  255
 700.347          0.000          0.000  255
 700.348    7073196.179          0.000  255
 700.350          0.000          0.000  257
 700.458   13776901.107          0.000  228
 700.369   16054977.355          0.000  260
 700.368          0.000          0.000  260
 700.369    8308696.115          0.000  260
 602.621   23604716.867          0.000  298
 183.014    8033534.417          0.000  298
   0.000          0.000          0.000  264
   0.000          0.000          0.000  265
 422.929   27399042.492          0.001  265
 668.530   29909840.764          0.001  265
 700.234   24718067.811          0.000  236
 700.234    3398929.095          0.000  236
 700.306          0.000          0.000  270
 700.306    6434876.127          0.000  270
 700.311   12872768.954          0.000  238
 700.222   16021701.965          0.000  335
 700.399    4989251.261          0.000  275
 700.398          0.000          0.000  275
 700.345    7555152.168          0.000  277
 700.345          0.000          0.000  277
 700.270   15306786.378          0.000  311
 700.270    3583657.606          0.000  311
 700.320    9035642.831          0.000  246
 700.536   10824297.178          0.000  314
 700.301   12707568.257          0.000  283
 700.301          0.000          0.000  283
 700.258    8175435.959          0.000  249
 700.241    7480380.341          0.000  286
 700.236          0.000          0.000  286
 700.239   11040487.736          0.000  319
 700.348    9886954.104          0.000  255
 700.348    5778039.795          0.000  255
 700.348   15681243.400          0.000  255
 700.359    9707603.174          0.000  257
 700.350   13290994.170          0.000  257
 700.369   13838425.257          0.000  260
 700.369    6543502.267          0.000  260
 682.466   21812557.263          0.000  298
 586.837   14554479.759          0.000  298
 281.967    8788433.534          0.000  298
   0.000          0.000          0.000  298
   0.000          0.000          0.000  299
 142.430    6748583.844          0.000  265
 291.638   13559403.969          0.000  265
 700.234   15737826.176          0.000  236
 700.234    8203500.654          0.000  236
 700.311   10858144.761          0.000  270
 700.307   16419814.102          0.000  270
 700.226   12456636.518          0.000  335
 700.214    6206747.650          0.000  335
 700.404    8777203.488          0.000  275
 700.356   14009508.387          0.000  277
 700.029          0.000          0.000  310
 700.270          0.000          0.000  311
 700.533   18608202.429          0.000  314
 700.533    9193288.635          0.000  314
 700.533          0.000          0.000  314
 700.304   16003476.050          0.000  283
 700.301   11150239.324          0.000  283
 700.236   11906590.207          0.000  286
 700.236    6485790.233          0.000  286
 700.238          0.000          0.000  319
 700.331          0.000          0.000  320
 700.348   12526499.325          0.000  255
 700.345   18197711.902          0.000  383
 700.287   11332228.004          0.000  354
 700.287    5701364.246          0.000  354
 700.380   16431832.245          0.000  260
 698.157   29760688.711          0.001  298
 320.150   14345768.872          0.000  328
   0.000          0.000          0.000  328
   0.000          0.000          0.000  329
 208.642    9728053.955          0.000  329
 589.745   22427962.319          0.000  329
 700.234   17234746.158          0.000  236
 700.314    8168949.476          0.000  364
 700.340   15291924.748          0.000  366
 700.214          0.000          0.000  335
 700.420   11785620.663          0.000  368
 700.403    8580753.182          0.000  368
 700.404   17363213.351          0.000  368
 700.417          0.000          0.000  339
 700.274   13365282.693          0.000  311
 700.270    5009861.753          0.000  311
 700.270    8215758.871          0.000  311
 700.282          0.000          0.000  343
 700.542   15726494.009          0.000  314
 700.264          0.000          0.000  345
 700.340   15723760.711          0.000  408
 700.236   16376085.012          0.000  286
 700.238    4088370.552          0.000  319
 700.332    7997581.167          0.000  320
 700.320   10058011.560          0.000  382
 700.318   11456992.732          0.000  382
 700.310    5906694.130          0.000  383
 700.287    6436354.435          0.000  354
 700.287          0.000          0.000  354
 700.222   10658087.629          0.000  416
 700.222   18635616.469          0.000  416
 537.228   15163841.305          0.000  389
 248.325   13320212.230          0.000  328
   0.000          0.000          0.000  359
   0.000          0.000          0.000  360
 314.636   15110630.412          0.000  329
 639.837   24827550.788          0.000  420
 700.422    8327652.336          0.000  394
 700.314          0.000          0.000  364
 700.337    6923893.874          0.000  366
 700.337          0.000          0.000  366
 700.403   10043180.573          0.000  368
 700.403          0.000          0.000  368
 700.403    4284698.940          0.000  368
 700.409   22659588.120          0.000  429
 700.270   20076617.128          0.000  311
 700.270   12205607.512          0.000  311
 700.270   15703473.972          0.000  311
 700.270   21350605.555          0.000  311
 700.208          0.000          0.000  375
 700.237   13087302.999          0.000  406
 700.335   16254975.535          0.000  408
 700.335    6600361.600          0.000  408
 700.238   15654199.686          0.000  319
 700.239   14823392.395          0.000  319
 700.318    8898318.433          0.000  382
 700.318          0.000          0.000  382
 700.310          0.000          0.000  383
 700.287   14620017.722          0.000  354
 700.297    9742576.116          0.000  354
 700.221    4375878.326          0.000  416
 682.587   21732828.416          0.000  389
 167.180    5485789.471          0.000  389
   0.000          0.000          0.000  389
   0.000          0.000          0.000  390
 355.353   20769975.647          0.000  420
 467.685   14807462.745          0.000  420
 700.421    5151161.926          0.000  394
 700.421          0.000          0.000  394
 700.517   13793912.627          0.000  424
 700.337    8013859.725          0.000  366
 700.337    5185244.631          0.000  366
 700.403    7647148.153          0.000  368
 700.391    7456111.212          0.000  429
 700.391   12049058.412          0.000  429
 700.270    9663343.510          0.000  432
 700.261   13727001.145          0.000  404
 700.261    5318588.045          0.000  404
 700.261          0.000          0.000  404
 700.219   13051224.093          0.000  375
 700.232          0.000          0.000  406
 700.279   12267330.022          0.000  437
 700.335          0.000          0.000  408
 700.255    8754457.005          0.000  439
 700.246    9394138.619          0.000  441
 700.319   17694917.745          0.000  382
 700.318    5120783.467          0.000  382
 700.310    5037300.910          0.000  383
 700.347   17332583.696          0.000  445
 700.345    8109547.178          0.000  445
 700.221          0.000          0.000  416
 675.039   18745423.476          0.000  389
 334.362   14993376.689          0.000  419
   0.000          0.000          0.000  419
   0.000          0.000          0.000  420
 158.657    6515132.983          0.000  420
 551.057   18380643.969          0.000  420
 700.517    9887987.088          0.000  424
 700.516          0.000          0.000  424
 700.516    6522532.216          0.000  424
 700.337   12474040.477          0.000  366
 700.337   11845281.482          0.000  366
 700.393   13540846.571          0.000  429
 700.391          0.000          0.000  429
 700.391    6305826.023          0.000  429
 700.391   12378173.235          0.000  429
 700.265          0.000          0.000  432
 700.261   10451761.344          0.000  404
 700.432   15067146.926          0.000  466
 700.155   17690822.292          0.000  467
 700.316   17100374.120          0.000  406
 700.271          0.000          0.000  437
 700.255   10709289.632          0.000  439
 700.255          0.000          0.000  439
 700.255    6457226.338          0.000  439
 700.246          0.000          0.000  441
 700.325   13812315.063          0.000  382
 700.311   12115899.312          0.000  383
 700.313    8901291.539          0.000  474
 700.345          0.000          0.000  445
 700.222   10636381.698          0.000  416
 699.479   30757205.556          0.001  389
 683.880   28790095.371          0.001  389
 214.470   11392593.603          0.000  419
   0.000          0.000          0.000  450
   0.000          0.000          0.000  451
 265.505   13956078.144          0.000  420
 529.949   17666980.662          0.000  420
 700.449   14741127.918          0.000  486
 700.518    9717620.617          0.000  424
 700.283    6575294.686          0.000  457
 700.283          0.000          0.000  457
 700.357   22236009.632          0.000  366
 700.391   12300538.734          0.000  429
 700.391    4481521.209          0.000  429
 700.288   17537320.318          0.000  525
 700.439   28201901.074          0.001  429
 700.350   19621166.028          0.000  529
 700.350   10781020.502          0.000  529
 700.443   11214145.382          0.000  466
 700.432          0.000          0.000  466
 700.121          0.000          0.000  467
 700.081          0.000          0.000  468
 700.380   11315887.805          0.000  501
 700.255    6870048.118          0.000  439
 700.143   20284732.389          0.000  536
 700.143   13547156.783          0.000  536
 700.449   16920696.758          0.000  538
 700.310          0.000          0.000  474
 700.310   14023761.489          0.000  474
 700.345    5949230.968          0.000  445
 700.345   12864764.529          0.000  445
 671.058   26257728.082          0.001  450
 570.677   18208930.080          0.000  450
 149.485    5842816.777          0.000  450
   0.000          0.000          0.000  481
   0.000          0.000          0.000  482
 228.907   10769155.721          0.000  482
 520.363   20712426.339          0.000  482
 700.449   15411909.410          0.000  486
 700.449          0.000          0.000  486
 700.469   17754135.835          0.000  486
 700.283   16136848.512          0.000  457
 700.283    8069352.848          0.000  457
 700.391   21066919.824          0.000  429
 700.391   13423730.968          0.000  429
 700.282   14252997.198          0.000  525
 700.281    5603010.727          0.000  525
 700.286   14268334.044          0.000  525
 700.350   19380337.931          0.000  529
 700.350    4893624.845          0.000  529
 700.432    9340273.617          0.000  466
 700.243          0.000          0.000  498
 700.324   17752273.371          0.000  532
 700.327   12750162.327          0.000  532
 700.357          0.000          0.000  501
 700.369   10133968.246          0.000  503
 700.369          0.000          0.000  503
 700.143    2614842.300          0.000  536
 700.143    6993785.812          0.000  536
 700.152   17864377.621          0.000  536
 700.445    7444692.773          0.000  538
 700.311    8596550.733          0.000  474
 700.345   11586278.694          0.000  445
 700.345   23784535.208          0.000  445
 642.236   25564643.196          0.001  575
 195.441   10002348.730          0.000  481
   0.000          0.000          0.000  513
   0.000          0.000          0.000  514
 216.259   10120869.389          0.000  514
 615.567   24621417.946          0.000  514
 700.449    9597588.896          0.000  486
 700.449    5339691.218          0.000  486
 700.473    9553481.224          0.000  520
 700.472          0.000          0.000  520
 700.342   14585282.615          0.000  552
 700.557    7695127.297          0.000  523
 700.557          0.000          0.000  523
 700.288   16273915.876          0.000  525
 700.281          0.000          0.000  525
 700.281    5340812.835          0.000  525
 700.474   20804944.588          0.000  588
 700.350    7265202.831          0.000  529
 700.349          0.000          0.000  529
 700.243    8031854.178          0.000  498
 700.324    8796071.398          0.000  532
 700.324          0.000          0.000  532
 700.262   16087868.727          0.000  565
 700.256   10104791.123          0.000  565
 700.376   10318660.687          0.000  503
 700.143          0.000          0.000  536
 700.139   21807590.472          0.000  597
 700.445          0.000          0.000  538
 700.445    4540434.923          0.000  538
 700.303    6561562.218          0.000  571
 700.295    7308485.243          0.000  572
 700.287          0.000          0.000  542
 494.511   16819436.294          0.000  575
 167.176    7367258.007          0.000  575
   0.000          0.000          0.000  545
   0.000          0.000          0.000  546
 183.616    8371393.021          0.000  546
 681.806   26284314.554          0.000  546
 700.452   19320113.616          0.000  486
 700.273    7022110.677          0.000  580
 700.476    9030404.631          0.000  520
 700.340          0.000          0.000  552
 700.340    7469577.752          0.000  552
 700.190    6303356.307          0.000  583
 700.561   10744155.869          0.000  523
 700.360    6777358.780          0.000  585
 700.281    6169325.341          0.000  525
 700.281    6702054.002          0.000  525
 700.459    8437192.239          0.000  588
 700.350    8229075.206          0.000  529
 700.390    8827568.966          0.000  590
 700.260    9092113.040          0.000  591
 700.324   12273672.885          0.000  532
 700.324   11658154.985          0.000  532
 700.256          0.000          0.000  565
 700.256    4634571.767          0.000  565
 700.094    6577957.628          0.000  595
 700.130    7690758.568          0.000  597
 700.453   12179198.082          0.000  538
 700.317   11656545.771          0.000  571
 700.303          0.000          0.000  571
 700.294          0.000          0.000  572
 700.287   11198443.983          0.000  542
 357.412   16717553.516          0.000  575
   0.000          0.000          0.000  575
   0.000          0.000          0.000  576
 331.713   19594106.856          0.000  576
 345.192   15543416.586          0.000  546
 700.304   19626737.919          0.000  580
 700.273          0.000          0.000  580
 700.273   16812239.606          0.000  580
 700.340    5512903.459          0.000  552
 700.190          0.000          0.000  583
 700.360    6959986.151          0.000  585
 700.359          0.000          0.000  585
 700.289   16713259.423          0.000  525
 700.282   14473720.668          0.000  525
 700.459          0.000          0.000  588
 700.358   16487764.655          0.000  529
 700.387          0.000          0.000  590
 700.254          0.000          0.000  591
 700.225          0.000          0.000  592
 700.276   13670692.511          0.000  565
 700.366   21389446.901          0.000  658
 700.094          0.000          0.000  595
 700.130    6507658.267          0.000  597
 700.130          0.000          0.000  597
 700.317   10082778.103          0.000  629
 700.213    8816477.907          0.000  630
 700.175   10213322.197          0.000  601
 700.169          0.000          0.000  601
 595.585   23674518.761          0.000  575
 163.517    7141150.059          0.000  575
   0.000          0.000          0.000  604
   0.000          0.000          0.000  605
 380.908   25077440.634          0.000  605
 267.576   12342047.701          0.000  636
 700.274   20567859.646          0.000  580
 700.273    8252420.526          0.000  580
 700.273    7207667.120          0.000  580
 700.318   20448032.607          0.000  673
 700.341   14061375.719          0.000  552
 700.196    9903903.816          0.000  583
 700.360   14744929.414          0.000  585
 700.366   11011671.886          0.000  585
 700.319   14826852.134          0.000  679
 700.459    7189973.952          0.000  588
 700.338   19237739.283          0.000  652
 700.319    8852010.389          0.000  652
 700.254   13674850.826          0.000  591
 700.254    5255549.566          0.000  591
 700.441   10676740.749          0.000  654
 700.327    8175366.937          0.000  656
 700.127          0.000          0.000  624
 700.344    9147160.377          0.000  658
 700.344    6671834.845          0.000  658
 700.130   12436035.721          0.000  597
 700.317    2409520.572          0.000  629
 700.317          0.000          0.000  629
 700.212          0.000          0.000  630
 700.264   14779299.227          0.000  663
 640.536   22481060.717          0.000  698
 615.128   28867375.884          0.001  635
 268.212   12427412.587          0.000  635
   0.000          0.000          0.000  635
   0.000          0.000          0.000  636
 139.277    6612406.467          0.000  636
 259.752   11345520.104          0.000  636
 635.729   25098687.194          0.000  636
 700.274   16161355.458          0.000  580
 700.315    9551175.635          0.000  673
 700.197          0.000          0.000  642
 700.162          0.000          0.000  643
 700.252          0.000          0.000  644
 700.253   10474104.410          0.000  644
 700.326   14171867.683          0.000  679
 700.319    3726972.238          0.000  679
 700.319    7596011.633          0.000  679
 700.540    8770113.119          0.000  650
 700.540          0.000          0.000  650
 700.319   11653379.989          0.000  652
 700.319          0.000          0.000  652
 700.256   15559412.631          0.000  591
 700.429          0.000          0.000  654
 700.326    6010763.183          0.000  656
 700.326          0.000          0.000  656
 700.344    8320221.155          0.000  658
 700.344          0.000          0.000  658
 700.344   18235973.960          0.000  658
 700.317    8305473.904          0.000  629
 700.330    9315447.855          0.000  629
 700.317    8370677.501          0.000  629
 700.264          0.000          0.000  663
 700.206          0.000          0.000  664
 470.664   13482059.095          0.000  698
 226.740   12160164.550          0.000  635
   0.000          0.000          0.000  667
   0.000          0.000          0.000  668
 190.097   11309002.836          0.000  699
 603.491   36951210.875          0.001  699
 591.013   20482165.712          0.000  636
 700.274   24898382.380          0.000  580
 700.315          0.000          0.000  673
 700.315    8579592.743          0.000  673
 700.395   15976340.403          0.000  706
 700.318   16815706.864          0.000  644
 700.341          0.000          0.000  677
 700.319   12318765.985          0.000  679
 700.319          0.000          0.000  679
 700.319   10991207.338          0.000  679
 700.516   12701226.615          0.000  711
 700.306          0.000          0.000  682
 700.306   10186787.789          0.000  682
 700.413   17473455.816          0.000  715
 700.406    6529112.500          0.000  715
 700.429    9595132.711          0.000  654
 700.429    5327617.517          0.000  654
 700.326    6124770.893          0.000  656
 700.349   16649365.661          0.000  658
 700.344    8728824.469          0.000  658
 700.317   14198223.940          0.000  629
 700.317   19079308.715          0.000  629
 700.322   16404434.150          0.000  629
 700.273    9087109.894          0.000  663
 700.211    7701737.595          0.000  664
 501.499   14648066.117          0.000  698
  95.851    3702860.295          0.000  698
   0.000          0.000          0.000  698
   0.000          0.000          0.000  699
 225.940   10070991.853          0.000  699
 476.288   17444199.537          0.000  699
 686.645   33358349.551          0.001  636
 700.315   13011021.014          0.000  673
 700.324   18253794.641          0.000  673
 700.382    4172671.132          0.000  706
 700.382          0.000          0.000  706
 700.341    8223638.331          0.000  677
 700.162          0.000          0.000  708
 700.164    8729382.754          0.000  740
 700.516    5569891.529          0.000  711
 700.516          0.000          0.000  711
 700.306    6745678.436          0.000  682
 700.407   13806629.240          0.000  715
 700.406    6269180.242          0.000  715
 700.406          0.000          0.000  715
 700.429   12896493.873          0.000  654
 700.328   14124926.101          0.000  656
 700.336   19434162.402          0.000  778
 700.336   11935834.840          0.000  778
 700.336   10334391.680          0.000  778
 700.318   24090801.450          0.000  629
 700.391    9899099.877          0.000  751
 700.331   13120879.766          0.000  752
 700.406   20158114.331          0.000  754
 700.399   10153813.275          0.000  754
 640.182   21753519.229          0.000  698
 516.379   17668808.538          0.000  698
 248.641   13828789.598          0.000  698
   0.000          0.000          0.000  729
   0.000          0.000          0.000  730
 330.433   20895219.256          0.000  699
 526.159   19524614.998          0.000  760
 669.845   28210653.643          0.001  760
 700.286   12477078.120          0.000  763
 700.400   22361103.432          0.000  826
 700.330          0.000          0.000  736
 700.395   11853458.844          0.000  706
 700.314   13210123.603          0.000  768
 700.162    6570464.050          0.000  708
 700.159          0.000          0.000  740
 700.516   15666993.708          0.000  711
 700.516    5827417.741          0.000  711
 700.315          0.000          0.000  743
 700.407   16819568.217          0.000  715
 700.406    7737487.665          0.000  715
 700.312    7355518.175          0.000  775
 700.371   17647712.428          0.000  777
 700.363    7736435.453          0.000  777
 700.336    3362429.151          0.000  778
 700.336   18992946.382          0.000  778
 700.391          0.000          0.000  751
 700.331          0.000          0.000  752
 700.084          0.000          0.000  753
 700.399          0.000          0.000  754
 700.399    5097225.936          0.000  754
 700.318    6785954.523          0.000  757
 700.318          0.000          0.000  757
 144.609    6367233.998          0.000  788
   0.000          0.000          0.000  759
   0.000          0.000          0.000  760
 177.375    7550811.161          0.000  760
 537.186   17455030.459          0.000  760
 700.286          0.000          0.000  763
 700.286    6050609.970          0.000  763
 700.400   12866590.552          0.000  826
 700.330   10929578.765          0.000  736
 700.230          0.000          0.000  767
 700.314          0.000          0.000  768
 700.419    7710234.431          0.000  799
 700.420   13945571.917          0.000  799
 700.518   14590748.896          0.000  711
 700.319    8986492.025          0.000  743
 700.453   12215225.411          0.000  805
 700.243          0.000          0.000  774
 700.312          0.000          0.000  775
 700.363   10684271.458          0.000  777
 700.363          0.000          0.000  777
 700.335          0.000          0.000  778
 700.410    7673574.336          0.000  811
 700.394   11693669.550          0.000  751
 700.353   10729363.524          0.000  752
 700.084    7057076.847          0.000  753
 700.399    7856666.805          0.000  754
 700.399   10946274.927          0.000  754
 700.318   13686090.548          0.000  757
 616.910   27111678.036          0.001  788
 418.918   14837345.879          0.000  788
   0.000          0.000          0.000  788
   0.000          0.000          0.000  789
 219.646    8932786.193          0.000  789
 624.328   23193084.805          0.000  789
 700.286    8065139.133          0.000  763
 700.425   19535614.916          0.000  826
 700.400    5392860.311          0.000  826
 700.352   11803715.248          0.000  827
 700.342   11961654.214          0.000  827
 700.314    5358722.964          0.000  768
 700.421   17312843.946          0.000  799
 700.419          0.000          0.000  799
 700.419    6661560.467          0.000  799
 700.524          0.000          0.000  801
 700.370   10770171.621          0.000  866
 700.442   18405801.326          0.000  805
 700.439    7846778.795          0.000  805
 700.439          0.000          0.000  805
 700.439    6446435.887          0.000  805
 700.222   13052280.438          0.000  839
 700.363    9973237.312          0.000  777
 700.180   11247145.962          0.000  841
 700.410    7755205.187          0.000  811
 700.410          0.000          0.000  811
 700.410    9048635.331          0.000  811
 700.402    6535136.449          0.000  844
 700.325   17199921.077          0.000  846
 700.313    5714797.996          0.000  846
 700.400   16611863.095          0.000  754
 700.344   25835361.415          0.001  757
 591.642   22152880.370          0.000  788
 175.742    7201684.742          0.000  788
   0.000          0.000          0.000  820
   0.000          0.000          0.000  821
 362.273   22190741.296          0.000  789
 558.352   20113412.267          0.000  789
 678.723   31181270.577          0.001  883
 700.295   22731450.000          0.000  763
 700.400          0.000          0.000  826
 700.342          0.000          0.000  827
 700.342    3101276.525          0.000  827
 700.342    7482546.868          0.000  827
 700.321          0.000          0.000  830
 700.321    3710015.960          0.000  830
 700.419    6578131.947          0.000  799
 700.524    7482712.335          0.000  801
 700.370   13928300.706          0.000  866
 700.370    4500096.942          0.000  866
 700.439    8417797.100          0.000  805
 700.439   11371941.721          0.000  805
 700.222   10116108.806          0.000  839
 700.222          0.000          0.000  839
 700.184   21357596.787          0.000  841
 700.180          0.000          0.000  841
 700.410   11284739.435          0.000  811
 700.402    6632360.940          0.000  844
 700.402          0.000          0.000  844
 700.313   10295953.007          0.000  846
 700.313          0.000          0.000  846
 700.485   13350192.990          0.000  848
 700.480          0.000          0.000  848
 619.671   26905178.787          0.001  820
 172.235    7761075.604          0.000  820
   0.000          0.000          0.000  851
   0.000          0.000          0.000  852
 169.509    9692876.410          0.000  821
 316.775   18970003.155          0.000  821
 571.142   19459017.993          0.000  883
 700.302          0.000          0.000  856
 700.508          0.000          0.000  857
 700.400    5894920.016          0.000  826
 700.342    4872961.880          0.000  827
 700.301   16467168.752          0.000  890
 700.342   12081741.826          0.000  827
 700.353   15885364.629          0.000  830
 700.514    6654712.892          0.000  894
 700.422   11302956.144          0.000  929
 700.371    8406762.887          0.000  866
 700.370          0.000          0.000  866
 700.470   23549343.570          0.000  805
 700.285   17058209.064          0.000  933
 700.331    7540796.054          0.000  870
 700.331          0.000          0.000  870
 700.246   11392403.900          0.000  839
 700.257          0.000          0.000  872
 700.339   12794796.204          0.000  905
 700.338    6918188.104          0.000  905
 700.403   12788195.988          0.000  844
 700.421   13584248.035          0.000  844
 700.391   16839504.235          0.000  846
 700.369          0.000          0.000  878
 700.480   11121642.752          0.000  848
 364.763   14087826.609          0.000  915
 308.263   18237565.959          0.000  915
   0.000          0.000          0.000  882
   0.000          0.000          0.000  883
 192.421    8261734.396          0.000  883
 700.199   15400635.220          0.000  886
 700.199          0.000          0.000  886
 700.522   13680896.082          0.000  857
 700.403   16423263.381          0.000  826
 700.320   19457043.188          0.000  890
 700.300          0.000          0.000  890
 700.342   21157191.044          0.000  827
 700.521   12625254.646          0.000  926
 700.514    7350944.256          0.000  894
 700.514          0.000          0.000  894
 700.422   13655388.511          0.000  929
 700.422    5404960.173          0.000  929
 700.422   10132937.491          0.000  929
 700.370    6062821.196          0.000  866
 700.358   15108154.216          0.000  931
 700.270    7418646.509          0.000  933
 700.289   20141317.038          0.000  933
 700.361          0.000          0.000  902
 700.257    4726770.408          0.000  872
 700.338    5260981.574          0.000  905
 700.338          0.000          0.000  905
 700.338    5185425.694          0.000  905
 700.339   14008207.134          0.000  905
 700.330    9028709.174          0.000  909
 700.329          0.000          0.000  909
 700.377   11120904.953          0.000  878
 700.270          0.000          0.000  911
 371.755   14400104.384          0.000  915
 246.548    9306583.611          0.000  915
 132.376    5364175.707          0.000  915
   0.000          0.000          0.000  915
   0.000          0.000          0.000  916
  87.348    4341048.827          0.000  949
 463.550   17071834.956          0.000  949
 700.199    9424572.519          0.000  886
 700.481   12321474.568          0.000  921
 700.471          0.000          0.000  921
 700.301   15744495.976          0.000  890
 700.301    7132509.278          0.000  890
 700.300    5971787.665          0.000  890
 700.343   29016210.178          0.001  827
 700.519          0.000          0.000  926
 700.523   17633156.233          0.000  894
 700.422   22036364.053          0.000  929
 700.421          0.000          0.000  929
 700.356    8499734.132          0.000  931
 700.356          0.000          0.000  931
 700.356    4965603.087          0.000  931
 700.270          0.000          0.000  933
 700.270    6937239.671          0.000  933
 700.323          0.000          0.000  935
 700.323    9006494.366          0.000  935
 700.265   14795560.240          0.000  872
 700.338   13427078.251          0.000  905
 700.353   15548164.513          0.000  905
 700.339   14404863.661          0.000  905
 700.286   14683651.281          0.000  971
 700.280    6916114.393          0.000  971
 700.274   15919219.417          0.000  911
 700.270    7392617.237          0.000  911
 685.705   25066347.313          0.000  915
 599.688   17106558.240          0.000  915
 224.230    9618280.590          0.000  948
   0.000          0.000          0.000  948
   0.000          0.000          0.000  949
 239.222   11486032.172          0.000  949
 700.043          0.000          0.000  951
 700.341   11914750.790          0.000 1012
 700.471   11689959.397          0.000  921
 700.286          0.000          0.000  954
 700.365   13389221.303          0.000 1015
 700.418   19747545.136          0.000 1017
 700.519   10511546.584          0.000  926
 700.426   20128202.179          0.000  929
 700.422    8784298.838          0.000  929
 700.422    3743432.525          0.000  929
 700.453   13849346.975          0.000  929
 700.267   10017567.495          0.000  993
 700.275   16899336.285          0.000  993
 700.271   11330585.553          0.000  933
 700.423   17529791.212          0.000 1089
 700.436   19881650.433          0.000 1089
 700.425   26710569.633          0.001 1089
 700.183          0.000          0.000  968
 700.183    8470939.786          0.000  968
 700.374   17365271.363          0.000 1032
 700.280          0.000          0.000  971
 700.155   13941332.113          0.000 1033
 691.359   30937728.591          0.001  915
 614.295   23698977.681          0.000  948
 246.416   13435185.981          0.000  948
   0.000          0.000          0.000  976
   0.000          0.000          0.000  977
 187.286   10062455.598          0.000 1008
 605.478   25415687.367          0.000  949
 700.341   18654603.284          0.000 1012
 700.341    5093530.276          0.000 1012
 700.203    6985345.690          0.000 1013
 700.286    8404510.408          0.000  954
 700.365    6363312.796          0.000 1015
 700.423   17295656.172          0.000 1017
 700.418    7063034.240          0.000 1017
 700.279    4584452.322          0.000 1018
 700.435   20279899.631          0.000  929
 700.422    9174452.270          0.000  929
 700.185    9341345.074          0.000  991
 700.184          0.000          0.000  991
 700.267    7146977.791          0.000  993
 700.267          0.000          0.000  993
 700.267    6924729.783          0.000  993
 700.354   10154577.435          0.000 1025
 700.423   11844829.571          0.000 1089
 700.423    9800979.380          0.000 1089
 700.423   17713029.258          0.000 1089
 700.476          0.000          0.000  999
 700.183    7578660.485          0.000  968
 700.363   17529441.874          0.000 1032
 700.359    5040826.390          0.000 1032
 700.153    5331857.097          0.000 1033
 700.351   19477361.062          0.000 1065
 700.301          0.000          0.000 1005
 315.733   13887792.745          0.000 1007
   0.000          0.000          0.000 1007
   0.000          0.000          0.000 1008
 231.290    9824979.403          0.000 1008
 530.476   18601304.813          0.000 1008
 700.343   12219226.472          0.000 1012
 700.341          0.000          0.000 1012
 700.202          0.000          0.000 1013
 700.305   19405052.010          0.000  954
 700.365          0.000          0.000 1015
 700.418   10344754.128          0.000 1017
 700.418          0.000          0.000 1017
 700.279          0.000          0.000 1018
 700.429   27522958.481          0.001  929
 700.422   18027016.805          0.000  929
 700.368    8066951.107          0.000 1052
 700.276   18143982.049          0.000  993
 700.267   12799407.171          0.000  993
 700.354    9619148.492          0.000 1025
 700.354          0.000          0.000 1025
 700.423   20998958.378          0.000 1089
 700.422    4865218.077          0.000 1089
 700.423   14924697.620          0.000 1089
 700.477    7946443.110          0.000  999
 700.145          0.000          0.000 1030
 700.193   22359167.681          0.000  968
 700.358          0.000          0.000 1032
 700.152          0.000          0.000 1033
 700.341    6496019.840          0.000 1065
 655.452   26453020.354          0.001 1037
 236.914   10273665.530          0.000 1037
   0.000          0.000          0.000 1037
   0.000          0.000          0.000 1038
  84.637    3970822.910          0.000 1008
 339.524   11181059.303          0.000 1008
 493.029   15196253.203          0.000 1008
 700.341   20182780.088          0.000 1012
 700.341    8648578.898          0.000 1012
 700.316   11082162.363          0.000 1075
 700.138          0.000          0.000 1045
 700.140   12099770.083          0.000 1045
 700.285          0.000          0.000 1047
 700.425   12807080.764          0.000 1017
 700.360   15524188.785          0.000 1112
 700.360   10522733.141          0.000 1112
 700.366    8207955.045          0.000 1052
 700.366          0.000          0.000 1052
 700.347   25918040.861          0.000 1117
 700.155          0.000          0.000 1054
 700.354    6272549.408          0.000 1025
 700.436   13708899.760          0.000 1089
 700.422    2713786.841          0.000 1089
 700.422    5903508.246          0.000 1089
 700.201   12255812.922          0.000 1091
 700.289   16588908.257          0.000 1062
 700.283    8653791.421          0.000 1062
 700.283          0.000          0.000 1062
 700.359   15318001.981          0.000 1032
 700.341    8154879.190          0.000 1065
 700.341          0.000          0.000 1065
 700.341    7881591.029          0.000 1065
 700.167          0.000          0.000 1067
 309.186   14090998.519          0.000 1069
   0.000          0.000          0.000 1069
   0.000          0.000          0.000 1070
 255.158   14538936.659          0.000 1070
 630.512   22526408.067          0.000 1008
 700.413   18165988.644          0.000 1136
 700.316    5680840.211          0.000 1075
 700.316          0.000          0.000 1075
 700.138    6305051.947          0.000 1045
 700.138    4876805.496          0.000 1045
 700.243   18589893.796          0.000 1140
 700.324   20484362.015          0.000 1171
 700.363   26389730.221          0.000 1112
 700.364   17707935.984          0.000 1112
 700.359    4972575.766          0.000 1112
 700.366    7386499.532          0.000 1052
 700.325   12508162.770          0.000 1117
 700.325    7363339.260          0.000 1117
 700.364   15674750.955          0.000 1025
 700.326   10114064.290          0.000 1119
 700.422   10196781.738          0.000 1089
 700.422          0.000          0.000 1089
 700.467   23378573.530          0.000 1089
 700.187          0.000          0.000 1091
 700.268    9029886.362          0.000 1124
 700.211          0.000          0.000 1093
 700.341   20662353.720          0.000 1065
 700.341    9001165.424          0.000 1065
 700.341   14375700.309          0.000 1065
 396.095   19847107.131          0.000 1131
 199.218    9530544.803          0.000 1131
  96.655    4704050.114          0.000 1131
   0.000          0.000          0.000 1100
   0.000          0.000          0.000 1101
 273.954   15460351.174          0.000 1101
 700.402   23880213.127          0.000 1136
 700.402    7441689.740          0.000 1136
 700.316   23905574.159          0.000 1075
 700.316    6507604.845          0.000 1075
 700.138   11362889.562          0.000 1045
 700.243    4849300.895          0.000 1140
 700.213    9860451.355          0.000 1141
 700.318   11542830.563          0.000 1171
 700.359    5393117.608          0.000 1112
 700.359          0.000          0.000 1112
 700.486   11761603.876          0.000 1145
 700.332   20571585.379          0.000 1117
 700.325   12081072.955          0.000 1117
 700.325    4950038.096          0.000 1117
 700.325          0.000          0.000 1117
 700.349   12309354.577          0.000 1119
 700.326          0.000          0.000 1119
 700.422   15726315.190          0.000 1089
 700.127          0.000          0.000 1121
 700.281          0.000          0.000 1122
 700.271   10930027.019          0.000 1124
 700.268          0.000          0.000 1124
 700.211    5927732.432          0.000 1093
 700.326   16913494.950          0.000 1127
 700.326          0.000          0.000 1127
 700.352   26096086.116          0.001 1065
 324.974   15569128.242          0.000 1131
 294.619   15412983.766          0.000 1131
   0.000          0.000          0.000 1131
   0.000          0.000          0.000 1132
 176.785    8001470.846          0.000 1101
 700.408   20792762.731          0.000 1136
 700.402    8454955.911          0.000 1136
 700.402          0.000          0.000 1136
 700.316   17806047.502          0.000 1075
 700.136   13626733.623          0.000 1168
 700.139   22334018.513          0.000 1045
 700.243          0.000          0.000 1140
 700.209          0.000          0.000 1141
 700.318    6197706.382          0.000 1171
 700.359    7988305.067          0.000 1112
 700.195   11909915.325          0.000 1173
 700.484          0.000          0.000 1145
 700.278   11879324.444          0.000 1175
 700.325   16453520.898          0.000 1117
 700.337   12314411.023          0.000 1117
 700.326   12123278.785          0.000 1119
 700.147          0.000          0.000 1150
 700.136   10462727.906          0.000 1121
 700.282    7780202.334          0.000 1122
 700.279   18974438.961          0.000 1124
 700.268    7269043.965          0.000 1124
 700.396   12009880.325          0.000 1186
 700.326    5145670.615          0.000 1127
 700.326   11074136.559          0.000 1127
 700.323   18887111.886          0.000 1220
 443.906   21859415.982          0.000 1131
 248.016   12472832.556          0.000 1192
   0.000          0.000          0.000 1161
   0.000          0.000          0.000 1162
 285.555   11981728.951          0.000 1101
 673.852   27189501.246          0.000 1101
 700.402    6662360.257          0.000 1136
 700.295    8647816.295          0.000 1167
 700.294          0.000          0.000 1167
 700.107          0.000          0.000 1168
 700.243    7631236.645          0.000 1140
 700.323   10501864.783          0.000 1171
 700.317          0.000          0.000 1171
 700.360   24155232.004          0.000 1112
 700.179          0.000          0.000 1173
 700.293   11989566.167          0.000 1175
 700.273          0.000          0.000 1175
 700.211   10811191.803          0.000 1177
 700.210          0.000          0.000 1177
 700.244   15168549.650          0.000 1180
 700.228    4399936.451          0.000 1180
 700.228          0.000          0.000 1180
 700.204   12315929.598          0.000 1182
 700.201          0.000          0.000 1182
 700.342    9920746.467          0.000 1184
 700.339          0.000          0.000 1184
 700.396   11908641.284          0.000 1186
 700.396          0.000          0.000 1186
 700.603   12388773.003          0.000 1218
 700.328   17723334.012          0.000 1127
 700.314    8281749.887          0.000 1220
 653.869   25492073.696          0.001 1192
 225.872    8947590.643          0.000 1192
   0.000          0.000          0.000 1192
   0.000          0.000          0.000 1193
 137.895    7438772.742          0.000 1225
 565.700   30816082.577          0.001 1225
 700.435   12380211.190          0.000 1197
 700.435          0.000          0.000 1197
 700.356   15661375.301          0.000 1260
 700.295   10495846.737          0.000 1167
 700.294    7672355.556          0.000 1167
 700.238    7632640.247          0.000 1202
 700.238          0.000          0.000 1202
 700.126    9770783.478          0.000 1234
 700.222   22157066.082          0.000 1267
 700.218   14513175.959          0.000 1267
 700.197   12774461.803          0.000 1173
 700.179    6859386.088          0.000 1173
 700.273    6875532.721          0.000 1175
 700.210   13886152.603          0.000 1177
 700.220   10103274.994          0.000 1177
 700.228   12278842.980          0.000 1180
 700.285   11931977.395          0.000 1244
 700.201    6822395.452          0.000 1182
 700.122   14693897.972          0.000 1277
 700.339    7633453.909          0.000 1184
 700.401   15753217.648          0.000 1186
 700.396   12441697.456          0.000 1186
 700.592          0.000          0.000 1218
 700.324   11470792.942          0.000 1220
 700.314          0.000          0.000 1220
 645.620   20301225.858          0.000 1224
 344.746   18962184.230          0.000 1224
 315.201   17074107.105          0.000 1192
   0.000          0.000          0.000 1224
   0.000          0.000          0.000 1225
 271.471   11285156.173          0.000 1288
 676.253   30138550.156          0.001 1288
 700.357    9305323.964          0.000 1260
 700.356    9336805.526          0.000 1260
 700.332    6676816.805          0.000 1262
 700.325   25877927.873          0.000 1167
 700.238   14314421.552          0.000 1202
 700.238    7467909.272          0.000 1202
 700.119          0.000          0.000 1234
 700.220   11480238.108          0.000 1267
 700.218    6529352.121          0.000 1267
 700.203   10822569.838          0.000 1269
 700.180   19415827.578          0.000 1173
 700.164    8932044.422          0.000 1271
 700.373   10823499.967          0.000 1241
 700.369          0.000          0.000 1241
 700.370    8116405.685          0.000 1241
 700.370   13505551.436          0.000 1241
 700.279          0.000          0.000 1244
 700.298   18742584.895          0.000 1339
 700.117    6646240.562          0.000 1277
 700.347   19823901.651          0.000 1184
 700.286          0.000          0.000 1248
 700.316   21602502.205          0.000 1248
 700.324   25451845.515          0.000 1220
 700.314   10196495.573          0.000 1220
 694.691   26492037.037          0.001 1224
 213.417    6607245.271          0.000 1224
  99.263    3566152.051          0.000 1224
   0.000          0.000          0.000 1255
   0.000          0.000          0.000 1256
 120.132    5366304.321          0.000 1288
 333.416   16782220.354          0.000 1288
 667.134   26766568.490          0.000 1288
 700.356          0.000          0.000 1260
 700.332    5006889.012          0.000 1262
 700.332          0.000          0.000 1262
 700.421    8659367.162          0.000 1294
 700.229   23918130.644          0.000 1328
 700.229   12238650.118          0.000 1328
 700.218    7867469.764          0.000 1267
 700.218          0.000          0.000 1267
 700.487   18360409.428          0.000 1332
 700.201          0.000          0.000 1269
 700.169   12465384.840          0.000 1271
 700.163          0.000          0.000 1271
 700.373   13765236.639          0.000 1241
 700.369    7652367.179          0.000 1241
 700.370   18962630.231          0.000 1241
 700.280    7692313.066          0.000 1244
 700.298   10368072.339          0.000 1339
 700.117          0.000          0.000 1277
 700.284   12008249.287          0.000 1310
 700.286    4053243.241          0.000 1248
 700.286    8098256.437          0.000 1248
 700.286   20433273.015          0.000 1248
 700.514          0.000          0.000 1282
 691.942   22224068.862          0.000 1224
 641.372   14794220.466          0.000 1224
 537.431   11911691.478          0.000 1224
 252.999   13673417.922          0.000 1255
   0.000          0.000          0.000 1287
   0.000          0.000          0.000 1288
 185.295    9200086.412          0.000 1288
 700.361    8692408.611          0.000 1291
 700.361          0.000          0.000 1291
 700.441          0.000          0.000 1292
 700.333   14149937.860          0.000 1357
 700.421          0.000          0.000 1294
 700.230   11721180.676          0.000 1328
 700.229    6068069.748          0.000 1328
 700.218   17631747.993          0.000 1267
 700.480   15934503.426          0.000 1332
 700.480    7028650.530          0.000 1332
 700.201    6429305.423          0.000 1269
 700.164    9810821.048          0.000 1271
 700.408   21339116.098          0.000 1336
 700.407   11376196.395          0.000 1336
 700.421   11054439.341          0.000 1336
 700.335          0.000          0.000 1305
 700.301   10281937.335          0.000 1339
 700.298    3025568.373          0.000 1339
 700.166   19705935.648          0.000 1277
 700.284   12895169.009          0.000 1310
 700.284          0.000          0.000 1310
 700.284    6691020.032          0.000 1310
 700.291   16626967.383          0.000 1248
 700.432   18788651.120          0.000 1343
 699.847   38569687.503          0.001 1224
 689.126   19970718.789          0.000 1224
 566.653   18447108.780          0.000 1318
 235.710    8680902.857          0.000 1318
   0.000          0.000          0.000 1318
   0.000          0.000          0.000 1319
 214.064   11859290.543          0.000 1288
 430.303   26416721.101          0.000 1288
 700.388   28962967.335          0.001 1291
 700.441   10430873.972          0.000 1292
 700.333   12313402.145          0.000 1357
 700.332    4513603.004          0.000 1357
 700.304   21763441.763          0.000 1390
 700.229   10390218.227          0.000 1328
 700.229          0.000          0.000 1328
 700.229    7650858.328          0.000 1328
 700.447   14480608.814          0.000 1362
 700.480   13349373.416          0.000 1332
 700.480          0.000          0.000 1332
 700.308    6683243.571          0.000 1364
 700.298   11114203.239          0.000 1366
 700.407    8546751.926          0.000 1336
 700.407          0.000          0.000 1336
 700.508   17217621.931          0.000 1368
 700.335    9070270.158          0.000 1305
 700.298          0.000          0.000 1339
 700.319   15695185.389          0.000 1403
 700.284    6936062.856          0.000 1310
 700.414    6986759.284          0.000 1343
 700.413          0.000          0.000 1343
 700.414    5826961.433          0.000 1343
 700.414   14692874.558          0.000 1343
 700.397          0.000          0.000 1346
 699.165   27706042.192          0.001 1224
 593.108   19461462.138          0.000 1318
 149.504    6675783.252          0.000 1381
   0.000          0.000          0.000 1350
   0.000          0.000          0.000 1351
 161.786    6741387.640          0.000 1382
 616.250   25720949.527          0.000 1382
 697.375   34603835.151          0.001 1382
 700.333   13259269.400          0.000 1357
 700.332    7327339.176          0.000 1357
 700.332          0.000          0.000 1357
 700.290   10091384.261          0.000 1390
 700.292   12079624.925          0.000 1390
 700.229   10883432.972          0.000 1328
 700.443    5568678.686          0.000 1362
 700.443          0.000          0.000 1362
 700.480    8563769.334          0.000 1332
 700.308          0.000          0.000 1364
 700.284    8595117.843          0.000 1366
 700.283          0.000          0.000 1366
 700.324   29659661.075          0.001 1366
 700.492          0.000          0.000 1368
 700.303   19816903.497          0.000 1339
 700.298    9908949.831          0.000 1339
 700.298    4854011.051          0.000 1339
 700.319   14341291.367          0.000 1403
 700.319    6727059.929          0.000 1403
 700.166          0.000          0.000 1374
 700.435   11817533.867          0.000 1405
 700.414   15083749.592          0.000 1343
 700.397   11242488.403          0.000 1346
 700.362   16452185.326          0.000 1440
 700.362   20066746.466          0.000 1440
 535.179   19890081.505          0.000 1381
   0.000          0.000          0.000 1381
   0.000          0.000          0.000 1382
 428.410   29351538.733          0.001 1382
 393.854   12180277.967          0.000 1382
 653.174   22381870.788          0.000 1382
 700.307   11109864.690          0.000 1417
 700.332    8750280.767          0.000 1357
 700.314   20498098.673          0.000 1419
 700.307   12079857.533          0.000 1419
 700.290          0.000          0.000 1390
 700.074          0.000          0.000 1391
 700.100          0.000          0.000 1392
 700.443    7273544.433          0.000 1362
 700.595    7070048.793          0.000 1395
 700.595          0.000          0.000 1395
 700.316   21609284.078          0.000 1490
 700.283    2878582.399          0.000 1366
 700.284    8481881.671          0.000 1366
 700.284   16655468.597          0.000 1366
 700.260    5923327.660          0.000 1430
 700.298   16293397.456          0.000 1339
 700.422   15314639.897          0.000 1432
 700.319          0.000          0.000 1403
 700.173    9939040.394          0.000 1374
 700.434          0.000          0.000 1405
 700.297          0.000          0.000 1406
 700.502   11044557.958          0.000 1408
 700.496          0.000          0.000 1408
 700.362    6032014.150          0.000 1440
 489.445   16654024.893          0.000 1443
 186.658    9462840.649          0.000 1381
   0.000          0.000          0.000 1412
   0.000          0.000          0.000 1413
 330.741   17218838.281          0.000 1444
 574.645   17711186.923          0.000 1382
 700.305    7209282.039          0.000 1417
 700.305          0.000          0.000 1417
 700.307    5011570.419          0.000 1419
 700.307          0.000          0.000 1419
 700.307    6151270.872          0.000 1419
 696.627   33688655.406          0.001 1584
 673.558   24436825.325          0.000 1587
 700.101   11398887.775          0.000 1392
 700.365          0.000          0.000 1424
 700.365    7694832.946          0.000 1424
 700.595    7679615.619          0.000 1395
 700.315   12731425.095          0.000 1490
 700.284   13796878.343          0.000 1366
 700.264   10853760.192          0.000 1430
 700.260          0.000          0.000 1430
 700.267   18242170.360          0.000 1430
 700.417          0.000          0.000 1432
 700.418    5040049.468          0.000 1432
 700.319    7212988.224          0.000 1403
 700.177          0.000          0.000 1435
 700.434    3891850.954          0.000 1405
 700.297    3907680.814          0.000 1406
 697.930   26401976.991          0.001 1611
 700.362   11032171.821          0.000 1440
 700.362          0.000          0.000 1440
 679.581   25617970.584          0.001 1443
 186.497    7558963.869          0.000 1443
   0.000          0.000          0.000 1443
   0.000          0.000          0.000 1444
 170.442    8487786.935          0.000 1444
 537.246   20804087.103          0.000 1444
 700.305   15217271.032          0.000 1417
 700.573   11014326.288          0.000 1481
 681.270   27885148.961          0.001 1581
 631.595   21928369.294          0.000 1581
 661.954   24051581.447          0.000 1584
 650.629   33387517.697          0.001 1587
 342.095   15047109.725          0.000 1587
 700.366   12231300.939          0.000 1424
 700.518   15847845.161          0.000 1456
 700.514          0.000          0.000 1456
 700.315   14618806.594          0.000 1490
 700.315    5801307.288          0.000 1490
 700.418   11732956.513          0.000 1460
 700.410          0.000          0.000 1460
 639.729   27605992.243          0.001 1600
 700.418   13821509.776          0.000 1432
 700.418    5472253.108          0.000 1432
 700.418   13512395.106          0.000 1432
 700.191   18352582.124          0.000 1435
 700.435   20812004.988          0.000 1405
 700.435   19781098.085          0.000 1405
 700.305          0.000          0.000 1468
 679.501   18463349.942          0.000 1611
 700.364   11654855.892          0.000 1440
 681.003   28607277.626          0.001 1616
 416.044   23213081.741          0.000 1443
 249.353   12673658.662          0.000 1443
   0.000          0.000          0.000 1474
   0.000          0.000          0.000 1475
 245.069   13380221.063          0.000 1507
 390.298   23233112.124          0.000 1444
 301.385   16948938.061          0.000 1573
 536.922   21073118.177          0.000 1577
 417.856   15943768.543          0.000 1577
 700.573          0.000          0.000 1481
 550.585   22371663.665          0.000 1579
 459.999   13636774.669          0.000 1581
 530.407   22236021.325          0.000 1587
 188.624    9085556.825          0.000 1587
 360.050   17414392.559          0.000 1587
 489.435   27813420.233          0.001 1587
 586.587   22741434.769          0.000 1591
 700.320   16199650.861          0.000 1490
 700.315          0.000          0.000 1490
 466.193   18967111.817          0.000 1597
 618.378   25690212.211          0.000 1597
 502.294   18690629.493          0.000 1600
 370.741   12776745.540          0.000 1600
 700.428   18301042.583          0.000 1432
 700.317          0.000          0.000 1496
 555.488   21478202.861          0.000 1605
 700.283          0.000          0.000 1498
 507.625   18557591.460          0.000 1607
 700.305   10971818.053          0.000 1468
 567.339   11432855.657          0.000 1611
 698.992   32921446.418          0.001 1611
 514.299   17439081.911          0.000 1616
 336.345   15603729.562          0.000 1616
 251.820   13177989.934          0.000 1540
   0.000          0.000          0.000 1506
   0.000          0.000          0.000 1507
 320.151   18553373.801          0.000 1507
 148.337    8091034.978          0.000 1573
 496.184   34289792.743          0.001 1573
 155.811    7469520.164          0.000 1577
 531.241   25736241.412          0.000 1577
 417.357   16296642.134          0.000 1579
 345.570   13625878.667          0.000 1579
 152.030    6161934.707          0.000 1581
 282.893   11669053.324          0.000 1584
 480.103   20815965.278          0.000 1587
 119.803    6035081.032          0.000 1587
 163.751    8663289.317          0.000 1587
 273.861   14526710.471          0.000 1587
 378.449   20423584.345          0.000 1587
 296.884   16598928.628          0.000 1591
 406.118   14721948.651          0.000 1591
 398.506   14180019.618          0.000 1595
 519.977   25862475.177          0.000 1597
 180.525    7569513.688          0.000 1597
 357.465   18144084.813          0.000 1600
 125.467    5894070.333          0.000 1600
 481.918   19598336.993          0.000 1602
 521.279   22414626.998          0.000 1602
 283.383    9957954.374          0.000 1605
 466.045   15959333.261          0.000 1606
 366.378   18462866.718          0.000 1607
 239.742    6233683.642          0.000 1611
 474.815   17435507.436          0.000 1613
 479.006   15094146.324          0.000 1615
 142.192    6246259.497          0.000 1616
 244.974   10989717.143          0.000 1616
 314.921   16095629.811          0.000 1619
   0.000          0.000          0.000 1540
   0.000          0.000          0.000 1541
 342.761   20102075.585          0.000 1507
 268.101   14673873.159          0.000 1575
 182.229    9507943.019          0.000 1575
 261.261   14226224.871          0.000 1579
 141.581    6839488.159          0.000 1579
 234.017   12960310.272          0.000 1583
 151.052    6597505.042          0.000 1584
 226.265   12982741.125          0.000 1584
  82.676    4273139.897          0.000 1587
 268.189   14731589.922          0.000 1587
 197.901    9449086.064          0.000 1591
 149.968    7052432.988          0.000 1591
 158.095    7009728.674          0.000 1595
 201.067   12950712.450          0.000 1596
 104.628    4764822.334          0.000 1597
 261.823   14456778.177          0.000 1600
 236.603   13541245.659          0.000 1602
 119.411    5579523.144          0.000 1602
 124.835    5343722.808          0.000 1605
 178.365    7553925.733          0.000 1606
 139.016    6521045.792          0.000 1607
 158.259    8269487.433          0.000 1609
 148.624    6578239.708          0.000 1613
 166.314    6549563.466          0.000 1615
 266.834   13109151.006          0.000 1616
 363.758   20993234.860          0.000 1616
 174.407    8626534.147          0.000 1619
   0.000          0.000          0.000 1569
   0.000          0.000          0.000 1570
   0.000          0.000          0.000 1571
   0.000          0.000          0.000 1572
   0.000          0.000          0.000 1573
   0.000          0.000          0.000 1574
   0.000          0.000          0.000 1575
   0.000          0.000          0.000 1576
   0.000          0.000          0.000 1577
   0.000          0.000          0.000 1578
   0.000          0.000          0.000 1579
   0.000          0.000          0.000 1580
   0.000          0.000          0.000 1581
   0.000          0.000          0.000 1582
   0.000          0.000          0.000 1583
   0.000          0.000          0.000 1584
   0.000          0.000          0.000 1585
   0.000          0.000          0.000 1586
   0.000          0.000          0.000 1587
   0.000          0.000          0.000 1588
   0.000          0.000          0.000 1589
   0.000          0.000          0.000 1590
   0.000          0.000          0.000 1591
   0.000          0.000          0.000 1592
   0.000          0.000          0.000 1593
   0.000          0.000          0.000 1594
   0.000          0.000          0.000 1595
   0.000          0.000          0.000 1596
   0.000          0.000          0.000 1597
   0.000          0.000          0.000 1598
   0.000          0.000          0.000 1599
   0.000          0.000          0.000 1600
   0.000          0.000          0.000 1601
   0.000          0.000          0.000 1602
   0.000          0.000          0.000 1603
   0.000          0.000          0.000 1604
   0.000          0.000          0.000 1605
   0.000          0.000          0.000 1606
   0.000          0.000          0.000 1607
   0.000          0.000          0.000 1608
   0.000          0.000          0.000 1609
   0.000          0.000          0.000 1610
   0.000          0.000          0.000 1611
   0.000          0.000          0.000 1612
   0.000          0.000          0.000 1613
   0.000          0.000          0.000 1614
   0.000          0.000          0.000 1615
   0.000          0.000          0.000 1616
   0.000          0.000          0.000 1617
   0.000          0.000          0.000 1618
   0.000          0.000          0.000 1619
   0.000          0.000          0.000 1620
 300.579   13022989.693          0.000   29
 566.844   23053990.646          0.000   11
 700.474   11559403.946          0.000  178
 661.423   31813664.829          0.001   45
 650.066   20517856.923          0.000   42
 700.431   14120376.188          0.000  144
 700.238    7668225.805          0.000  182
 700.320    9569745.361          0.000  246
 700.287    5805179.279          0.000  354
 700.270    4184998.187          0.000  311
 700.337    3489279.329          0.000  366
 700.391    5176070.015          0.000  429
 700.449    5633451.859          0.000  486
 700.324    6708723.126          0.000  532
 700.256    6064143.703          0.000  565
 700.130    3542378.018          0.000  597
 381.390   17901177.303          0.000  636
 700.273    3612698.273          0.000  580
 700.317    5344100.533          0.000  629
 700.314    4825066.041          0.000  768
 700.406    6927413.282          0.000  715
 700.391    7414972.795          0.000  751
 700.180    5033960.275          0.000  841
 698.397   32205111.423          0.001  915
 700.423    7866702.610          0.000 1089
 700.243   10212727.732          0.000 1140
 700.155    7757782.708          0.000 1054
 700.325    6256474.565          0.000 1117
 700.326    9391973.000          0.000 1119
 700.396    6806185.307          0.000 1186
 700.295   13863023.434          0.000 1167
 700.229    3137062.799          0.000 1328
 700.164    4508339.693          0.000 1271
 700.407    4633725.480          0.000 1336
 687.143   28097626.400          0.001 1382
 700.177    6691960.423          0.000 1435
 700.435   11253452.497          0.000 1405
 619.984   25600798.167          0.000 1605
 600.172   20342049.725          0.000 1611
 700.449    6970971.295          0.000  486
  69.322    3450771.955          0.000    7
 145.434    8236420.146          0.000   21
  43.377    2158222.614          0.000   21
  56.628    2904577.491          0.000   26
 199.506   11733935.940          0.000   31
  57.040    2463923.462          0.000   42
  75.536    3223834.408          0.000   42
  64.215    2951251.776          0.000   44
  85.853    4223833.820          0.000    5
  62.768    3182658.518          0.000   13
 118.065    6688414.110          0.000   15
  82.721    3968947.607          0.000   17
  96.466    3937126.184          0.000   26
 103.242    4771318.141          0.000   29
 138.014    7073316.941          0.000   31
  84.389    4047092.682          0.000   33
 118.550    6195819.814          0.000   40
  87.177    4524587.329          0.000  141
  93.548    4898761.636          0.000  141
  99.804    5230538.640          0.000  171
 103.302    5357418.481          0.000  233
 162.201    8780426.246          0.000  233
  83.200    3813266.261          0.000  298
 169.374    8965854.709          0.000  265
 110.839    3968544.169          0.000  298
 138.699    6364293.338          0.000  328
  94.412    4591568.889          0.000  329
 127.109    6376064.986          0.000  329
  64.930    2434829.892          0.000  389
 136.377    7426735.472          0.000  420
 163.393    7355974.316          0.000  419
  63.345    2966320.934          0.000  420
  93.295    4676795.858          0.000  482
 103.402    5051448.769          0.000  514
  67.822    3192426.548          0.000  575
  79.292    3759452.486          0.000  546
 142.930    7853199.334          0.000  576
 181.351   10478844.564          0.000  605
 116.883    5532569.394          0.000  635
  68.846    3415090.665          0.000  636
 102.352    4876780.411          0.000  699
 159.175    9233696.584          0.000  699
  79.701    3748113.315          0.000  760
  90.505    4046442.951          0.000  789
 157.932    8813706.315          0.000  789
  88.821    4113158.250          0.000  820
 145.214    7846449.545          0.000  915
  82.086    3893894.349          0.000  883
  60.060    2605272.545          0.000  915
  93.388    4223484.374          0.000  948
 112.841    5923528.572          0.000  948
 151.720    6781719.827          0.000 1007
 102.655    4662128.039          0.000 1037
 130.093    6002434.199          0.000 1069
 104.526    5783353.483          0.000 1070
 128.736    7101652.755          0.000 1101
 124.210    6191030.188          0.000 1131
  75.744    3656571.484          0.000 1101
 119.962    5942160.047          0.000 1192
 102.107    4289090.561          0.000 1192
  81.187    4219851.775          0.000 1288
 102.258    4235300.573          0.000 1318
  99.549    5450278.561          0.000 1288
  61.494    3008514.250          0.000 1382
 135.100    6438119.510          0.000 1382
 137.888    7154030.470          0.000 1444
  78.246    3384728.569          0.000 1443
  74.945    3879508.439          0.000 1444
 135.279    6759192.453          0.000 1443
 114.089    6143213.857          0.000 1507
 143.567    7849575.546          0.000 1507
  75.202    4096767.702          0.000 1573
  70.871    3624674.556          0.000 1577
  63.306    2883552.716          0.000 1581
  73.541    3905500.582          0.000 1587
 123.016    6606662.298          0.000 1591
  60.557    2992823.149          0.000 1600
 100.330    3114483.864          0.000 1611
  66.037    2999527.919          0.000 1616
 143.630    7039176.851          0.000 1619
 146.077    7915349.469          0.000 1507
 112.132    5993545.846          0.000 1575
  79.897    4105492.407          0.000 1579
  62.437    2937360.741          0.000 1584
  40.239    2145966.958          0.000 1587
 120.093    6421133.793          0.000 1587
  91.153    4469229.685          0.000 1591
  69.204    3445618.835          0.000 1591
  72.994    3415738.926          0.000 1595
 138.395    7464389.150          0.000 1600
  73.210    3506520.929          0.000 1607
 129.801    6360588.016          0.000 1616
 184.411    9711466.562          0.000 1616
 118.873    6501271.485          0.000   15
 118.901    6205426.402          0.000  328
 124.410    6504216.946          0.000  420
 109.584    5729058.098          0.000  635
  47.465    2332089.557          0.000 1131
 150.194    7662133.172          0.000 1192
  57.360    2652502.963          0.000 1288
 639.386   25475114.586          0.000   42
 700.431    5116728.513          0.000  144
 700.721   16699911.110          0.000  150
 700.147   14241234.092          0.000  159
 700.559   31157685.727          0.001  228
 700.573   20327603.716          0.000  179
 700.527   25204581.774          0.000  228
 700.542   27338781.064          0.001  228
 700.310   11164311.104          0.000  238
 700.332   21447252.770          0.000  238
 700.399   15006443.629          0.000  275
 700.208   11333240.257          0.000  375
 700.311   16150395.557          0.000  383
 700.398   25801701.616          0.000  366
 700.283   14240044.973          0.000  457
 700.311   16453705.736          0.000  474
 700.283   25821553.968          0.000  457
 532.923   30311910.285          0.001  481
 700.341   22636121.489          0.000  552
 700.206   15933829.537          0.000  664
 689.465   34526622.329          0.001  698
 700.347   24285601.007          0.000  677
 700.287   18672698.912          0.000  763
 700.468   24174273.856          0.000  715
 700.450   43126200.134          0.001  778
 700.084   13034285.359          0.000  753
 700.243   14122653.319          0.000  774
 700.509   27377937.025          0.001  811
 700.370   21971492.239          0.000  866
 700.439   25595451.997          0.000  805
 700.376   18784447.029          0.000  827
 700.342   26031031.680          0.000  827
 700.363   21754201.585          0.000  902
 700.339   19083214.645          0.000  905
 700.286   13866493.309          0.000  954
 700.372   20388342.322          0.000 1015
 700.423   24390099.854          0.000 1089
 700.443   27425699.334          0.001 1089
 700.153   14121602.054          0.000 1033
 688.876   36808117.273          0.001 1008
 392.507   15055580.276          0.000 1101
 700.127    5837133.995          0.000 1121
 700.268   15404210.920          0.000 1124
 700.268   17769073.987          0.000 1124
 700.318   20984844.239          0.000 1171
 700.179   26374071.330          0.000 1173
 700.240   32773304.354          0.001 1267
 700.593   12701626.214          0.000 1218
 700.279   15973273.627          0.000 1244
 700.298   35911741.506          0.001 1339
 700.286   16286896.562          0.000 1248
 482.936   22089117.584          0.000 1224
 700.229   33356090.803          0.001 1328
 700.117   20814716.790          0.000 1277
 438.969   17581247.279          0.000 1288
 700.229   24815728.056          0.000 1328
 700.298   18927826.518          0.000 1339
 700.298   21999753.368          0.000 1339
 699.048   27393785.128          0.001 1224
 700.450   20197628.253          0.000 1292
 700.333   18286770.289          0.000 1357
 700.284   16375900.494          0.000 1366
 700.418   20922046.543          0.000 1432
 700.345   20301256.952          0.000 1406
 590.624   25219948.013          0.000 1591
 700.315   13898315.527          0.000 1490
 577.017   28855641.641          0.001 1595
 518.194   23149738.343          0.000 1605
 563.904   41152160.818          0.001 1616
 418.777   15051507.554          0.000 1605
 700.391    5555469.467          0.000  751
 700.283    6128873.100          0.000  457
 700.218   22574827.086          0.000 1267
 700.279    6710193.161          0.000 1244
 700.298   26375493.470          0.000 1339
 700.298   10397294.863          0.000 1339
 700.298   11270247.084          0.000 1339
 700.317   19684859.096          0.000 1496
 700.721    6653203.416          0.000  150
 700.147    6069495.729          0.000  159
 700.573    7350243.465          0.000  179
 700.399    5371273.173          0.000  275
 700.208    5099642.838          0.000  375
 700.310    5606759.507          0.000  474
 553.125   23258657.231          0.000  575
 700.206    5115954.151          0.000  664
 628.306   20855626.889          0.000  698
 700.341   14776112.488          0.000  677
 700.349   27611636.741          0.001  778
 700.084    5825310.282          0.000  753
 700.243    5488958.782          0.000  774
 700.439   17105213.290          0.000  805
 700.361    6686758.563          0.000  902
 700.286    4428263.156          0.000  954
 700.153    6428507.355          0.000 1033
 700.268    6981144.952          0.000 1124
 700.268    6554193.643          0.000 1124
 700.179    6542549.687          0.000 1173
 700.592    4360543.032          0.000 1218
 700.286    5606928.004          0.000 1248
 700.229   20014946.550          0.000 1328
 700.117    4965276.545          0.000 1277
 700.229   13996854.959          0.000 1328
 700.315    5635893.968          0.000 1490
 585.239   30096029.601          0.001 1595
 700.283    3941261.087          0.000  457
 700.317    7902816.896          0.000 1496
 700.298    7060506.792          0.000 1339
 700.298    6623012.013          0.000 1339
 359.627   17424530.041          0.000   49
  84.436    3926310.472          0.000   49
 700.370   11261185.804          0.000  866
 376.117   17449930.188          0.000   13
 253.456   11518542.457          0.000   21
 341.944   17418904.373          0.000   21
 323.377   16670184.447          0.000  233
 289.160    8339735.228          0.000  389
 296.203   11433707.933          0.000 1443
 700.346   19758572.428          0.000 1012
 700.307   14829596.937          0.000 1310
 700.330   14473917.504          0.000  682
 207.711    8536524.964          0.000   21
 239.561   10035416.174          0.000    7
 213.117    9452224.238          0.000 1579
 188.549    7074148.743          0.000   44
 242.939   10081211.378          0.000  949
 179.995    7227327.189          0.000 1008
 339.959   16359286.973          0.000  636
 294.167   10196858.917          0.000  698
 284.281   11522130.546          0.000 1607
 297.837   11691625.018          0.000 1381
 272.844    9929021.342          0.000 1616
 327.627   16645735.368          0.000 1225
 282.926   11303571.564          0.000 1600
 359.324   18911217.720          0.000 1609
 266.955    8500655.974          0.000  698
 282.916    9011961.110          0.000  698
 328.599   14086223.876          0.000 1444
 309.307   12737010.195          0.000 1577
 266.445    9079046.540          0.000 1581
 328.791   13197585.851          0.000   11
 407.317   22356128.055          0.000   15
 324.591    9691444.191          0.000  389
 328.941   11665902.952          0.000  420
 390.466   17486650.057          0.000 1606
 369.991   15901121.317          0.000 1591
 384.307   16567833.527          0.000    5
 381.564   15301091.074          0.000   17
 373.321   16173011.542          0.000  140
 385.613   16424737.249          0.000    5
 389.190   17882240.646          0.000  140
 334.846   11724898.159          0.000  420
 340.745   11469336.105          0.000  450
 363.699   14411472.718          0.000  575
 366.365   13692024.797          0.000  788
 362.118   14234707.325          0.000  820
 412.330   18118523.198          0.000   26
 392.103   15151834.709          0.000   29
 357.719   11611052.734          0.000   42
 371.314   14299275.143          0.000  298
 373.687   14907332.876          0.000  329
 382.753   15408469.737          0.000  514
 334.903   12032158.827          0.000  760
 358.881   13132962.813          0.000  883
 397.729   15352802.429          0.000  948
 398.339   17113688.588          0.000  949
 364.292   13274903.212          0.000 1382
 336.118   14631056.105          0.000 1587
 376.839   13854284.953          0.000 1597
 265.063    9425735.158          0.000 1382
 422.685   16817332.615          0.000  170
 354.698    9081351.561          0.000 1224
 412.651   12989629.708          0.000   26
 436.201   17056075.112          0.000  636
 418.920   15823878.770          0.000  789
 410.998   13045976.813          0.000  915
 433.836   16659477.670          0.000 1037
 429.917   15584439.093          0.000 1192
 423.130   12238606.643          0.000 1224
 418.367   15694412.502          0.000  636
 438.728   13264804.374          0.000   37
 427.517   16370107.615          0.000   45
 480.374   18354820.114          0.000   29
 473.587   19222338.623          0.000  265
 477.516   18597961.324          0.000 1101
 469.620   18112215.576          0.000 1288
 467.838   18458368.923          0.000 1288
 470.317   17591905.941          0.000 1584
 363.161   14431018.216          0.000 1595
