   0.000          0.000          0.000    1
   0.000          0.000          0.000    2
   0.000          0.000          0.000    3
   0.000          0.000          0.000    4
   0.000          0.000          0.000    5
   0.000          0.000          0.000    6
   0.000          0.000          0.000    7
   0.000          0.000          0.000    8
   0.000          0.000          0.000    9
   0.000          0.000          0.000   10
   0.000          0.000          0.000   11
   0.000          0.000          0.000   12
   0.000          0.000          0.000   13
   0.000          0.000          0.000   14
   0.000          0.000          0.000   15
   0.000          0.000          0.000   16
   0.000          0.000          0.000   17
   0.000          0.000          0.000   18
   0.000          0.000          0.000   19
   0.000          0.000          0.000   20
   0.000          0.000          0.000   21
   0.000          0.000          0.000   22
   0.000          0.000          0.000   23
   0.000          0.000          0.000   24
   0.000          0.000          0.000   25
   0.000          0.000          0.000   26
   0.000          0.000          0.000   27
   0.000          0.000          0.000   28
   0.000          0.000          0.000   29
   0.000          0.000          0.000   30
   0.000          0.000          0.000   31
   0.000          0.000          0.000   32
   0.000          0.000          0.000   33
   0.000          0.000          0.000   34
   0.000          0.000          0.000   35
   0.000          0.000          0.000   36
   0.000          0.000          0.000   37
   0.000          0.000          0.000   38
   0.000          0.000          0.000   39
   0.000          0.000          0.000   40
   0.000          0.000          0.000   41
   0.000          0.000          0.000   42
   0.000          0.000          0.000   43
   0.000          0.000          0.000   44
   0.000          0.000          0.000   45
   0.000          0.000          0.000   46
   0.000          0.000          0.000   47
   0.000          0.000          0.000   48
   0.000          0.000          0.000   49
   0.000          0.000          0.000   50
   0.000          0.000          0.000   51
   0.000          0.000          0.000   52
 154.472    9015441.416          0.000    3
 194.066   12201794.428          0.000    3
 172.370   10555699.589          0.000    7
 225.054   13746632.321          0.000    7
 135.149    7247213.704          0.000   11
 208.942   15117697.123          0.000   11
 213.934   12953248.910          0.000   15
 177.377   10877673.067          0.000   15
 179.807   10786617.135          0.000   19
 272.262   19487697.075          0.000   21
 145.004    7554066.390          0.000   21
 218.618   15934475.166          0.000   23
 135.124    7052898.910          0.000   26
 200.650   13290659.760          0.000   28
 129.901    7031363.209          0.000   29
 238.066   19620544.303          0.000   31
 282.966   21102132.293          0.000   31
 210.744   13989630.677          0.000   35
 189.118   11093500.680          0.000   37
 186.584   10797860.845          0.000   37
 207.473   12874741.430          0.000   38
 279.538   19264241.448          0.000   42
 241.004   13103179.809          0.000   42
 270.467   17816223.279          0.000   44
 145.582    7567086.139          0.000   45
 190.399   10297597.827          0.000   49
 189.525   11604832.288          0.000  111
   0.000          0.000          0.000   80
   0.000          0.000          0.000   81
 302.260   23597160.400          0.000    3
 400.497          0.000          0.000   83
 213.389   11861538.440          0.000    5
 400.576   11105108.819          0.000   86
 400.576          0.000          0.000   86
 201.496   10965945.443          0.000   11
 249.436   14581585.319          0.000   13
 150.083    8001976.423          0.000   13
 226.692   13439314.624          0.000   15
 221.842   12845946.385          0.000   17
 400.232   16060483.347          0.000  122
 400.232   13229122.768          0.000  122
 221.397   11962923.475          0.000   21
 237.888   13549338.176          0.000   26
 245.969   15248682.590          0.000   26
 202.698   11302750.610          0.000   29
 226.667   13034306.455          0.000   29
 271.861   18266225.558          0.000   31
 216.377   11683350.833          0.000   33
 400.022          0.000          0.000  101
 400.304   20915564.872          0.000  131
 400.255          0.000          0.000  103
 245.703   14052530.490          0.000   40
 400.422          0.000          0.000  105
 400.243   19533613.801          0.000  135
 400.363          0.000          0.000  107
 240.628   13312296.598          0.000   45
 400.521   13886956.828          0.000  138
 167.261    9179058.852          0.000  140
   0.000          0.000          0.000  111
   0.000          0.000          0.000  112
 181.559    9868697.700          0.000  141
 400.498    9722627.260          0.000   83
 400.426    9713733.983          0.000  144
 400.634   13390958.114          0.000   86
 400.250          0.000          0.000  117
 273.089   17065590.724          0.000   13
 265.844   16177201.054          0.000   13
 400.720    8874963.516          0.000  150
 400.276    9128251.995          0.000  122
 400.232          0.000          0.000  122
 400.517   21892744.259          0.000  154
 400.510   11544378.880          0.000  154
 400.510    6329725.559          0.000  154
 341.617   26654265.666          0.001   26
 348.255   25844928.633          0.000   29
 400.142   17735334.240          0.000  159
 400.182   12284664.912          0.000  159
 400.166    7328881.954          0.000  160
 400.272          0.000          0.000  131
 400.273    7272232.463          0.000  131
 400.256    4307905.097          0.000  103
 400.423    6065015.003          0.000  105
 400.243          0.000          0.000  135
 400.384    9044099.441          0.000  107
 400.145          0.000          0.000  137
 400.487          0.000          0.000  138
 199.720   11486163.312          0.000  140
   0.000          0.000          0.000  140
   0.000          0.000          0.000  141
 212.051   12307533.077          0.000  141
 400.449    9977406.507          0.000  144
 400.426          0.000          0.000  144
 400.353          0.000          0.000  145
 400.343   11454831.359          0.000  117
 400.490   16623735.859          0.000  178
 400.472    7887638.540          0.000  178
 400.728   11206597.031          0.000  150
 400.718          0.000          0.000  150
 400.234   18501310.403          0.000  182
 400.237    6393902.254          0.000  182
 400.510    8400781.716          0.000  154
 400.510          0.000          0.000  154
 400.384   12437129.285          0.000  156
 400.380          0.000          0.000  156
 400.246   13881903.645          0.000  187
 400.142    7902240.436          0.000  159
 400.142          0.000          0.000  159
 400.161          0.000          0.000  160
 400.288   12904674.429          0.000  131
 400.386   17557419.407          0.000  103
 400.256    6878559.436          0.000  103
 400.423   11551234.534          0.000  105
 400.252    7486588.307          0.000  135
 400.435   11360126.979          0.000  228
 400.244   11803549.265          0.000  137
 400.487   11489161.828          0.000  138
 190.969   11034301.114          0.000  140
   0.000          0.000          0.000  170
   0.000          0.000          0.000  171
 199.925   11324221.373          0.000  171
 283.369   17818597.826          0.000  171
 400.426    6761631.736          0.000  144
 400.354    6975818.309          0.000  145
 400.280   12250330.229          0.000  206
 400.304   13831179.088          0.000  238
 400.471          0.000          0.000  178
 400.571          0.000          0.000  179
 400.416    9361889.715          0.000  211
 400.231    5594443.994          0.000  182
 400.231          0.000          0.000  182
 400.231    3068979.675          0.000  182
 400.556   10351464.945          0.000  154
 400.366   15114512.794          0.000  246
 400.301   11074865.588          0.000  218
 400.160          0.000          0.000  187
 400.142    8562932.848          0.000  159
 400.309   17629379.961          0.000  222
 400.309    9851621.178          0.000  222
 400.326   13456999.812          0.000  222
 400.256   12657194.893          0.000  103
 400.259   20074695.552          0.000  103
 400.467   22803511.200          0.000  105
 400.435   10167424.401          0.000  228
 400.435    4909118.534          0.000  228
 400.584   12718313.865          0.000  198
 400.499          0.000          0.000  198
 232.803   12943596.861          0.000  170
 132.842    6873302.257          0.000  170
   0.000          0.000          0.000  201
   0.000          0.000          0.000  202
 218.574   12379378.364          0.000  233
 400.458   22843850.586          0.000  144
 400.242    7376440.467          0.000  236
 400.154          0.000          0.000  206
 400.304    4422526.299          0.000  238
 400.393   24332220.293          0.000  275
 400.451   17148634.178          0.000  211
 400.416    5072866.056          0.000  211
 400.415          0.000          0.000  211
 400.231   13115676.347          0.000  182
 400.231    6499995.768          0.000  182
 400.231   14513118.715          0.000  182
 400.314    8747911.556          0.000  246
 400.312    5361495.456          0.000  246
 400.306   10041556.957          0.000  218
 400.297          0.000          0.000  218
 400.160    6683794.876          0.000  187
 400.244   11257308.432          0.000  249
 400.309    8653775.068          0.000  222
 400.309          0.000          0.000  222
 400.309    5493151.888          0.000  222
 400.341   10681967.822          0.000  255
 400.358   14866916.644          0.000  255
 400.399    8817260.501          0.000  257
 400.435    9218893.165          0.000  228
 400.435          0.000          0.000  228
 400.411    9446547.765          0.000  260
 400.268   15643480.227          0.000  296
 218.536   15205800.888          0.000  201
   0.000          0.000          0.000  232
   0.000          0.000          0.000  233
 284.014   21681232.307          0.000  233
 400.275   28506764.396          0.001  236
 400.227          0.000          0.000  236
 400.315   11105618.110          0.000  270
 400.304          0.000          0.000  238
 400.400   22622240.823          0.000  275
 400.392   12619429.190          0.000  275
 400.458   15254997.891          0.000  211
 400.339    9509971.710          0.000  277
 400.283   14523248.444          0.000  182
 400.295   14301693.972          0.000  311
 400.312    7537984.858          0.000  246
 400.312          0.000          0.000  246
 400.312   15964433.377          0.000  246
 400.371   10815768.389          0.000  283
 400.244          0.000          0.000  249
 400.269   10746103.918          0.000  249
 400.349   17290373.725          0.000  222
 400.372   20454473.123          0.000  255
 400.341   11547917.468          0.000  255
 400.341    4754752.721          0.000  255
 400.341          0.000          0.000  255
 400.341    6571299.275          0.000  255
 400.334          0.000          0.000  257
 400.470   14017666.537          0.000  228
 400.356   15454283.177          0.000  260
 400.356          0.000          0.000  260
 400.356    7572914.215          0.000  260
 400.254    7047557.604          0.000  296
 194.318   10043914.600          0.000  298
   0.000          0.000          0.000  264
   0.000          0.000          0.000  265
 311.761   27281404.808          0.001  265
 400.228   28972004.590          0.001  236
 400.228   17805688.726          0.000  236
 400.227    2753524.849          0.000  236
 400.298          0.000          0.000  270
 400.298    6444252.675          0.000  270
 400.318   12855296.950          0.000  238
 400.264   17348894.326          0.000  335
 400.392    5028963.647          0.000  275
 400.391          0.000          0.000  275
 400.340    7460732.068          0.000  277
 400.339          0.000          0.000  277
 400.267   14540225.281          0.000  311
 400.262    3547489.036          0.000  311
 400.317    8982458.952          0.000  246
 400.552   10773181.036          0.000  314
 400.290   12207665.885          0.000  283
 400.290          0.000          0.000  283
 400.285    8872686.784          0.000  249
 400.283    9041337.468          0.000  286
 400.227          0.000          0.000  286
 400.248    9566091.876          0.000  319
 400.341   10825298.367          0.000  255
 400.341    5624555.945          0.000  255
 400.342   14742411.235          0.000  255
 400.404   10154144.849          0.000  257
 400.334   14589424.679          0.000  257
 400.356   13080979.307          0.000  260
 400.356    6369467.320          0.000  260
 400.254    7387462.148          0.000  296
 400.254          0.000          0.000  296
 270.364   17489294.189          0.000  298
   0.000          0.000          0.000  298
   0.000          0.000          0.000  299
 141.083    8047393.839          0.000  265
 259.827   16876520.106          0.000  265
 400.228   11395992.946          0.000  236
 400.228    6415908.408          0.000  236
 400.330   11468338.277          0.000  270
 400.318   16428987.361          0.000  270
 400.267   12449525.081          0.000  335
 400.201    6293439.237          0.000  335
 400.441    9239940.536          0.000  275
 400.383   13911259.522          0.000  277
 400.029          0.000          0.000  310
 400.262          0.000          0.000  311
 400.528   18004149.531          0.000  314
 400.522    8987839.611          0.000  314
 400.522          0.000          0.000  314
 400.316   16004901.193          0.000  283
 400.290   10532387.815          0.000  283
 400.227   11068351.585          0.000  286
 400.227    6092997.548          0.000  286
 400.232          0.000          0.000  319
 400.325          0.000          0.000  320
 400.365   12596310.086          0.000  255
 400.433   19619148.716          0.000  383
 400.279   11310519.719          0.000  354
 400.279    5750994.199          0.000  354
 400.430   16511857.891          0.000  260
 400.278   16243298.746          0.000  296
 295.217   20998746.412          0.000  328
   0.000          0.000          0.000  328
   0.000          0.000          0.000  329
 221.789   12829932.896          0.000  329
 400.279   21371263.182          0.000  236
 400.228   13582286.044          0.000  236
 400.312    7792381.247          0.000  364
 400.376   16330432.912          0.000  366
 400.201          0.000          0.000  335
 400.475   12905213.050          0.000  368
 400.392    8187150.630          0.000  368
 400.392   16552760.862          0.000  368
 400.417          0.000          0.000  339
 400.302   14221347.472          0.000  311
 400.262    5067740.235          0.000  311
 400.262    8341158.480          0.000  311
 400.282          0.000          0.000  343
 400.564   15591821.443          0.000  314
 400.264          0.000          0.000  345
 400.371   17052574.207          0.000  408
 400.230   15369651.625          0.000  286
 400.232    4099589.849          0.000  319
 400.344    8002085.567          0.000  320
 400.333   10057954.226          0.000  382
 400.308   10923507.098          0.000  382
 400.299    6093411.363          0.000  383
 400.279    6250412.579          0.000  354
 400.279          0.000          0.000  354
 400.219    9667909.823          0.000  416
 400.221   16526194.491          0.000  416
 400.244          0.000          0.000  357
 231.986   13156524.411          0.000  328
   0.000          0.000          0.000  359
   0.000          0.000          0.000  360
 280.532   20801554.833          0.000  329
 400.394   11118500.215          0.000  392
 400.438    6965098.459          0.000  394
 400.312          0.000          0.000  364
 400.321    7141766.249          0.000  366
 400.321          0.000          0.000  366
 400.392    9718138.227          0.000  368
 400.392          0.000          0.000  368
 400.392    4104105.226          0.000  368
 400.448   22279665.869          0.000  429
 400.275   20125675.756          0.000  311
 400.262   12257117.935          0.000  311
 400.270   15829290.695          0.000  311
 400.262   21703767.181          0.000  311
 400.200          0.000          0.000  375
 400.268   13074581.054          0.000  406
 400.327   16839895.973          0.000  408
 400.327    7186300.682          0.000  408
 400.232   15665213.296          0.000  319
 400.245   14830845.391          0.000  319
 400.308    8897854.432          0.000  382
 400.308          0.000          0.000  382
 400.299          0.000          0.000  383
 400.279   14090439.785          0.000  354
 400.339   10568854.375          0.000  354
 400.219    3897644.452          0.000  416
 400.495   18734415.543          0.000  448
 214.393   11130329.736          0.000  389
   0.000          0.000          0.000  389
   0.000          0.000          0.000  390
 292.664   22861711.254          0.000  420
 400.385          0.000          0.000  392
 400.418    5022822.084          0.000  394
 400.417          0.000          0.000  394
 400.518   13557985.467          0.000  424
 400.321    8304906.511          0.000  366
 400.321    5124163.576          0.000  366
 400.402    8168204.496          0.000  368
 400.381    7066658.632          0.000  429
 400.381   12048306.043          0.000  429
 400.307    9964033.530          0.000  432
 400.260   13526047.248          0.000  404
 400.260    5286328.039          0.000  404
 400.259          0.000          0.000  404
 400.251   12992012.116          0.000  375
 400.205          0.000          0.000  406
 400.314   11035912.015          0.000  437
 400.327          0.000          0.000  408
 400.253    8440174.378          0.000  439
 400.254    8970276.852          0.000  441
 400.308   16910686.287          0.000  382
 400.308    5148331.353          0.000  382
 400.299    5094554.491          0.000  383
 400.363   16989210.235          0.000  445
 400.340    7999840.632          0.000  445
 400.219          0.000          0.000  416
 400.494    6460245.118          0.000  448
 285.214   20046506.493          0.000  419
   0.000          0.000          0.000  419
   0.000          0.000          0.000  420
 218.966   12676986.716          0.000  420
 400.402   10106197.419          0.000  392
 400.510    9887877.725          0.000  424
 400.510          0.000          0.000  424
 400.510    5724076.248          0.000  424
 400.321   13086550.094          0.000  366
 400.321   11669416.086          0.000  366
 400.413   15193713.642          0.000  429
 400.381          0.000          0.000  429
 400.381    6243362.948          0.000  429
 400.381   12238847.310          0.000  429
 400.248          0.000          0.000  432
 400.261   10439455.378          0.000  404
 400.421   14868706.816          0.000  466
 400.210   17536388.821          0.000  467
 400.448   18805806.101          0.000  406
 400.254          0.000          0.000  437
 400.253   10708959.630          0.000  439
 400.253          0.000          0.000  439
 400.253    8145988.605          0.000  439
 400.240          0.000          0.000  441
 400.368   14198423.453          0.000  382
 400.321   12019353.477          0.000  383
 400.335    8803562.370          0.000  474
 400.340          0.000          0.000  445
 400.226    8842243.386          0.000  416
 400.573   18296995.326          0.000  448
 400.494          0.000          0.000  448
 200.300   11860226.054          0.000  419
   0.000          0.000          0.000  450
   0.000          0.000          0.000  451
 231.151   14776150.323          0.000  420
 400.562   10034484.734          0.000  484
 400.436   11404815.150          0.000  486
 400.528    9724704.600          0.000  424
 400.290    6884166.835          0.000  457
 400.277          0.000          0.000  457
 400.435   24460851.751          0.000  366
 400.382   12369653.045          0.000  429
 400.381    4579913.768          0.000  429
 400.314   17585602.925          0.000  525
 400.529   27730833.877          0.001  429
 400.349   19556067.648          0.000  529
 400.343   10726631.189          0.000  529
 400.486   11367766.627          0.000  466
 400.421          0.000          0.000  466
 400.110          0.000          0.000  467
 400.081          0.000          0.000  468
 400.454   12216245.932          0.000  501
 400.259    6689923.257          0.000  439
 400.137   17397325.853          0.000  536
 400.137   13478576.567          0.000  536
 400.475   16738990.343          0.000  538
 400.301          0.000          0.000  474
 400.301   13675278.393          0.000  474
 400.340    5572865.119          0.000  445
 400.340   11403809.275          0.000  445
 400.558   18427877.496          0.000  448
 400.494    7710125.191          0.000  448
 175.416    9450773.728          0.000  450
   0.000          0.000          0.000  481
   0.000          0.000          0.000  482
 235.263   14612958.484          0.000  482
 400.558          0.000          0.000  484
 400.436   12148933.993          0.000  486
 400.436          0.000          0.000  486
 400.529   18319887.897          0.000  486
 400.282   16180547.445          0.000  457
 400.278    7974639.378          0.000  457
 400.382   20863391.310          0.000  429
 400.382   13397322.282          0.000  429
 400.269   14294673.770          0.000  525
 400.269    5650026.360          0.000  525
 400.323   14108605.258          0.000  525
 400.353   19264165.492          0.000  529
 400.343    4863586.587          0.000  529
 400.421    9484796.307          0.000  466
 400.241          0.000          0.000  498
 400.319   17751838.431          0.000  532
 400.337   12319046.092          0.000  532
 400.342          0.000          0.000  501
 400.367   10016374.282          0.000  503
 400.355          0.000          0.000  503
 400.137    2546637.157          0.000  536
 400.137    6918304.663          0.000  536
 400.186   17789694.855          0.000  536
 400.432    7361965.470          0.000  538
 400.326    8970643.867          0.000  474
 400.349   11491324.024          0.000  445
 400.346   19906336.311          0.000  445
 400.280   11499264.380          0.000  542
 183.815   10917767.439          0.000  481
   0.000          0.000          0.000  513
   0.000          0.000          0.000  514
 224.436   13139654.725          0.000  514
 400.515   24206064.731          0.000  486
 400.436    8012839.862          0.000  486
 400.436    5307818.634          0.000  486
 400.466    8826987.245          0.000  520
 400.466          0.000          0.000  520
 400.362   15322560.012          0.000  552
 400.550    7695180.278          0.000  523
 400.549          0.000          0.000  523
 400.323   16224378.248          0.000  525
 400.269          0.000          0.000  525
 400.269    5362274.935          0.000  525
 400.517   20107149.032          0.000  588
 400.343    7258617.301          0.000  529
 400.343          0.000          0.000  529
 400.242    7744646.029          0.000  498
 400.330    8930066.410          0.000  532
 400.318          0.000          0.000  532
 400.297   15983502.637          0.000  565
 400.241    9715756.603          0.000  565
 400.412   10201481.604          0.000  503
 400.137          0.000          0.000  536
 400.158   21799607.967          0.000  597
 400.432          0.000          0.000  538
 400.432    4657108.696          0.000  538
 400.291    6234147.067          0.000  571
 400.316    7810180.111          0.000  572
 400.280          0.000          0.000  542
 400.280    5359742.398          0.000  542
 194.566   10222676.218          0.000  575
   0.000          0.000          0.000  545
   0.000          0.000          0.000  546
 185.137   10601650.825          0.000  546
 400.469          0.000          0.000  548
 400.475   18061598.156          0.000  486
 400.267    7021996.059          0.000  580
 400.503    9030943.384          0.000  520
 400.335          0.000          0.000  552
 400.335    7751780.539          0.000  552
 400.180    6303330.783          0.000  583
 400.581   10745542.667          0.000  523
 400.349    6777127.985          0.000  585
 400.269    6196952.588          0.000  525
 400.269    6740186.986          0.000  525
 400.453    8001345.570          0.000  588
 400.343    8669094.400          0.000  529
 400.414    8570070.383          0.000  590
 400.300    9715407.504          0.000  591
 400.319   12230304.402          0.000  532
 400.318   11657221.772          0.000  532
 400.241          0.000          0.000  565
 400.241    5557805.178          0.000  565
 400.094    5710783.882          0.000  595
 400.126    7751091.384          0.000  597
 400.481   11929554.918          0.000  538
 400.363   11572823.579          0.000  571
 400.291          0.000          0.000  571
 400.283          0.000          0.000  572
 400.280    6794560.855          0.000  542
 305.310   19773963.551          0.000  575
   0.000          0.000          0.000  575
   0.000          0.000          0.000  576
 267.398   18888175.988          0.000  576
 295.631   20433409.543          0.000  546
 400.389   20927211.370          0.000  580
 400.267          0.000          0.000  580
 400.269   16812057.352          0.000  580
 400.335    5391935.878          0.000  552
 400.180          0.000          0.000  583
 400.349    6962832.922          0.000  585
 400.349          0.000          0.000  585
 400.327   16647701.583          0.000  525
 400.269   14511695.159          0.000  525
 400.453          0.000          0.000  588
 400.409   18485041.022          0.000  529
 400.377          0.000          0.000  590
 400.239          0.000          0.000  591
 400.225          0.000          0.000  592
 400.327   14186218.517          0.000  565
 400.429   21551772.385          0.000  658
 400.093          0.000          0.000  595
 400.126    6531011.193          0.000  597
 400.125          0.000          0.000  597
 400.305   10065385.585          0.000  629
 400.225    8809757.542          0.000  630
 400.201   10214213.890          0.000  601
 400.161          0.000          0.000  601
 400.278   15787503.346          0.000  665
 164.870    9098820.219          0.000  575
   0.000          0.000          0.000  604
   0.000          0.000          0.000  605
 284.812   21995199.079          0.000  605
 261.514   15916332.707          0.000  636
 400.267   17403024.863          0.000  580
 400.267    7989981.952          0.000  580
 400.267    6453908.407          0.000  580
 400.335   21922971.450          0.000  673
 400.335   13387500.050          0.000  552
 400.228    9918040.755          0.000  583
 400.370   14755258.691          0.000  585
 400.391   12208447.551          0.000  585
 400.315   14229961.562          0.000  679
 400.453    7157632.129          0.000  588
 400.420   19662363.784          0.000  652
 400.300    8779361.403          0.000  652
 400.253   13674704.309          0.000  591
 400.239    5427173.271          0.000  591
 400.481   11854696.400          0.000  654
 400.339    8169414.183          0.000  656
 400.127          0.000          0.000  624
 400.333    9203696.184          0.000  658
 400.333    6635881.270          0.000  658
 400.131   12521597.065          0.000  597
 400.305    2342158.675          0.000  629
 400.305          0.000          0.000  629
 400.205          0.000          0.000  630
 400.244   15264904.859          0.000  663
 400.393   13146389.354          0.000  665
 400.250    6745313.700          0.000  665
 256.923   15498787.229          0.000  635
   0.000          0.000          0.000  635
   0.000          0.000          0.000  636
 160.785    8790869.410          0.000  636
 268.790   16637679.084          0.000  636
 400.408   13979411.383          0.000  671
 400.267   14252184.554          0.000  580
 400.304    9926346.151          0.000  673
 400.197          0.000          0.000  642
 400.162          0.000          0.000  643
 400.230          0.000          0.000  644
 400.236    9481886.074          0.000  644
 400.352   14830668.123          0.000  679
 400.314    3675098.610          0.000  679
 400.314    7595990.081          0.000  679
 400.541    8770103.690          0.000  650
 400.538          0.000          0.000  650
 400.300   11000287.088          0.000  652
 400.300          0.000          0.000  652
 400.271   16716272.773          0.000  591
 400.418          0.000          0.000  654
 400.318    6041299.416          0.000  656
 400.318          0.000          0.000  656
 400.333    8758779.669          0.000  658
 400.333          0.000          0.000  658
 400.334   18199531.823          0.000  658
 400.306    8069743.145          0.000  629
 400.387   10746114.272          0.000  629
 400.305    8325630.450          0.000  629
 400.244          0.000          0.000  663
 400.193          0.000          0.000  664
 400.250          0.000          0.000  665
 217.047   11716256.095          0.000  635
   0.000          0.000          0.000  667
   0.000          0.000          0.000  668
 165.963   10057569.513          0.000  699
 400.227    9394686.384          0.000  701
 400.327          0.000          0.000  671
 400.267   20950339.422          0.000  580
 400.304          0.000          0.000  673
 400.304    8358181.732          0.000  673
 400.436   18559177.697          0.000  706
 400.434   17695565.263          0.000  644
 400.332          0.000          0.000  677
 400.316   11914234.148          0.000  679
 400.314          0.000          0.000  679
 400.314   10536999.575          0.000  679
 400.516   12700653.761          0.000  711
 400.279          0.000          0.000  682
 400.279    8541272.200          0.000  682
 400.448   17534129.392          0.000  715
 400.389    6444410.301          0.000  715
 400.418    8808233.056          0.000  654
 400.418    5405874.119          0.000  654
 400.318    6126756.984          0.000  656
 400.383   17984526.320          0.000  658
 400.333    8388937.938          0.000  658
 400.306   13934031.755          0.000  629
 400.306   17775819.558          0.000  629
 400.361   16762644.038          0.000  629
 400.325   10699504.606          0.000  663
 400.252    7760490.551          0.000  664
 400.250    8972995.142          0.000  665
 161.496    8335271.114          0.000  698
   0.000          0.000          0.000  698
   0.000          0.000          0.000  699
 239.964   15028212.776          0.000  699
 400.224          0.000          0.000  701
 400.345   12407237.863          0.000  671
 400.317   11716531.658          0.000  673
 400.372   17854349.321          0.000  673
 400.364    4457433.700          0.000  706
 400.364          0.000          0.000  706
 400.332    8106469.009          0.000  677
 400.154          0.000          0.000  708
 400.198    9237830.080          0.000  740
 400.510    5569709.647          0.000  711
 400.510          0.000          0.000  711
 400.313    7694618.783          0.000  682
 400.435   15752242.764          0.000  715
 400.389    6080967.831          0.000  715
 400.389          0.000          0.000  715
 400.430   13198709.701          0.000  654
 400.345   14127026.773          0.000  656
 400.361   19683801.242          0.000  778
 400.320   11940204.045          0.000  778
 400.320   10366684.490          0.000  778
 400.319   23729037.369          0.000  629
 400.382    9880964.586          0.000  751
 400.314   11392506.754          0.000  752
 400.431   20824209.155          0.000  754
 400.393   10131947.051          0.000  754
 400.250   16925329.854          0.000  665
 400.303   10913671.018          0.000  757
 206.954   13211904.823          0.000  698
   0.000          0.000          0.000  729
   0.000          0.000          0.000  730
 257.637   18111302.963          0.000  699
 400.354   14217357.372          0.000  762
 400.373   13912293.387          0.000  762
 400.277   12123191.079          0.000  763
 400.402   22116489.432          0.000  826
 400.328          0.000          0.000  736
 400.446   12198949.495          0.000  706
 400.311   12887989.848          0.000  768
 400.179    7011289.639          0.000  708
 400.148          0.000          0.000  740
 400.511   15666089.831          0.000  711
 400.510    5820122.627          0.000  711
 400.295          0.000          0.000  743
 400.389   14757367.965          0.000  715
 400.389    7894468.106          0.000  715
 400.316    7346726.302          0.000  775
 400.409   17648543.518          0.000  777
 400.353    7736525.112          0.000  777
 400.320    3361864.140          0.000  778
 400.340   19095380.601          0.000  778
 400.381          0.000          0.000  751
 400.314          0.000          0.000  752
 400.082          0.000          0.000  753
 400.393          0.000          0.000  754
 400.393    4985977.053          0.000  754
 400.303    6262332.260          0.000  757
 400.303          0.000          0.000  757
 178.671    9829848.420          0.000  788
   0.000          0.000          0.000  759
   0.000          0.000          0.000  760
 221.092   12939804.853          0.000  760
 400.335          0.000          0.000  762
 400.277          0.000          0.000  763
 400.277    5934904.752          0.000  763
 400.386   12622959.532          0.000  826
 400.331   10658330.847          0.000  736
 400.230          0.000          0.000  767
 400.311          0.000          0.000  768
 400.413    7371218.379          0.000  799
 400.432   14756902.155          0.000  799
 400.536   14572207.308          0.000  711
 400.355    9401780.182          0.000  743
 400.502   12688732.813          0.000  805
 400.241          0.000          0.000  774
 400.307          0.000          0.000  775
 400.353   10683493.124          0.000  777
 400.353          0.000          0.000  777
 400.319          0.000          0.000  778
 400.394    7599261.892          0.000  811
 400.432   13573757.087          0.000  751
 400.431   12107955.812          0.000  752
 400.083    6948921.639          0.000  753
 400.393    7925376.762          0.000  754
 400.395   10715389.991          0.000  754
 400.303   12735793.489          0.000  757
 400.237    6448425.937          0.000  787
 400.237          0.000          0.000  787
   0.000          0.000          0.000  788
   0.000          0.000          0.000  789
 231.442   14280580.497          0.000  789
 400.335    8744986.337          0.000  762
 400.277    7300177.355          0.000  763
 400.485   20548458.417          0.000  826
 400.386    5392463.660          0.000  826
 400.391   11533471.013          0.000  827
 400.331   13438326.875          0.000  827
 400.316    5044709.529          0.000  768
 400.436   17088294.234          0.000  799
 400.413          0.000          0.000  799
 400.413    6911431.119          0.000  799
 400.517          0.000          0.000  801
 400.368   10696016.046          0.000  866
 400.468   19055191.149          0.000  805
 400.421    8011385.494          0.000  805
 400.421          0.000          0.000  805
 400.421    6250686.931          0.000  805
 400.201   13052498.025          0.000  839
 400.353    9932090.111          0.000  777
 400.172   11175583.307          0.000  841
 400.394    7754847.768          0.000  811
 400.394          0.000          0.000  811
 400.394    8729701.275          0.000  811
 400.396    6222241.002          0.000  844
 400.370   17177993.166          0.000  846
 400.298    5692497.344          0.000  846
 400.411   16789841.780          0.000  754
 400.426   24839929.497          0.000  757
 400.237   13467543.868          0.000  787
 184.518   10408689.150          0.000  788
   0.000          0.000          0.000  820
   0.000          0.000          0.000  821
 285.748   21657931.058          0.000  789
 400.250   11591073.429          0.000  855
 400.276   10968147.181          0.000  855
 400.317   21965566.608          0.000  763
 400.385          0.000          0.000  826
 400.331          0.000          0.000  827
 400.331    3219216.695          0.000  827
 400.331    7660463.176          0.000  827
 400.304          0.000          0.000  830
 400.304    3731211.906          0.000  830
 400.413    6580048.005          0.000  799
 400.531    8337321.147          0.000  801
 400.367   13928169.363          0.000  866
 400.367    4426130.125          0.000  866
 400.421    8355912.345          0.000  805
 400.422   10995824.695          0.000  805
 400.231   10462656.990          0.000  839
 400.201          0.000          0.000  839
 400.203   21172831.665          0.000  841
 400.172          0.000          0.000  841
 400.420   11285319.643          0.000  811
 400.396    6594489.231          0.000  844
 400.396          0.000          0.000  844
 400.298   10124452.820          0.000  846
 400.298          0.000          0.000  846
 400.500   13350308.397          0.000  848
 400.474          0.000          0.000  848
 400.276   25771101.829          0.001  787
 183.007    9319461.045          0.000  820
   0.000          0.000          0.000  851
   0.000          0.000          0.000  852
 162.342    9830612.198          0.000  821
 276.400   19276594.606          0.000  821
 400.250          0.000          0.000  855
 400.302          0.000          0.000  856
 400.496          0.000          0.000  857
 400.386    6023292.973          0.000  826
 400.331    4958900.530          0.000  827
 400.292   15152482.989          0.000  890
 400.331   12345852.958          0.000  827
 400.446   16365786.371          0.000  830
 400.505    6329796.339          0.000  894
 400.407   11298867.783          0.000  929
 400.378    8407168.638          0.000  866
 400.367          0.000          0.000  866
 400.536   23746691.249          0.000  805
 400.355   17491923.048          0.000  933
 400.329    7714853.375          0.000  870
 400.329          0.000          0.000  870
 400.331   11613163.985          0.000  839
 400.243          0.000          0.000  872
 400.349   12431774.398          0.000  905
 400.332    6465508.857          0.000  905
 400.397   13002070.718          0.000  844
 400.461   14045931.738          0.000  844
 400.503   17949077.535          0.000  846
 400.362          0.000          0.000  878
 400.482    9241571.227          0.000  848
 327.831   20887749.109          0.000  915
 253.901   15463115.215          0.000  915
   0.000          0.000          0.000  882
   0.000          0.000          0.000  883
 223.654   13295313.912          0.000  883
 400.196    7453839.331          0.000  886
 400.195          0.000          0.000  886
 400.562   13690442.354          0.000  857
 400.427   16899839.716          0.000  826
 400.378   19371896.291          0.000  890
 400.292          0.000          0.000  890
 400.332   21404171.347          0.000  827
 400.529   12624733.633          0.000  926
 400.505    7331877.721          0.000  894
 400.504          0.000          0.000  894
 400.407   13787091.339          0.000  929
 400.407    5402587.627          0.000  929
 400.407   10132631.005          0.000  929
 400.369    6024372.767          0.000  866
 400.368   15119724.852          0.000  931
 400.254    7272091.712          0.000  933
 400.339   21922147.733          0.000  933
 400.359          0.000          0.000  902
 400.243    4718108.254          0.000  872
 400.332    5176630.483          0.000  905
 400.331          0.000          0.000  905
 400.332    5131493.038          0.000  905
 400.332   13953979.109          0.000  905
 400.339    8927586.632          0.000  909
 400.322          0.000          0.000  909
 400.405   11199911.981          0.000  878
 400.259          0.000          0.000  911
 331.772   21542628.916          0.000  915
 263.658   14757931.403          0.000  915
 162.860    8197037.168          0.000  915
   0.000          0.000          0.000  915
   0.000          0.000          0.000  916
 104.472    5658434.240          0.000  949
 400.224   21702166.292          0.000  886
 400.196    9423970.289          0.000  886
 400.516   11903385.770          0.000  921
 400.463          0.000          0.000  921
 400.304   15245108.337          0.000  890
 400.292    7046103.174          0.000  890
 400.292    5768843.558          0.000  890
 400.351   29233683.978          0.001  827
 400.514          0.000          0.000  926
 400.563   17851042.636          0.000  894
 400.443   22447870.803          0.000  929
 400.407          0.000          0.000  929
 400.351    8483763.282          0.000  931
 400.351          0.000          0.000  931
 400.351    4968283.843          0.000  931
 400.254          0.000          0.000  933
 400.254    7220756.081          0.000  933
 400.321          0.000          0.000  935
 400.324    9008061.010          0.000  935
 400.305   14855316.707          0.000  872
 400.339   12966207.826          0.000  905
 400.406   15923496.196          0.000  905
 400.332   13459313.884          0.000  905
 400.334   15809925.510          0.000  971
 400.267    7194673.964          0.000  971
 400.308   15930002.798          0.000  911
 400.259    7380388.044          0.000  911
 400.268    8221562.959          0.000  946
 400.268          0.000          0.000  946
 231.569   13018263.156          0.000  948
   0.000          0.000          0.000  948
   0.000          0.000          0.000  949
 236.155   14491673.859          0.000  949
 400.043          0.000          0.000  951
 400.328   11751017.171          0.000 1012
 400.463   11675167.894          0.000  921
 400.277          0.000          0.000  954
 400.345   13803856.424          0.000 1015
 400.419   19191704.435          0.000 1017
 400.520   10531225.944          0.000  926
 400.451   19948627.772          0.000  929
 400.407    8828016.163          0.000  929
 400.407    3736102.990          0.000  929
 400.527   14556885.123          0.000  929
 400.280   10018134.572          0.000  993
 400.319   17278914.475          0.000  993
 400.287   11233017.050          0.000  933
 400.409   17145136.909          0.000 1089
 400.491   21145959.351          0.000 1089
 400.451   27211927.141          0.001 1089
 400.179          0.000          0.000  968
 400.179    8321037.303          0.000  968
 400.424   17783215.139          0.000 1032
 400.267          0.000          0.000  971
 400.177   13439023.246          0.000 1033
 400.316   13152270.832          0.000  946
 400.293   16194882.800          0.000 1005
 219.548   12080866.219          0.000  948
   0.000          0.000          0.000  976
   0.000          0.000          0.000  977
 168.346   10450961.561          0.000 1008
 400.408   12467175.528          0.000 1010
 400.333   15856250.020          0.000 1012
 400.328    4889512.300          0.000 1012
 400.226    7122842.286          0.000 1013
 400.277    8527938.770          0.000  954
 400.344    6540405.752          0.000 1015
 400.450   17130286.084          0.000 1017
 400.404    6949019.602          0.000 1017
 400.278    4613308.385          0.000 1018
 400.485   20925086.784          0.000  929
 400.407    9135199.754          0.000  929
 400.193    9341285.033          0.000  991
 400.180          0.000          0.000  991
 400.251    7259672.496          0.000  993
 400.250          0.000          0.000  993
 400.251    7302857.098          0.000  993
 400.350    9931147.588          0.000 1025
 400.409   11702191.018          0.000 1089
 400.408    9924025.197          0.000 1089
 400.409   17827150.432          0.000 1089
 400.468          0.000          0.000  999
 400.179    7736509.009          0.000  968
 400.386   17292329.336          0.000 1032
 400.338    5079286.537          0.000 1032
 400.145    5206253.618          0.000 1033
 400.384   17853777.316          0.000 1065
 400.293          0.000          0.000 1005
 281.605   18714488.505          0.000 1007
   0.000          0.000          0.000 1007
   0.000          0.000          0.000 1008
 251.051   16027056.203          0.000 1008
 400.338          0.000          0.000 1010
 400.359   11294757.142          0.000 1012
 400.328          0.000          0.000 1012
 400.187          0.000          0.000 1013
 400.377   20032865.964          0.000  954
 400.344          0.000          0.000 1015
 400.404   10344045.633          0.000 1017
 400.404          0.000          0.000 1017
 400.277          0.000          0.000 1018
 400.471   28488390.542          0.001  929
 400.407   18063477.637          0.000  929
 400.386    8067382.068          0.000 1052
 400.317   18598216.678          0.000  993
 400.251   11364040.568          0.000  993
 400.344    9040510.777          0.000 1025
 400.344          0.000          0.000 1025
 400.409   20856068.576          0.000 1089
 400.408    4876362.744          0.000 1089
 400.408   14742844.649          0.000 1089
 400.492    8211542.789          0.000  999
 400.145          0.000          0.000 1030
 400.212   22453107.521          0.000  968
 400.338          0.000          0.000 1032
 400.145          0.000          0.000 1033
 400.332    5930297.270          0.000 1065
 400.362   10291220.863          0.000 1005
 247.206   14327011.024          0.000 1037
   0.000          0.000          0.000 1037
   0.000          0.000          0.000 1038
 128.035    7190345.578          0.000 1008
 400.338    4818134.710          0.000 1010
 400.338    8907900.397          0.000 1010
 400.351   18978138.238          0.000 1012
 400.328    8666250.234          0.000 1012
 400.313   10748122.935          0.000 1075
 400.136          0.000          0.000 1045
 400.146   12092563.372          0.000 1045
 400.285          0.000          0.000 1047
 400.449   12889648.563          0.000 1017
 400.352   15390117.478          0.000 1112
 400.352   10511220.405          0.000 1112
 400.359    8205735.730          0.000 1052
 400.359          0.000          0.000 1052
 400.398   28598165.256          0.001 1117
 400.152          0.000          0.000 1054
 400.344    6375431.432          0.000 1025
 400.486   14734905.302          0.000 1089
 400.408    2724693.074          0.000 1089
 400.408    5890260.633          0.000 1089
 400.248   12256980.141          0.000 1091
 400.334   16801498.546          0.000 1062
 400.272    8736724.602          0.000 1062
 400.272          0.000          0.000 1062
 400.338   15267368.618          0.000 1032
 400.332    8154873.707          0.000 1065
 400.332          0.000          0.000 1065
 400.332    7347407.760          0.000 1065
 400.167          0.000          0.000 1067
 270.752   17736233.069          0.000 1069
   0.000          0.000          0.000 1069
   0.000          0.000          0.000 1070
 231.329   14313589.817          0.000 1070
 400.338   14880900.270          0.000 1010
 400.460   18851655.304          0.000 1136
 400.318    5303520.062          0.000 1075
 400.313          0.000          0.000 1075
 400.141    6320230.913          0.000 1045
 400.136    4911841.103          0.000 1045
 400.243   18447428.609          0.000 1140
 400.367   20531884.290          0.000 1171
 400.382   25952503.692          0.000 1112
 400.405   18433183.775          0.000 1112
 400.352    4967871.485          0.000 1112
 400.359    7112891.292          0.000 1052
 400.310   12846463.617          0.000 1117
 400.310    6935090.689          0.000 1117
 400.415   16210485.895          0.000 1025
 400.313    9647811.090          0.000 1119
 400.408    9790744.922          0.000 1089
 400.408          0.000          0.000 1089
 400.536   23367853.664          0.000 1089
 400.169          0.000          0.000 1091
 400.265    8984716.924          0.000 1124
 400.210          0.000          0.000 1093
 400.333   20273884.710          0.000 1065
 400.332    8692864.049          0.000 1065
 400.333   13523136.283          0.000 1065
 323.656   22477821.236          0.000 1131
 201.304   10447683.616          0.000 1131
 103.772    5109826.690          0.000 1131
   0.000          0.000          0.000 1100
   0.000          0.000          0.000 1101
 243.310   15521490.181          0.000 1101
 400.394   14522979.655          0.000 1136
 400.393    7575009.870          0.000 1136
 400.325   23758732.118          0.000 1075
 400.313    6360185.748          0.000 1075
 400.136   11474790.745          0.000 1045
 400.241    4780926.789          0.000 1140
 400.240    9862533.841          0.000 1141
 400.306   11517548.333          0.000 1171
 400.352    5261733.745          0.000 1112
 400.352          0.000          0.000 1112
 400.497   11291558.246          0.000 1145
 400.381   22010495.124          0.000 1117
 400.310   12388237.180          0.000 1117
 400.310    5061001.371          0.000 1117
 400.310          0.000          0.000 1117
 400.413   13196934.196          0.000 1119
 400.313          0.000          0.000 1119
 400.408   15648062.819          0.000 1089
 400.120          0.000          0.000 1121
 400.280          0.000          0.000 1122
 400.285   10869071.703          0.000 1124
 400.259          0.000          0.000 1124
 400.210    5969695.663          0.000 1093
 400.320   16874783.254          0.000 1127
 400.320          0.000          0.000 1127
 400.388   25107772.376          0.001 1065
 291.383   17191144.463          0.000 1131
 248.602   14990747.490          0.000 1131
   0.000          0.000          0.000 1131
   0.000          0.000          0.000 1132
 199.567   11585594.744          0.000 1101
 400.438   16901080.582          0.000 1136
 400.393    6846012.566          0.000 1136
 400.393          0.000          0.000 1136
 400.313   17658881.584          0.000 1075
 400.210   15079797.445          0.000 1168
 400.137   22525667.446          0.000 1045
 400.241          0.000          0.000 1140
 400.200          0.000          0.000 1141
 400.306    6155193.689          0.000 1171
 400.352    7958041.008          0.000 1112
 400.251   11855668.216          0.000 1173
 400.477          0.000          0.000 1145
 400.306   11919401.612          0.000 1175
 400.310   16286251.463          0.000 1117
 400.377   13159828.274          0.000 1117
 400.315   12122634.798          0.000 1119
 400.147          0.000          0.000 1150
 400.173   10416464.523          0.000 1121
 400.281    7419798.006          0.000 1122
 400.314   18980106.718          0.000 1124
 400.259    7273488.474          0.000 1124
 400.390   12006469.226          0.000 1186
 400.320    5142322.605          0.000 1127
 400.320   11070819.913          0.000 1127
 400.360   18308130.394          0.000 1220
 349.735   24604583.148          0.000 1131
 223.730   12351794.150          0.000 1192
   0.000          0.000          0.000 1161
   0.000          0.000          0.000 1162
 276.951   17524709.485          0.000 1101
 400.435   10588729.167          0.000 1197
 400.393    6032862.671          0.000 1136
 400.297    8360474.178          0.000 1167
 400.287          0.000          0.000 1167
 400.091          0.000          0.000 1168
 400.242    7517761.033          0.000 1140
 400.354   11028139.161          0.000 1171
 400.306          0.000          0.000 1171
 400.352   23475332.936          0.000 1112
 400.165          0.000          0.000 1173
 400.361   11910541.810          0.000 1175
 400.254          0.000          0.000 1175
 400.207   11328979.863          0.000 1177
 400.199          0.000          0.000 1177
 400.307   15697474.042          0.000 1180
 400.210    4308278.581          0.000 1180
 400.210          0.000          0.000 1180
 400.216   11426534.188          0.000 1182
 400.197          0.000          0.000 1182
 400.359   10331250.491          0.000 1184
 400.331          0.000          0.000 1184
 400.392   11786676.612          0.000 1186
 400.390          0.000          0.000 1186
 400.636   12271079.860          0.000 1218
 400.352   17720185.730          0.000 1127
 400.298    7815906.884          0.000 1220
 400.513          0.000          0.000 1190
 234.706   13062310.966          0.000 1192
   0.000          0.000          0.000 1192
   0.000          0.000          0.000 1193
 143.254    8202562.024          0.000 1225
 400.471   18462462.106          0.000 1197
 400.429    6441638.863          0.000 1197
 400.429          0.000          0.000 1197
 400.360   16090198.932          0.000 1260
 400.287   10495559.890          0.000 1167
 400.287    7690120.110          0.000 1167
 400.235    7590026.476          0.000 1202
 400.235          0.000          0.000 1202
 400.165    9772037.483          0.000 1234
 400.261   22536562.251          0.000 1267
 400.205   14796222.260          0.000 1267
 400.251   12609263.782          0.000 1173
 400.165    6885387.478          0.000 1173
 400.255    6879854.087          0.000 1175
 400.200   13882482.450          0.000 1177
 400.260   11125151.486          0.000 1177
 400.210   11588536.637          0.000 1180
 400.306   12493080.247          0.000 1244
 400.197    7071923.160          0.000 1182
 400.158   15017135.300          0.000 1277
 400.331    7576124.874          0.000 1184
 400.431   15641885.616          0.000 1186
 400.390   12440911.737          0.000 1186
 400.582          0.000          0.000 1218
 400.362   11583894.344          0.000 1220
 400.298          0.000          0.000 1220
 400.583   12151193.035          0.000 1190
 289.432   20023065.667          0.000 1224
 253.853   15939394.890          0.000 1192
   0.000          0.000          0.000 1224
   0.000          0.000          0.000 1225
 257.177   16057972.280          0.000 1288
 400.429    7920614.265          0.000 1197
 400.368    8079780.392          0.000 1260
 400.348    9524422.299          0.000 1260
 400.333    6677016.571          0.000 1262
 400.414   26106243.678          0.000 1167
 400.240   14366067.262          0.000 1202
 400.236    7497350.888          0.000 1202
 400.110          0.000          0.000 1234
 400.235   11460939.739          0.000 1267
 400.205    6604737.744          0.000 1267
 400.217   10525901.378          0.000 1269
 400.165   19437428.726          0.000 1173
 400.170    8929069.828          0.000 1271
 400.388   10812602.838          0.000 1241
 400.362          0.000          0.000 1241
 400.362    8131211.714          0.000 1241
 400.362   13651184.598          0.000 1241
 400.269          0.000          0.000 1244
 400.291   18419667.403          0.000 1339
 400.107    6724644.604          0.000 1277
 400.373   19984820.044          0.000 1184
 400.273          0.000          0.000 1248
 400.382   21880032.286          0.000 1248
 400.347   23106265.014          0.000 1220
 400.298    7858972.216          0.000 1220
 400.464   15405715.192          0.000 1285
 243.807   14021650.241          0.000 1224
 126.811    6524201.890          0.000 1224
   0.000          0.000          0.000 1255
   0.000          0.000          0.000 1256
 130.405    7033764.457          0.000 1288
 293.124   19784374.746          0.000 1288
 400.362   11251642.364          0.000 1291
 400.348          0.000          0.000 1260
 400.329    5006893.322          0.000 1262
 400.329          0.000          0.000 1262
 400.423    8547548.035          0.000 1294
 400.231   23886095.504          0.000 1328
 400.226   12409198.666          0.000 1328
 400.205    7820433.188          0.000 1267
 400.205          0.000          0.000 1267
 400.516   18315245.961          0.000 1332
 400.195          0.000          0.000 1269
 400.188   12297133.130          0.000 1271
 400.157          0.000          0.000 1271
 400.385   13765822.287          0.000 1241
 400.362    7331610.664          0.000 1241
 400.373   19294167.676          0.000 1241
 400.299    7692474.925          0.000 1244
 400.291   10272425.601          0.000 1339
 400.106          0.000          0.000 1277
 400.260   11727654.603          0.000 1310
 400.273    4040665.896          0.000 1248
 400.274    8120940.688          0.000 1248
 400.278   20309005.978          0.000 1248
 400.514          0.000          0.000 1282
 400.439   11826681.238          0.000 1285
 400.414    3067299.316          0.000 1285
 400.414          0.000          0.000 1285
 208.513   13481524.613          0.000 1255
   0.000          0.000          0.000 1287
   0.000          0.000          0.000 1288
 203.018   11948777.581          0.000 1288
 400.356    4057115.326          0.000 1291
 400.356          0.000          0.000 1291
 400.432          0.000          0.000 1292
 400.330   13465103.917          0.000 1357
 400.418          0.000          0.000 1294
 400.242   12292495.368          0.000 1328
 400.225    6235106.591          0.000 1328
 400.220   17477308.757          0.000 1267
 400.483   15907836.531          0.000 1332
 400.472    7020296.071          0.000 1332
 400.195    6396596.190          0.000 1269
 400.157   10006005.556          0.000 1271
 400.396   21153468.825          0.000 1336
 400.395   11250989.735          0.000 1336
 400.471   11809658.547          0.000 1336
 400.333          0.000          0.000 1305
 400.334   10999816.752          0.000 1339
 400.290    3100644.344          0.000 1339
 400.230   19025024.990          0.000 1277
 400.260   12894122.400          0.000 1310
 400.259          0.000          0.000 1310
 400.260    6899062.628          0.000 1310
 400.328   16878688.891          0.000 1248
 400.477   18775938.666          0.000 1343
 400.502   24064194.173          0.000 1285
 400.414    8546116.978          0.000 1285
 400.414    5887664.612          0.000 1285
 251.845   14955135.190          0.000 1318
   0.000          0.000          0.000 1318
   0.000          0.000          0.000 1319
 195.058   11501366.484          0.000 1288
 323.033   26780860.727          0.000 1288
 400.429   21952490.595          0.000 1291
 400.441   10435211.743          0.000 1292
 400.335   12185339.677          0.000 1357
 400.330    4385442.237          0.000 1357
 400.352   21092149.357          0.000 1390
 400.233   10410003.893          0.000 1328
 400.225          0.000          0.000 1328
 400.225    7532007.107          0.000 1328
 400.475   14481419.704          0.000 1362
 400.472   13340766.637          0.000 1332
 400.471          0.000          0.000 1332
 400.307    6282521.499          0.000 1364
 400.352   11696774.973          0.000 1366
 400.395    8592073.909          0.000 1336
 400.395          0.000          0.000 1336
 400.534   17001253.742          0.000 1368
 400.338    8722495.395          0.000 1305
 400.290          0.000          0.000 1339
 400.317   15310935.840          0.000 1403
 400.283    7206508.869          0.000 1310
 400.407    6634142.574          0.000 1343
 400.407          0.000          0.000 1343
 400.407    5818660.800          0.000 1343
 400.408   14652012.756          0.000 1343
 400.395          0.000          0.000 1346
 400.481   19232338.133          0.000 1285
 400.414   18881536.586          0.000 1285
 165.244    8583587.479          0.000 1381
   0.000          0.000          0.000 1350
   0.000          0.000          0.000 1351
 230.929   13552762.096          0.000 1382
 400.322   24676134.781          0.000 1384
 400.264   21446263.809          0.000 1384
 400.339   13252171.764          0.000 1357
 400.330    7324205.638          0.000 1357
 400.330          0.000          0.000 1357
 400.280    9862534.933          0.000 1390
 400.309   10357113.914          0.000 1390
 400.225   10004570.807          0.000 1328
 400.435    5568945.544          0.000 1362
 400.435          0.000          0.000 1362
 400.482    8690528.221          0.000 1332
 400.306          0.000          0.000 1364
 400.270    8594955.289          0.000 1366
 400.270          0.000          0.000 1366
 400.415   31171986.790          0.001 1366
 400.487          0.000          0.000 1368
 400.327   19691341.601          0.000 1339
 400.291    9861612.536          0.000 1339
 400.291    4834400.819          0.000 1339
 400.323   13816130.685          0.000 1403
 400.317    6550127.891          0.000 1403
 400.157          0.000          0.000 1374
 400.430   11357747.967          0.000 1405
 400.410   15063576.528          0.000 1343
 400.398    9457779.756          0.000 1346
 400.358   14813210.891          0.000 1440
 400.358   14911230.806          0.000 1440
 400.365          0.000          0.000 1380
   0.000          0.000          0.000 1381
   0.000          0.000          0.000 1382
 317.946   28161892.893          0.001 1382
 400.264          0.000          0.000 1384
 400.264    8852571.496          0.000 1384
 400.320   10262524.416          0.000 1417
 400.330    8314222.420          0.000 1357
 400.366   22703700.248          0.000 1419
 400.296   12761093.418          0.000 1419
 400.280          0.000          0.000 1390
 400.074          0.000          0.000 1391
 400.096          0.000          0.000 1392
 400.435    7429385.519          0.000 1362
 400.590    6967720.710          0.000 1395
 400.590          0.000          0.000 1395
 400.326   21608313.135          0.000 1490
 400.270    2872197.144          0.000 1366
 400.270    8455787.083          0.000 1366
 400.270   16904090.541          0.000 1366
 400.246    5876090.470          0.000 1430
 400.294   16205280.093          0.000 1339
 400.444   15252882.636          0.000 1432
 400.316          0.000          0.000 1403
 400.205   10010401.181          0.000 1374
 400.430          0.000          0.000 1405
 400.284          0.000          0.000 1406
 400.525   11022617.201          0.000 1408
 400.487          0.000          0.000 1408
 400.358    5142123.337          0.000 1440
 400.358   24659698.944          0.000 1440
 176.750    9542408.864          0.000 1381
   0.000          0.000          0.000 1412
   0.000          0.000          0.000 1413
 283.945   21522479.374          0.000 1444
 400.264    4566011.642          0.000 1384
 400.300    5230472.066          0.000 1417
 400.300          0.000          0.000 1417
 400.296    4779322.229          0.000 1419
 400.296          0.000          0.000 1419
 400.296    6185178.338          0.000 1419
 400.412   24368238.097          0.000 1484
 400.283   14967786.667          0.000 1484
 400.109   10492197.440          0.000 1392
 400.362          0.000          0.000 1424
 400.362    7399808.645          0.000 1424
 400.604    7963199.676          0.000 1395
 400.310   12730162.742          0.000 1490
 400.270   13751602.603          0.000 1366
 400.289   10901282.383          0.000 1430
 400.246          0.000          0.000 1430
 400.297   17436553.501          0.000 1430
 400.407          0.000          0.000 1432
 400.407    4940755.976          0.000 1432
 400.319    7093964.228          0.000 1403
 400.168          0.000          0.000 1435
 400.430    3126619.365          0.000 1405
 400.284    3913883.667          0.000 1406
 400.321   21545473.509          0.000 1468
 400.358   10064699.944          0.000 1440
 400.357          0.000          0.000 1440
 400.358    7628931.311          0.000 1440
 208.534   10746219.149          0.000 1443
   0.000          0.000          0.000 1443
   0.000          0.000          0.000 1444
 186.432   10433775.898          0.000 1444
 400.320   14383408.202          0.000 1384
 400.301   11082586.325          0.000 1417
 400.575    8692103.362          0.000 1481
 400.296    6430599.509          0.000 1419
 400.375   11895162.869          0.000 1483
 400.283   13402034.678          0.000 1484
 400.283    5260647.243          0.000 1484
 318.200   20506056.929          0.000 1587
 400.374    9224280.950          0.000 1424
 400.531   12745442.299          0.000 1456
 400.508          0.000          0.000 1456
 400.309   12160497.679          0.000 1490
 400.309    5799920.348          0.000 1490
 400.453   10696123.792          0.000 1460
 400.400          0.000          0.000 1460
 400.323   18273430.289          0.000 1494
 400.407   12924108.847          0.000 1432
 400.407    5058061.203          0.000 1432
 400.407   13511786.347          0.000 1432
 400.238   17986037.063          0.000 1435
 400.430   16783820.900          0.000 1405
 400.430   12866683.639          0.000 1405
 400.292          0.000          0.000 1468
 400.293   12379376.562          0.000 1468
 400.376    8725643.934          0.000 1440
 400.370   14368940.982          0.000 1440
 313.904   22026436.960          0.000 1443
 217.516   12327138.661          0.000 1443
   0.000          0.000          0.000 1474
   0.000          0.000          0.000 1475
 221.021   13383581.797          0.000 1507
 309.328   22665304.411          0.000 1444
 265.302   16867295.385          0.000 1573
 400.570   18115207.286          0.000 1481
 400.569    4989400.559          0.000 1481
 400.569          0.000          0.000 1481
 400.428    9726735.070          0.000 1514
 400.266          0.000          0.000 1483
 400.283          0.000          0.000 1484
 221.837   11875575.550          0.000 1587
 318.091   20532769.969          0.000 1587
 363.576   28916629.145          0.001 1587
 400.420    6834462.441          0.000 1523
 400.338   10857921.634          0.000 1490
 400.309          0.000          0.000 1490
 400.301   13250769.599          0.000 1526
 400.281   16499594.087          0.000 1494
 400.262    8575151.980          0.000 1494
 400.262          0.000          0.000 1494
 400.468   15895881.125          0.000 1432
 400.314          0.000          0.000 1496
 400.382   27513677.709          0.001 1498
 400.266          0.000          0.000 1498
 400.479   23650552.472          0.000 1405
 400.292    8070712.216          0.000 1468
 400.292    5071837.439          0.000 1468
 400.431   26291741.263          0.001 1468
 400.302          0.000          0.000 1503
 295.650   16967923.654          0.000 1616
 211.107   13525361.902          0.000 1540
   0.000          0.000          0.000 1506
   0.000          0.000          0.000 1507
 261.212   17957778.248          0.000 1507
 148.755    8139036.105          0.000 1573
 351.523   30530264.191          0.001 1573
 201.637   11397548.282          0.000 1577
 400.569   11837643.850          0.000 1481
 400.392    8916113.134          0.000 1514
 400.391          0.000          0.000 1514
 212.372   11646620.791          0.000 1581
 280.202   17558136.956          0.000 1584
 400.283   16267254.340          0.000 1484
 150.975    7854230.101          0.000 1587
 163.449    8876880.874          0.000 1587
 253.002   14938179.065          0.000 1587
 317.720   21088032.989          0.000 1587
 260.029   16919951.645          0.000 1591
 400.420          0.000          0.000 1523
 400.363   13519442.355          0.000 1490
 400.224   18975690.993          0.000 1526
 400.224          0.000          0.000 1526
 310.412   21018692.003          0.000 1600
 180.142    9248627.619          0.000 1600
 400.338   15827913.507          0.000 1496
 400.314    4788875.305          0.000 1496
 400.266   11839789.192          0.000 1498
 400.385   12794358.983          0.000 1498
 303.181   20432451.100          0.000 1607
 260.104   15612519.465          0.000 1611
 400.184          0.000          0.000 1535
 400.332   11747803.406          0.000 1503
 159.367    7915522.157          0.000 1616
 237.728   12582971.958          0.000 1616
 261.626   16348273.420          0.000 1619
   0.000          0.000          0.000 1540
   0.000          0.000          0.000 1541
 272.391   19603704.679          0.000 1507
 235.977   14853215.632          0.000 1575
 170.668   10513973.512          0.000 1575
 234.490   14454290.686          0.000 1579
 173.502   10499967.671          0.000 1579
 199.594   13559379.645          0.000 1583
 172.834    9390296.807          0.000 1584
 193.610   12775191.260          0.000 1584
 106.213    5519587.481          0.000 1587
 233.073   14405386.783          0.000 1587
 202.664   11368693.345          0.000 1591
 195.321   10478888.567          0.000 1591
 204.344   10908944.449          0.000 1595
 190.970   11571793.136          0.000 1596
 161.986    9199617.001          0.000 1597
 233.277   14048760.669          0.000 1600
 198.456   12797380.605          0.000 1602
 144.928    7755506.219          0.000 1602
 176.594   10236126.837          0.000 1605
 204.108   12283382.986          0.000 1606
 155.168    7764648.510          0.000 1607
 152.266    8084253.378          0.000 1609
 168.775    8873764.590          0.000 1613
 184.062   10710472.962          0.000 1615
 250.868   14924051.597          0.000 1616
 275.552   18886276.478          0.000 1616
 161.752    8798665.916          0.000 1619
   0.000          0.000          0.000 1569
   0.000          0.000          0.000 1570
   0.000          0.000          0.000 1571
   0.000          0.000          0.000 1572
   0.000          0.000          0.000 1573
   0.000          0.000          0.000 1574
   0.000          0.000          0.000 1575
   0.000          0.000          0.000 1576
   0.000          0.000          0.000 1577
   0.000          0.000          0.000 1578
   0.000          0.000          0.000 1579
   0.000          0.000          0.000 1580
   0.000          0.000          0.000 1581
   0.000          0.000          0.000 1582
   0.000          0.000          0.000 1583
   0.000          0.000          0.000 1584
   0.000          0.000          0.000 1585
   0.000          0.000          0.000 1586
   0.000          0.000          0.000 1587
   0.000          0.000          0.000 1588
   0.000          0.000          0.000 1589
   0.000          0.000          0.000 1590
   0.000          0.000          0.000 1591
   0.000          0.000          0.000 1592
   0.000          0.000          0.000 1593
   0.000          0.000          0.000 1594
   0.000          0.000          0.000 1595
   0.000          0.000          0.000 1596
   0.000          0.000          0.000 1597
   0.000          0.000          0.000 1598
   0.000          0.000          0.000 1599
   0.000          0.000          0.000 1600
   0.000          0.000          0.000 1601
   0.000          0.000          0.000 1602
   0.000          0.000          0.000 1603
   0.000          0.000          0.000 1604
   0.000          0.000          0.000 1605
   0.000          0.000          0.000 1606
   0.000          0.000          0.000 1607
   0.000          0.000          0.000 1608
   0.000          0.000          0.000 1609
   0.000          0.000          0.000 1610
   0.000          0.000          0.000 1611
   0.000          0.000          0.000 1612
   0.000          0.000          0.000 1613
   0.000          0.000          0.000 1614
   0.000          0.000          0.000 1615
   0.000          0.000          0.000 1616
   0.000          0.000          0.000 1617
   0.000          0.000          0.000 1618
   0.000          0.000          0.000 1619
   0.000          0.000          0.000 1620
 282.119   17253151.300          0.000   29
 400.250    8070775.033          0.000  117
 400.471    6746978.849          0.000  178
 400.487    7176386.296          0.000  138
 400.423   16881063.087          0.000  105
 400.426   12632444.536          0.000  144
 400.231    7257482.461          0.000  182
 400.312    9682033.000          0.000  246
 400.279    5667083.789          0.000  354
 400.262    4255289.327          0.000  311
 400.321    3588502.295          0.000  366
 400.381    5175795.320          0.000  429
 400.436    4760015.275          0.000  486
 400.318    6708532.028          0.000  532
 400.241    5944518.355          0.000  565
 400.126    3572004.039          0.000  597
 328.018   22950856.151          0.000  636
 400.267    3488476.595          0.000  580
 400.305    5187448.424          0.000  629
 400.311    4503315.273          0.000  768
 400.389    6687776.059          0.000  715
 400.382    6993106.251          0.000  751
 400.172    5010308.000          0.000  841
 400.268   15899950.846          0.000  946
 400.408    7810839.862          0.000 1089
 400.241   10125734.346          0.000 1140
 400.161    7757673.078          0.000 1054
 400.310    6089324.382          0.000 1117
 400.313    8875243.636          0.000 1119
 400.390    6773665.193          0.000 1186
 400.287   13903421.228          0.000 1167
 400.225    3223274.201          0.000 1328
 400.157    4588412.408          0.000 1271
 400.395    4534978.387          0.000 1336
 400.264   14749690.181          0.000 1384
 400.168    6627252.815          0.000 1435
 400.430    9492812.193          0.000 1405
 400.266    4784287.842          0.000 1498
 400.298   15792666.245          0.000 1468
 400.436    5710438.417          0.000  486
 100.355    5411761.804          0.000    7
 130.910    7373932.223          0.000   21
  61.988    3192261.388          0.000   21
  63.444    3279052.419          0.000   26
 161.362    9824699.491          0.000   31
 152.549    8394674.609          0.000   42
 119.607    5750093.017          0.000   42
 110.436    5420380.419          0.000   44
 109.798    5751856.446          0.000    5
  72.252    3797266.923          0.000   13
 112.845    6096463.065          0.000   15
 107.655    5724346.008          0.000   17
 115.313    6172520.508          0.000   26
 113.908    5988342.398          0.000   29
 135.475    7412748.267          0.000   31
 102.913    5177077.285          0.000   33
 127.945    6571954.571          0.000   40
  88.799    4644297.450          0.000  141
  93.545    4961298.503          0.000  141
 101.222    5421892.591          0.000  171
 107.993    5718843.055          0.000  233
 145.924    8655956.736          0.000  233
  95.402    4702815.344          0.000  298
 154.800    9233408.033          0.000  265
 127.350    6642056.488          0.000  298
 153.125    8374350.479          0.000  328
 109.869    5880795.891          0.000  329
 130.463    7440848.374          0.000  329
  91.915    4444697.037          0.000  389
 133.056    7590849.260          0.000  420
 160.623    9178996.631          0.000  419
 103.285    5505043.821          0.000  420
 107.504    5883775.143          0.000  482
 115.116    6252679.858          0.000  514
  85.545    4220150.418          0.000  575
  84.537    4587464.565          0.000  546
 132.636    7681500.118          0.000  576
 156.459    9686147.699          0.000  605
 127.722    6594297.421          0.000  635
  82.933    4452255.724          0.000  636
 122.251    6835405.072          0.000  699
 137.991    8275319.337          0.000  699
 109.596    5941309.413          0.000  760
 110.055    6081627.795          0.000  789
 145.573    8643935.422          0.000  789
  98.887    4888929.537          0.000  820
 131.913    6965717.155          0.000  915
 106.046    5764912.237          0.000  883
  79.030    3891346.924          0.000  915
 107.487    5387934.591          0.000  948
 106.924    5386413.643          0.000  948
 154.783    8499045.244          0.000 1007
 120.400    6111030.849          0.000 1037
 130.781    6906332.147          0.000 1069
 103.853    5699143.396          0.000 1070
 125.603    7119290.894          0.000 1101
 117.772    6072571.736          0.000 1131
  92.569    5032736.239          0.000 1101
 115.842    5887097.417          0.000 1192
 117.977    5937739.963          0.000 1192
  95.657    5239384.446          0.000 1288
 121.682    6214243.818          0.000 1318
  95.723    5298474.212          0.000 1288
  94.031    4940842.635          0.000 1382
 155.350    8315550.126          0.000 1382
 139.536    8202005.905          0.000 1444
  94.643    4589818.600          0.000 1443
  87.127    4658580.249          0.000 1444
 124.691    6585170.175          0.000 1443
 110.947    6146096.026          0.000 1507
 132.583    7664675.651          0.000 1507
  76.765    4128886.929          0.000 1573
  96.820    5177988.258          0.000 1577
  95.565    4930818.448          0.000 1581
  75.740    3991722.225          0.000 1587
 122.528    6668834.386          0.000 1591
  89.729    4493507.824          0.000 1600
 128.070    6539115.209          0.000 1611
  77.144    3746851.215          0.000 1616
 134.608    7111615.308          0.000 1619
 135.069    7817100.121          0.000 1507
 110.969    6104354.796          0.000 1575
 103.634    5588497.816          0.000 1579
  73.651    3852551.844          0.000 1584
  52.961    2760128.947          0.000 1587
 114.596    6298343.997          0.000 1587
 102.456    5428620.184          0.000 1591
  97.813    5023712.894          0.000 1591
 102.765    5209563.536          0.000 1595
 131.824    7266797.885          0.000 1600
  84.032    4143216.594          0.000 1607
 135.554    7116733.465          0.000 1616
 156.121    8924116.382          0.000 1616
 110.056    6123357.732          0.000   15
 119.851    6137218.238          0.000  328
 119.183    6809660.373          0.000  420
 111.001    5542316.117          0.000  635
  51.434    2529596.685          0.000 1131
 134.148    7238104.344          0.000 1192
  64.377    3447620.703          0.000 1288
 400.435   22307836.475          0.000  105
 400.426    4610560.669          0.000  144
 400.718   16137892.878          0.000  150
 400.142   14071166.567          0.000  159
 400.691   30610924.958          0.001  228
 400.575   19176433.589          0.000  179
 400.613   25034852.743          0.000  228
 400.630   27167308.292          0.001  228
 400.304   11100048.650          0.000  238
 400.370   21232825.315          0.000  238
 400.392   15402156.355          0.000  275
 400.200   11462377.978          0.000  375
 400.299   16616351.169          0.000  383
 400.541   27182868.243          0.001  366
 400.278   14202787.124          0.000  457
 400.302   16336065.873          0.000  474
 400.278   24520659.766          0.000  457
 400.413   29239664.883          0.001  542
 400.344   22515150.014          0.000  552
 400.193   16344961.484          0.000  664
 400.250   13606518.511          0.000  665
 400.381   24104079.844          0.000  677
 400.320   18319439.259          0.000  763
 400.569   25446499.481          0.000  715
 400.590   43376825.912          0.001  778
 400.083   13184629.852          0.000  753
 400.242   14147530.138          0.000  774
 400.632   27317846.251          0.001  811
 400.368   21897027.317          0.000  866
 400.422   25140931.279          0.000  805
 400.453   19439100.589          0.000  827
 400.332   26523380.498          0.000  827
 400.369   21760623.932          0.000  902
 400.332   18938409.991          0.000  905
 400.277   14148649.114          0.000  954
 400.463   21175588.259          0.000 1015
 400.421   23950187.978          0.000 1089
 400.503   27082030.100          0.001 1089
 400.145   14121643.924          0.000 1033
 400.346   27677394.139          0.001 1010
 400.418   29788160.484          0.001 1136
 400.120    5899433.989          0.000 1121
 400.259   15743534.539          0.000 1124
 400.259   17657748.663          0.000 1124
 400.306   20886908.668          0.000 1171
 400.165   26249897.120          0.000 1173
 400.321   34282647.119          0.001 1267
 400.582   12712025.764          0.000 1218
 400.269   15862268.455          0.000 1244
 400.291   34830854.935          0.001 1339
 400.274   16384725.698          0.000 1248
 351.665   29735673.348          0.001 1224
 400.226   33568745.994          0.001 1328
 400.107   20670010.853          0.000 1277
 400.356   14521052.152          0.000 1291
 400.226   25845006.155          0.000 1328
 400.291   20715573.059          0.000 1339
 400.291   23328685.027          0.000 1339
 400.414   15345752.838          0.000 1285
 400.494   20220488.402          0.000 1292
 400.330   17713722.966          0.000 1357
 400.270   16369229.287          0.000 1366
 400.420   19572511.347          0.000 1432
 400.422   20391358.035          0.000 1406
 400.433   14725089.658          0.000 1523
 400.309   13887729.438          0.000 1490
 400.309   17495929.043          0.000 1490
 400.314   28399832.713          0.001 1496
 400.314   17604634.458          0.000 1496
 372.059   33670002.258          0.001 1616
 400.324   22839498.075          0.000 1496
 400.382    6332960.354          0.000  751
 400.278    6105759.243          0.000  457
 400.227   23312656.834          0.000 1267
 400.269    6679442.955          0.000 1244
 400.291   25790875.253          0.001 1339
 400.291   11151201.709          0.000 1339
 400.291   11750683.259          0.000 1339
 400.314   10671640.734          0.000 1496
 400.718    6398185.849          0.000  150
 400.142    5966293.597          0.000  159
 400.571    6809467.187          0.000  179
 400.392    5439416.831          0.000  275
 400.200    5145643.150          0.000  375
 400.301    5570309.640          0.000  474
 400.312   18294761.464          0.000  542
 400.193    5165289.577          0.000  664
 400.250    5300031.206          0.000  665
 400.335   14627289.120          0.000  677
 400.418   27859488.602          0.001  778
 400.082    5960155.171          0.000  753
 400.241    5513787.718          0.000  774
 400.422   16679230.718          0.000  805
 400.359    6693675.670          0.000  902
 400.277    4465820.165          0.000  954
 400.145    6428527.732          0.000 1033
 400.259    7085727.137          0.000 1124
 400.259    6533914.883          0.000 1124
 400.165    6588536.250          0.000 1173
 400.582    4362182.917          0.000 1218
 400.273    5615922.268          0.000 1248
 400.226   20198902.552          0.000 1328
 400.107    4923693.439          0.000 1277
 400.226   14424858.845          0.000 1328
 400.309    5630126.403          0.000 1490
 400.309    7548698.011          0.000 1490
 400.277    3900203.035          0.000  457
 400.314   18544585.535          0.000 1496
 400.314    6142251.200          0.000 1496
 400.291    7324747.396          0.000 1339
 400.291    7014434.366          0.000 1339
 296.030   19223561.673          0.000   49
  97.461    4958363.807          0.000   49
 400.367   11103980.533          0.000  866
 327.374   22338549.638          0.000   13
 254.692   14495413.412          0.000   21
 284.973   18920471.450          0.000   21
 294.154   18161312.480          0.000  233
 299.351   17366099.777          0.000  389
 287.100   16061251.504          0.000 1443
 400.398   19708990.807          0.000 1012
 400.450   15968167.579          0.000 1310
