   0.000          0.000          0.000    1
   0.000          0.000          0.000    2
   0.000          0.000          0.000    3
   0.000          0.000          0.000    4
   0.000          0.000          0.000    5
   0.000          0.000          0.000    6
   0.000          0.000          0.000    7
   0.000          0.000          0.000    8
   0.000          0.000          0.000    9
   0.000          0.000          0.000   10
   0.000          0.000          0.000   11
   0.000          0.000          0.000   12
   0.000          0.000          0.000   13
   0.000          0.000          0.000   14
   0.000          0.000          0.000   15
   0.000          0.000          0.000   16
   0.000          0.000          0.000   17
   0.000          0.000          0.000   18
   0.000          0.000          0.000   19
   0.000          0.000          0.000   20
   0.000          0.000          0.000   21
   0.000          0.000          0.000   22
   0.000          0.000          0.000   23
   0.000          0.000          0.000   24
   0.000          0.000          0.000   25
   0.000          0.000          0.000   26
   0.000          0.000          0.000   27
   0.000          0.000          0.000   28
   0.000          0.000          0.000   29
   0.000          0.000          0.000   30
   0.000          0.000          0.000   31
   0.000          0.000          0.000   32
   0.000          0.000          0.000   33
   0.000          0.000          0.000   34
   0.000          0.000          0.000   35
   0.000          0.000          0.000   36
   0.000          0.000          0.000   37
   0.000          0.000          0.000   38
   0.000          0.000          0.000   39
   0.000          0.000          0.000   40
   0.000          0.000          0.000   41
   0.000          0.000          0.000   42
   0.000          0.000          0.000   43
   0.000          0.000          0.000   44
   0.000          0.000          0.000   45
   0.000          0.000          0.000   46
   0.000          0.000          0.000   47
   0.000          0.000          0.000   48
   0.000          0.000          0.000   49
   0.000          0.000          0.000   50
   0.000          0.000          0.000   51
   0.000          0.000          0.000   52
 161.874    8719389.304          0.000    3
 206.005   11624868.972          0.000    3
 182.645   10468495.005          0.000    7
 239.554   13514638.502          0.000    7
 133.130    6825895.303          0.000   11
 232.780   15847987.821          0.000   11
 229.306   13219869.911          0.000   15
 187.968   10825298.335          0.000   15
 188.166   10463303.214          0.000   19
 303.966   19347381.799          0.000   21
 143.707    7382403.091          0.000   21
 243.855   16481325.112          0.000   23
 134.564    6943877.698          0.000   26
 219.204   13543118.190          0.000   28
 132.108    6899250.301          0.000   29
 273.420   21148580.846          0.000   31
 323.528   22476741.926          0.000   31
 229.460   13770242.435          0.000   35
 195.732   10276755.400          0.000   37
 195.227   10413295.596          0.000   37
 221.407   12520062.829          0.000   38
 315.825   19872378.514          0.000   42
 235.985    9836359.355          0.000   42
 296.219   16138709.044          0.000   44
 145.219    6947154.522          0.000   45
 199.894   10215347.198          0.000   49
 206.188   11707043.595          0.000  111
   0.000          0.000          0.000   80
   0.000          0.000          0.000   81
 341.434   21748063.088          0.000    3
 479.950   16725286.773          0.000    5
 215.973   10436730.918          0.000    5
 500.583   12890085.624          0.000   86
 500.583          0.000          0.000   86
 200.445   10249341.842          0.000   11
 262.168   14350058.100          0.000   13
 149.678    7847281.066          0.000   13
 238.802   13211564.466          0.000   15
 230.582   12366092.843          0.000   17
 500.236   17909807.498          0.000  122
 500.236   14358154.472          0.000  122
 224.724   11613416.249          0.000   21
 248.607   13310638.196          0.000   26
 261.269   14015208.773          0.000   26
 209.626   11074283.027          0.000   29
 238.022   12729401.115          0.000   29
 299.580   17855277.116          0.000   31
 220.404   11126615.995          0.000   33
 500.022          0.000          0.000  101
 500.295   23192383.180          0.000  131
 500.260          0.000          0.000  103
 253.074   12275051.469          0.000   40
 500.430          0.000          0.000  105
 500.247   20794992.850          0.000  135
 500.368          0.000          0.000  107
 247.815   12031351.189          0.000   45
 500.512   14925120.320          0.000  138
 174.906    9048303.920          0.000  140
   0.000          0.000          0.000  111
   0.000          0.000          0.000  112
 185.531    9723389.514          0.000  141
 499.569   27862678.931          0.001    5
 500.429   10108657.974          0.000  144
 500.616   12976864.614          0.000   86
 500.261          0.000          0.000  117
 292.276   16601917.775          0.000   13
 282.622   15802544.408          0.000   13
 500.719   10147056.541          0.000  150
 500.258    9318100.220          0.000  122
 500.236          0.000          0.000  122
 500.516   22645881.245          0.000  154
 500.516   12038900.317          0.000  154
 500.516    6639418.275          0.000  154
 390.860   26117487.397          0.000   26
 397.880   25196086.094          0.000   29
 500.145   19840058.184          0.000  159
 500.169   11973998.415          0.000  159
 500.164    7629078.342          0.000  160
 500.274          0.000          0.000  131
 500.274    7366356.863          0.000  131
 500.260    4265934.138          0.000  103
 500.430    6007930.511          0.000  105
 500.247          0.000          0.000  135
 500.376    9043354.821          0.000  107
 500.153          0.000          0.000  137
 500.490          0.000          0.000  138
 206.854   10583086.129          0.000  140
   0.000          0.000          0.000  140
   0.000          0.000          0.000  141
 222.558   12171118.345          0.000  141
 500.441   10465912.714          0.000  144
 500.429          0.000          0.000  144
 500.354          0.000          0.000  145
 500.312   11445972.642          0.000  117
 500.483   17326987.598          0.000  178
 500.473    8143348.585          0.000  178
 500.725   11582867.096          0.000  150
 500.719          0.000          0.000  150
 500.235   18521747.836          0.000  182
 500.235    6394543.732          0.000  182
 500.516    8740511.807          0.000  154
 500.516          0.000          0.000  154
 500.383   12577986.388          0.000  156
 500.381          0.000          0.000  156
 500.221   13965314.173          0.000  187
 500.145    8400098.934          0.000  159
 500.144          0.000          0.000  159
 500.162          0.000          0.000  160
 500.284   12950881.890          0.000  131
 500.343   15794879.799          0.000  103
 500.260    6840325.781          0.000  103
 500.430   11362054.178          0.000  105
 500.249    7358220.767          0.000  135
 500.445   11353455.143          0.000  228
 500.212   11803098.652          0.000  137
 500.490   12520576.182          0.000  138
 199.848   10443897.893          0.000  140
   0.000          0.000          0.000  170
   0.000          0.000          0.000  171
 206.961   11137457.089          0.000  171
 306.592   17464923.196          0.000  171
 500.429    6997730.760          0.000  144
 500.354    6975942.468          0.000  145
 500.238   12249384.756          0.000  206
 500.307   13809809.530          0.000  238
 500.473          0.000          0.000  178
 500.571          0.000          0.000  179
 500.423    9363382.296          0.000  211
 500.235    5614573.108          0.000  182
 500.235          0.000          0.000  182
 500.235    3077909.978          0.000  182
 500.540    9965510.900          0.000  154
 500.345   14804448.850          0.000  246
 500.300   11075164.247          0.000  218
 500.166          0.000          0.000  187
 500.145    8482675.494          0.000  159
 500.314   17629457.554          0.000  222
 500.314    9851823.768          0.000  222
 500.320   14480653.568          0.000  222
 500.260   12625954.434          0.000  103
 500.260   20046018.043          0.000  103
 500.444   22048284.084          0.000  105
 500.445   11192089.683          0.000  228
 500.445    4907260.035          0.000  228
 500.558   12756351.600          0.000  198
 500.506          0.000          0.000  198
 244.799   12615084.876          0.000  170
 134.921    6717453.062          0.000  170
   0.000          0.000          0.000  201
   0.000          0.000          0.000  202
 225.405   12093777.890          0.000  233
 500.447   23837703.073          0.000  144
 500.236    7166943.875          0.000  236
 500.165          0.000          0.000  206
 500.307    4400654.175          0.000  238
 500.396   24459856.828          0.000  275
 500.440   17371891.840          0.000  211
 500.423    5125510.420          0.000  211
 500.423          0.000          0.000  211
 500.235   13225955.705          0.000  182
 500.235    6417094.512          0.000  182
 500.235   14547317.988          0.000  182
 500.316    8747939.750          0.000  246
 500.316    5312615.855          0.000  246
 500.303   10428629.943          0.000  218
 500.299          0.000          0.000  218
 500.166    6683943.746          0.000  187
 500.250   11364923.713          0.000  249
 500.314    8958424.207          0.000  222
 500.314          0.000          0.000  222
 500.314    5826465.755          0.000  222
 500.345   10655203.401          0.000  255
 500.351   14869199.012          0.000  255
 500.373    8808522.423          0.000  257
 500.445    9219372.536          0.000  228
 500.445          0.000          0.000  228
 500.390    9008057.085          0.000  260
 500.263   16083667.534          0.000  296
 244.648   15780157.879          0.000  201
   0.000          0.000          0.000  232
   0.000          0.000          0.000  233
 321.633   22074721.481          0.000  233
 500.257   28583595.338          0.001  236
 500.231          0.000          0.000  236
 500.309   11111606.249          0.000  270
 500.307          0.000          0.000  238
 500.398   23014799.296          0.000  275
 500.396   12746948.398          0.000  275
 500.443   15494534.543          0.000  211
 500.342    9517226.038          0.000  277
 500.259   14275234.307          0.000  182
 500.284   14348838.232          0.000  311
 500.316    7562080.309          0.000  246
 500.316          0.000          0.000  246
 500.317   15856717.165          0.000  246
 500.342   10824664.246          0.000  283
 500.250          0.000          0.000  249
 500.261   10694035.768          0.000  249
 500.333   17585965.630          0.000  222
 500.360   19507117.099          0.000  255
 500.345   10600615.766          0.000  255
 500.345    4521756.781          0.000  255
 500.345          0.000          0.000  255
 500.345    6572037.677          0.000  255
 500.343          0.000          0.000  257
 500.461   13836979.866          0.000  228
 500.363   15782608.231          0.000  260
 500.362          0.000          0.000  260
 500.362    7723048.346          0.000  260
 500.258    7301620.312          0.000  296
 198.949    9878863.942          0.000  298
   0.000          0.000          0.000  264
   0.000          0.000          0.000  265
 359.041   27384474.764          0.001  265
 500.232   30002838.401          0.001  236
 500.232   18084020.079          0.000  236
 500.231    2773047.108          0.000  236
 500.302          0.000          0.000  270
 500.303    6439885.443          0.000  270
 500.314   12863442.170          0.000  238
 500.242   16252849.428          0.000  335
 500.396    5012797.103          0.000  275
 500.395          0.000          0.000  275
 500.342    7504487.629          0.000  277
 500.342          0.000          0.000  277
 500.267   15317341.369          0.000  311
 500.267    3594766.923          0.000  311
 500.316    9007206.644          0.000  246
 500.542   10796818.023          0.000  314
 500.295   12250911.030          0.000  283
 500.295          0.000          0.000  283
 500.268    8636106.990          0.000  249
 500.259    8344817.690          0.000  286
 500.231          0.000          0.000  286
 500.243    9959350.372          0.000  319
 500.345   11569173.302          0.000  255
 500.345    5648825.058          0.000  255
 500.345   15067665.179          0.000  255
 500.379   10070709.963          0.000  257
 500.343   13655046.892          0.000  257
 500.363   13176630.462          0.000  260
 500.363    6417894.671          0.000  260
 500.258    7394236.299          0.000  296
 500.258          0.000          0.000  296
 296.157   16713428.938          0.000  298
   0.000          0.000          0.000  298
   0.000          0.000          0.000  299
 145.514    7987441.878          0.000  265
 281.366   16708845.121          0.000  265
 500.231   11549617.033          0.000  236
 500.231    6475097.539          0.000  236
 500.319   11283526.322          0.000  270
 500.311   16424708.884          0.000  270
 500.245   12453976.055          0.000  335
 500.208    6220403.738          0.000  335
 500.420    8988480.537          0.000  275
 500.370   13954332.594          0.000  277
 500.029          0.000          0.000  310
 500.267          0.000          0.000  311
 500.529   18185372.413          0.000  314
 500.528    9050390.673          0.000  314
 500.528          0.000          0.000  314
 500.309   16003873.461          0.000  283
 500.295   10712874.534          0.000  283
 500.232   11489548.692          0.000  286
 500.231    6297411.573          0.000  286
 500.235          0.000          0.000  319
 500.328          0.000          0.000  320
 500.354   12410967.952          0.000  255
 500.392   19438782.234          0.000  383
 500.283   11437078.649          0.000  354
 500.283    5845536.698          0.000  354
 500.403   16536448.255          0.000  260
 500.269   16257853.556          0.000  296
 329.906   18970646.129          0.000  328
   0.000          0.000          0.000  328
   0.000          0.000          0.000  329
 226.585   11804307.414          0.000  329
 500.259   21624108.606          0.000  236
 500.231   13656504.839          0.000  236
 500.313    7797274.554          0.000  364
 500.354   16313141.425          0.000  366
 500.207          0.000          0.000  335
 500.448   12383625.334          0.000  368
 500.398    8343926.415          0.000  368
 500.398   16844002.314          0.000  368
 500.417          0.000          0.000  339
 500.285   13335839.538          0.000  311
 500.267    4979974.288          0.000  311
 500.267    8332300.137          0.000  311
 500.282          0.000          0.000  343
 500.553   15654761.347          0.000  314
 500.264          0.000          0.000  345
 500.354   16387036.786          0.000  408
 500.232   16063881.073          0.000  286
 500.236    4095209.474          0.000  319
 500.336    7999809.681          0.000  320
 500.324   10058114.693          0.000  382
 500.314   10971842.283          0.000  382
 500.304    6071454.020          0.000  383
 500.283    6370656.148          0.000  354
 500.282          0.000          0.000  354
 500.220    9693827.839          0.000  416
 500.221   16552334.748          0.000  416
 500.244          0.000          0.000  357
 242.086   11801477.547          0.000  328
   0.000          0.000          0.000  359
   0.000          0.000          0.000  360
 311.471   19202278.200          0.000  329
 500.392   11517815.336          0.000  392
 500.428    6964530.593          0.000  394
 500.313          0.000          0.000  364
 500.328    7138344.620          0.000  366
 500.328          0.000          0.000  366
 500.398   10078752.422          0.000  368
 500.398          0.000          0.000  368
 500.398    4170565.188          0.000  368
 500.429   22667020.147          0.000  429
 500.270   20043933.007          0.000  311
 500.267   12174709.521          0.000  311
 500.268   15820194.754          0.000  311
 500.267   21694880.341          0.000  311
 500.204          0.000          0.000  375
 500.250   13075523.678          0.000  406
 500.331   16419057.014          0.000  408
 500.331    6764940.855          0.000  408
 500.236   15660958.662          0.000  319
 500.241   14828356.211          0.000  319
 500.314    8898102.166          0.000  382
 500.313          0.000          0.000  382
 500.304          0.000          0.000  383
 500.283   14509061.236          0.000  354
 500.317   10187663.785          0.000  354
 500.220    3906593.538          0.000  416
 500.501   18818665.689          0.000  448
 215.335   10225373.333          0.000  389
   0.000          0.000          0.000  389
   0.000          0.000          0.000  390
 328.508   21461655.928          0.000  420
 500.390          0.000          0.000  392
 500.420    5022832.772          0.000  394
 500.420          0.000          0.000  394
 500.516   13560664.393          0.000  424
 500.328    8298057.157          0.000  366
 500.328    5207645.723          0.000  366
 500.399    7655054.635          0.000  368
 500.386    7456909.419          0.000  429
 500.386   12048673.051          0.000  429
 500.285    9663983.819          0.000  432
 500.260   13733017.289          0.000  404
 500.260    5326775.338          0.000  404
 500.260          0.000          0.000  404
 500.235   13019629.837          0.000  375
 500.217          0.000          0.000  406
 500.294   11643585.900          0.000  437
 500.331          0.000          0.000  408
 500.254    8440244.505          0.000  439
 500.249    8970078.921          0.000  441
 500.314   17147010.991          0.000  382
 500.314    5147448.681          0.000  382
 500.304    5060415.527          0.000  383
 500.354   17146645.507          0.000  445
 500.343    8050480.661          0.000  445
 500.220          0.000          0.000  416
 500.501    6477308.997          0.000  448
 320.463   19099745.581          0.000  419
   0.000          0.000          0.000  419
   0.000          0.000          0.000  420
 224.584   12018287.421          0.000  420
 500.396   10249490.543          0.000  392
 500.514    9887941.464          0.000  424
 500.514          0.000          0.000  424
 500.514    5881264.447          0.000  424
 500.328   13072490.426          0.000  366
 500.328   11953711.999          0.000  366
 500.401   14177551.242          0.000  429
 500.386          0.000          0.000  429
 500.386    6270861.128          0.000  429
 500.386   12300101.596          0.000  429
 500.257          0.000          0.000  432
 500.260   10478852.302          0.000  404
 500.427   14879097.870          0.000  466
 500.185   17608016.022          0.000  467
 500.392   18744328.302          0.000  406
 500.264          0.000          0.000  437
 500.254   10709226.483          0.000  439
 500.254          0.000          0.000  439
 500.254    8095955.022          0.000  439
 500.243          0.000          0.000  441
 500.344   14080103.767          0.000  382
 500.312   12011784.180          0.000  383
 500.322    8831260.795          0.000  474
 500.343          0.000          0.000  445
 500.223    9064832.163          0.000  416
 500.547   18105668.433          0.000  448
 500.501          0.000          0.000  448
 208.231   10584148.562          0.000  419
   0.000          0.000          0.000  450
   0.000          0.000          0.000  451
 251.423   15161730.405          0.000  420
 500.561   10696649.628          0.000  484
 500.443   11436290.345          0.000  486
 500.521    9627053.738          0.000  424
 500.285    6761289.810          0.000  457
 500.281          0.000          0.000  457
 500.398   24682343.327          0.000  366
 500.386   11803427.271          0.000  429
 500.386    4460533.581          0.000  429
 500.300   17515218.948          0.000  525
 500.487   27937584.609          0.001  429
 500.347   19572099.336          0.000  529
 500.347   10738876.261          0.000  529
 500.463   11345964.678          0.000  466
 500.426          0.000          0.000  466
 500.115          0.000          0.000  467
 500.081          0.000          0.000  468
 500.417   12181631.611          0.000  501
 500.256    6690651.548          0.000  439
 500.140   17398295.436          0.000  536
 500.140   13480095.914          0.000  536
 500.459   16824185.069          0.000  538
 500.307          0.000          0.000  474
 500.307   13848488.199          0.000  474
 500.343    5504005.059          0.000  445
 500.343   11446726.931          0.000  445
 500.536   18577781.421          0.000  448
 500.501    7860999.490          0.000  448
 177.704    8712317.300          0.000  450
   0.000          0.000          0.000  481
   0.000          0.000          0.000  482
 249.543   14242398.426          0.000  482
 500.559          0.000          0.000  484
 500.443   12483488.262          0.000  486
 500.443          0.000          0.000  486
 500.498   17753115.077          0.000  486
 500.281   15983790.148          0.000  457
 500.281    7932510.024          0.000  457
 500.386   20759078.640          0.000  429
 500.386   13284143.286          0.000  429
 500.276   14230150.409          0.000  525
 500.276    5580285.045          0.000  525
 500.301   14224290.005          0.000  525
 500.350   19305302.441          0.000  529
 500.347    4868346.340          0.000  529
 500.427    9495940.132          0.000  466
 500.242          0.000          0.000  498
 500.322   17752053.029          0.000  532
 500.332   12332416.645          0.000  532
 500.349          0.000          0.000  501
 500.365   10014561.507          0.000  503
 500.363          0.000          0.000  503
 500.140    2547780.363          0.000  536
 500.140    6924627.725          0.000  536
 500.168   17795289.416          0.000  536
 500.439    7400659.849          0.000  538
 500.316    8535554.470          0.000  474
 500.345   11148727.401          0.000  445
 500.344   19949651.290          0.000  445
 500.285   11907944.443          0.000  542
 197.302   10881875.756          0.000  481
   0.000          0.000          0.000  513
   0.000          0.000          0.000  514
 230.828   12459467.164          0.000  514
 500.494   24227741.389          0.000  486
 500.443    7909558.783          0.000  486
 500.443    5338007.006          0.000  486
 500.469    9209732.925          0.000  520
 500.469          0.000          0.000  520
 500.349   15207017.604          0.000  552
 500.554    7696246.838          0.000  523
 500.553          0.000          0.000  523
 500.303   15699970.341          0.000  525
 500.276          0.000          0.000  525
 500.276    5359613.391          0.000  525
 500.495   20592381.623          0.000  588
 500.347    7261735.937          0.000  529
 500.347          0.000          0.000  529
 500.242    7937633.854          0.000  498
 500.326    8926240.700          0.000  532
 500.321          0.000          0.000  532
 500.276   16088509.565          0.000  565
 500.249    9722901.422          0.000  565
 500.392   10201288.454          0.000  503
 500.139          0.000          0.000  536
 500.149   21803406.854          0.000  597
 500.439          0.000          0.000  538
 500.439    4597091.619          0.000  538
 500.297    6524172.241          0.000  571
 500.303    7789303.677          0.000  572
 500.285          0.000          0.000  542
 500.285    5556499.440          0.000  542
 199.400    9948976.026          0.000  575
   0.000          0.000          0.000  545
   0.000          0.000          0.000  546
 190.471   10340237.530          0.000  546
 500.469          0.000          0.000  548
 500.460   17510107.398          0.000  486
 500.270    7022022.560          0.000  580
 500.487    9029939.613          0.000  520
 500.338          0.000          0.000  552
 500.338    7708374.593          0.000  552
 500.185    6303248.870          0.000  583
 500.570   10745452.358          0.000  523
 500.355    6777229.452          0.000  585
 500.276    6332598.546          0.000  525
 500.276    6718065.226          0.000  525
 500.456    8367752.854          0.000  588
 500.347    8340563.620          0.000  529
 500.399    8569926.358          0.000  590
 500.277    9377166.004          0.000  591
 500.322   12273185.934          0.000  532
 500.322   11657682.991          0.000  532
 500.249          0.000          0.000  565
 500.249    5589850.790          0.000  565
 500.093    5695974.989          0.000  595
 500.128    7723217.056          0.000  597
 500.466   12043967.852          0.000  538
 500.339   11568633.627          0.000  571
 500.297          0.000          0.000  571
 500.289          0.000          0.000  572
 500.285    6917726.907          0.000  542
 338.113   19259456.575          0.000  575
   0.000          0.000          0.000  575
   0.000          0.000          0.000  576
 296.393   19050327.582          0.000  576
 325.622   19744337.580          0.000  546
 500.349   21037720.395          0.000  580
 500.270          0.000          0.000  580
 500.270   16811947.409          0.000  580
 500.338    5393247.008          0.000  552
 500.185          0.000          0.000  583
 500.355    6961344.845          0.000  585
 500.355          0.000          0.000  585
 500.306   16826472.175          0.000  525
 500.276   14489577.079          0.000  525
 500.456          0.000          0.000  588
 500.381   16949116.356          0.000  529
 500.383          0.000          0.000  590
 500.248          0.000          0.000  591
 500.225          0.000          0.000  592
 500.302   13671644.337          0.000  565
 500.398   21256503.092          0.000  658
 500.093          0.000          0.000  595
 500.128    6496972.525          0.000  597
 500.128          0.000          0.000  597
 500.312   10115985.040          0.000  629
 500.217    8812767.065          0.000  630
 500.187   10213772.264          0.000  601
 500.165          0.000          0.000  601
 500.268   16729117.570          0.000  665
 172.752    9014867.096          0.000  575
   0.000          0.000          0.000  604
   0.000          0.000          0.000  605
 323.162   22793583.953          0.000  605
 276.499   15435414.306          0.000  636
 500.270   17912321.364          0.000  580
 500.270    8093512.497          0.000  580
 500.270    6504471.431          0.000  580
 500.325   21901918.475          0.000  673
 500.338   13394211.303          0.000  552
 500.210    9917158.937          0.000  583
 500.362   14750151.200          0.000  585
 500.378   12035616.580          0.000  585
 500.317   14218025.441          0.000  679
 500.456    7189802.486          0.000  588
 500.377   19600671.780          0.000  652
 500.310    8825086.781          0.000  652
 500.250   13674586.397          0.000  591
 500.248    5353214.261          0.000  591
 500.461   11825556.330          0.000  654
 500.331    8171835.429          0.000  656
 500.127          0.000          0.000  624
 500.339    9133479.411          0.000  658
 500.339    6666139.955          0.000  658
 500.129   12425531.646          0.000  597
 500.312    2361600.689          0.000  629
 500.312          0.000          0.000  629
 500.209          0.000          0.000  630
 500.254   15075088.115          0.000  663
 500.349   12915687.768          0.000  665
 500.257    7098256.531          0.000  665
 274.546   14343770.716          0.000  635
   0.000          0.000          0.000  635
   0.000          0.000          0.000  636
 160.133    8470861.342          0.000  636
 283.973   15760414.798          0.000  636
 500.384   14397898.420          0.000  671
 500.270   14392010.998          0.000  580
 500.310    9915976.768          0.000  673
 500.197          0.000          0.000  642
 500.162          0.000          0.000  643
 500.240          0.000          0.000  644
 500.241    9492723.919          0.000  644
 500.339   14836954.647          0.000  679
 500.317    3685914.789          0.000  679
 500.317    7595975.481          0.000  679
 500.540    8769894.371          0.000  650
 500.539          0.000          0.000  650
 500.310   11124210.859          0.000  652
 500.309          0.000          0.000  652
 500.262   16196066.742          0.000  591
 500.424          0.000          0.000  654
 500.323    6041507.110          0.000  656
 500.323          0.000          0.000  656
 500.339    8629632.925          0.000  658
 500.338          0.000          0.000  658
 500.339   18230128.358          0.000  658
 500.312    8138100.565          0.000  629
 500.358   10351689.327          0.000  629
 500.312    8319034.113          0.000  629
 500.253          0.000          0.000  663
 500.200          0.000          0.000  664
 500.257          0.000          0.000  665
 222.012   10612076.466          0.000  635
   0.000          0.000          0.000  667
   0.000          0.000          0.000  668
 174.350   10007132.021          0.000  699
 500.226   11970803.497          0.000  701
 500.337          0.000          0.000  671
 500.270   21244891.092          0.000  580
 500.310          0.000          0.000  673
 500.310    8420452.240          0.000  673
 500.415   18404928.170          0.000  706
 500.381   16818674.635          0.000  644
 500.337          0.000          0.000  677
 500.317   11914448.909          0.000  679
 500.316          0.000          0.000  679
 500.317   10536871.717          0.000  679
 500.515   12701370.773          0.000  711
 500.291          0.000          0.000  682
 500.291    9901304.818          0.000  682
 500.428   17355320.758          0.000  715
 500.397    6412139.038          0.000  715
 500.425    8989695.731          0.000  654
 500.425    5308972.841          0.000  654
 500.323    6129095.691          0.000  656
 500.363   17576841.915          0.000  658
 500.339    8393463.061          0.000  658
 500.312   14030805.759          0.000  629
 500.312   17997906.305          0.000  629
 500.338   16733496.564          0.000  629
 500.297   10601844.205          0.000  663
 500.227    7765783.762          0.000  664
 500.257    8966807.143          0.000  665
 161.239    7829722.135          0.000  698
   0.000          0.000          0.000  698
   0.000          0.000          0.000  699
 255.013   14558193.913          0.000  699
 500.225          0.000          0.000  701
 500.341   11949308.274          0.000  671
 500.314   11716583.624          0.000  673
 500.345   17998434.229          0.000  673
 500.373    4403599.331          0.000  706
 500.373          0.000          0.000  706
 500.337    8223467.048          0.000  677
 500.159          0.000          0.000  708
 500.178    9237397.464          0.000  740
 500.513    5569787.159          0.000  711
 500.513          0.000          0.000  711
 500.299    6897319.498          0.000  682
 500.417   13737468.777          0.000  715
 500.397    6148112.992          0.000  715
 500.397          0.000          0.000  715
 500.426   12884835.260          0.000  654
 500.334   14129312.339          0.000  656
 500.344   19812396.372          0.000  778
 500.328   12079626.423          0.000  778
 500.328   10341901.861          0.000  778
 500.316   23923411.599          0.000  629
 500.387    9898902.588          0.000  751
 500.321   11412386.512          0.000  752
 500.418   21131667.218          0.000  754
 500.396   10234009.603          0.000  754
 500.257   16858856.153          0.000  665
 500.310   11836218.311          0.000  757
 225.332   13075994.256          0.000  698
   0.000          0.000          0.000  729
   0.000          0.000          0.000  730
 287.187   18738049.574          0.000  699
 500.349   15289000.450          0.000  762
 500.362   13905165.332          0.000  762
 500.282   12122394.915          0.000  763
 500.397   22191544.450          0.000  826
 500.329          0.000          0.000  736
 500.419   12120030.450          0.000  706
 500.313   12888265.334          0.000  768
 500.167    6770588.808          0.000  708
 500.154          0.000          0.000  740
 500.514   15666454.387          0.000  711
 500.513    5824280.592          0.000  711
 500.307          0.000          0.000  743
 500.398   16189564.084          0.000  715
 500.397    7894163.426          0.000  715
 500.312    7269038.953          0.000  775
 500.388   17648147.551          0.000  777
 500.358    7736488.350          0.000  777
 500.328    3369819.773          0.000  778
 500.334   19000762.085          0.000  778
 500.387          0.000          0.000  751
 500.321          0.000          0.000  752
 500.083          0.000          0.000  753
 500.396          0.000          0.000  754
 500.396    5021769.713          0.000  754
 500.310    6212471.960          0.000  757
 500.310          0.000          0.000  757
 185.302    9497362.973          0.000  788
   0.000          0.000          0.000  759
   0.000          0.000          0.000  760
 226.385   12098792.820          0.000  760
 500.340          0.000          0.000  762
 500.282          0.000          0.000  763
 500.282    5934318.278          0.000  763
 500.393   12697565.626          0.000  826
 500.330   10745942.912          0.000  736
 500.230          0.000          0.000  767
 500.313          0.000          0.000  768
 500.416    7447512.831          0.000  799
 500.424   14749346.632          0.000  799
 500.526   14581994.027          0.000  711
 500.333    8991354.588          0.000  743
 500.476   12470042.662          0.000  805
 500.242          0.000          0.000  774
 500.310          0.000          0.000  775
 500.358   10684188.891          0.000  777
 500.358          0.000          0.000  777
 500.328          0.000          0.000  778
 500.402    7597382.993          0.000  811
 500.408   13015569.462          0.000  751
 500.392   11737968.920          0.000  752
 500.083    7023943.396          0.000  753
 500.396    7898934.035          0.000  754
 500.396   10945947.267          0.000  754
 500.310   12604708.392          0.000  757
 500.240    6696200.581          0.000  787
 500.240          0.000          0.000  787
   0.000          0.000          0.000  788
   0.000          0.000          0.000  789
 245.110   14033320.314          0.000  789
 500.340    8993936.320          0.000  762
 500.282    7300307.090          0.000  763
 500.456   20209449.583          0.000  826
 500.393    5392867.121          0.000  826
 500.370   11535632.489          0.000  827
 500.337   13401999.117          0.000  827
 500.314    5036698.601          0.000  768
 500.427   17069178.743          0.000  799
 500.416          0.000          0.000  799
 500.416    6911634.240          0.000  799
 500.521          0.000          0.000  801
 500.369   10763068.594          0.000  866
 500.453   18525080.581          0.000  805
 500.430    7883307.869          0.000  805
 500.430          0.000          0.000  805
 500.430    6321900.383          0.000  805
 500.213   13052236.860          0.000  839
 500.358    9972245.226          0.000  777
 500.177   11236392.116          0.000  841
 500.402    7754895.091          0.000  811
 500.402          0.000          0.000  811
 500.402    8743668.481          0.000  811
 500.399    6534810.755          0.000  844
 500.346   17186971.098          0.000  846
 500.305    5701047.930          0.000  846
 500.404   16721198.490          0.000  754
 500.384   23995483.942          0.000  757
 500.240   14097130.046          0.000  787
 193.266   10105099.372          0.000  788
   0.000          0.000          0.000  820
   0.000          0.000          0.000  821
 320.570   21599452.089          0.000  789
 500.254   12240157.769          0.000  855
 500.267   10967734.091          0.000  855
 500.306   21965832.439          0.000  763
 500.393          0.000          0.000  826
 500.336          0.000          0.000  827
 500.337    3212696.079          0.000  827
 500.337    7646151.816          0.000  827
 500.312          0.000          0.000  830
 500.313    3739397.724          0.000  830
 500.416    6579575.858          0.000  799
 500.526    8312847.941          0.000  801
 500.369   13928240.277          0.000  866
 500.369    4493095.651          0.000  866
 500.430    8427055.522          0.000  805
 500.430   11133117.783          0.000  805
 500.222   10116374.478          0.000  839
 500.212          0.000          0.000  839
 500.192   21329715.470          0.000  841
 500.176          0.000          0.000  841
 500.412   11285009.109          0.000  811
 500.399    6360053.598          0.000  844
 500.399          0.000          0.000  844
 500.305   10124845.867          0.000  846
 500.305          0.000          0.000  846
 500.493   13350830.324          0.000  848
 500.477          0.000          0.000  848
 500.264   27456468.812          0.001  787
 185.983    9147413.357          0.000  820
   0.000          0.000          0.000  851
   0.000          0.000          0.000  852
 169.022    9355405.107          0.000  821
 301.850   17942860.585          0.000  821
 500.254          0.000          0.000  855
 500.302          0.000          0.000  856
 500.501          0.000          0.000  857
 500.393    6022800.761          0.000  826
 500.337    4956561.827          0.000  827
 500.297   15166975.882          0.000  890
 500.337   12321286.218          0.000  827
 500.399   16372639.285          0.000  830
 500.509    6326937.658          0.000  894
 500.415   11301758.295          0.000  929
 500.373    8406963.655          0.000  866
 500.368          0.000          0.000  866
 500.504   23612120.968          0.000  805
 500.317   17495276.668          0.000  933
 500.330    7715067.758          0.000  870
 500.330          0.000          0.000  870
 500.287   11419101.808          0.000  839
 500.250          0.000          0.000  872
 500.341   12671807.647          0.000  905
 500.335    6721002.558          0.000  905
 500.399   12325608.087          0.000  844
 500.442   14036415.004          0.000  844
 500.454   17946390.348          0.000  846
 500.366          0.000          0.000  878
 500.480    9584158.330          0.000  848
 363.937   19865030.103          0.000  915
 276.477   15414541.948          0.000  915
   0.000          0.000          0.000  882
   0.000          0.000          0.000  883
 229.289   12207870.316          0.000  883
 500.197    7800234.244          0.000  886
 500.197          0.000          0.000  886
 500.542   13687071.123          0.000  857
 500.413   16897845.016          0.000  826
 500.349   19350196.750          0.000  890
 500.296          0.000          0.000  890
 500.337   21387999.692          0.000  827
 500.524   12625446.749          0.000  926
 500.509    7330707.674          0.000  894
 500.509          0.000          0.000  894
 500.415   13655266.301          0.000  929
 500.415    5404656.759          0.000  929
 500.415   10132788.174          0.000  929
 500.369    6058247.781          0.000  866
 500.362   15113926.600          0.000  931
 500.262    7276591.168          0.000  933
 500.315   21883557.569          0.000  933
 500.360          0.000          0.000  902
 500.251    4714474.941          0.000  872
 500.335    5182425.302          0.000  905
 500.335          0.000          0.000  905
 500.335    5279317.038          0.000  905
 500.336   14101962.553          0.000  905
 500.333    8912619.504          0.000  909
 500.326          0.000          0.000  909
 500.390   11105624.103          0.000  878
 500.265          0.000          0.000  911
 369.823   20439582.206          0.000  915
 277.282   13939350.650          0.000  915
 161.847    7791831.767          0.000  915
   0.000          0.000          0.000  915
   0.000          0.000          0.000  916
 103.937    5551240.147          0.000  949
 500.215   23343389.951          0.000  886
 500.197    9424422.522          0.000  886
 500.498   12327267.612          0.000  921
 500.467          0.000          0.000  921
 500.300   15231146.368          0.000  890
 500.297    7025012.536          0.000  890
 500.297    5825615.505          0.000  890
 500.343   29231952.882          0.001  827
 500.517          0.000          0.000  926
 500.542   17846429.306          0.000  894
 500.429   22036593.949          0.000  929
 500.414          0.000          0.000  929
 500.354    8484130.433          0.000  931
 500.353          0.000          0.000  931
 500.354    4966941.924          0.000  931
 500.262          0.000          0.000  933
 500.262    7206171.301          0.000  933
 500.322          0.000          0.000  935
 500.323    9006811.496          0.000  935
 500.282   14813029.182          0.000  872
 500.337   12996304.793          0.000  905
 500.379   15642804.118          0.000  905
 500.336   14200841.688          0.000  905
 500.306   14684165.364          0.000  971
 500.274    6916138.941          0.000  971
 500.288   15929948.539          0.000  911
 500.265    7394372.947          0.000  911
 500.272    8376036.617          0.000  946
 500.272          0.000          0.000  946
 240.958   11800984.389          0.000  948
   0.000          0.000          0.000  948
   0.000          0.000          0.000  949
 249.000   14130241.397          0.000  949
 500.043          0.000          0.000  951
 500.336   11653894.683          0.000 1012
 500.467   11683235.305          0.000  921
 500.281          0.000          0.000  954
 500.356   13546669.849          0.000 1015
 500.416   19671852.020          0.000 1017
 500.518   10531322.194          0.000  926
 500.436   19869526.470          0.000  929
 500.415    8746338.842          0.000  929
 500.415    3733886.117          0.000  929
 500.492   14410319.994          0.000  929
 500.271   10017809.543          0.000  993
 500.294   16999357.851          0.000  993
 500.277   11353122.376          0.000  933
 500.416   17153705.974          0.000 1089
 500.462   21010554.113          0.000 1089
 500.435   27260714.519          0.001 1089
 500.181          0.000          0.000  968
 500.181    8389850.614          0.000  968
 500.398   17866597.312          0.000 1032
 500.274          0.000          0.000  971
 500.164   13433561.159          0.000 1033
 500.302   13151852.799          0.000  946
 500.297   17630403.631          0.000 1005
 231.676   11996795.933          0.000  948
   0.000          0.000          0.000  976
   0.000          0.000          0.000  977
 178.907   10550326.591          0.000 1008
 500.384   11958613.052          0.000 1010
 500.336   16898156.217          0.000 1012
 500.336    4942924.633          0.000 1012
 500.209    7123155.642          0.000 1013
 500.281    8368964.028          0.000  954
 500.356    6440013.254          0.000 1015
 500.434   17219148.340          0.000 1017
 500.412    7040527.236          0.000 1017
 500.278    4584509.227          0.000 1018
 500.459   20256662.298          0.000  929
 500.415    9199441.616          0.000  929
 500.188    9341076.994          0.000  991
 500.182          0.000          0.000  991
 500.260    7147107.265          0.000  993
 500.260          0.000          0.000  993
 500.260    7024045.082          0.000  993
 500.350   10033184.068          0.000 1025
 500.416   11711768.253          0.000 1089
 500.416    9927796.555          0.000 1089
 500.416   17880903.092          0.000 1089
 500.473          0.000          0.000  999
 500.181    7667091.883          0.000  968
 500.372   17442037.035          0.000 1032
 500.348    5102090.932          0.000 1032
 500.149    5204861.707          0.000 1033
 500.367   17592265.030          0.000 1065
 500.297          0.000          0.000 1005
 311.123   17533090.345          0.000 1007
   0.000          0.000          0.000 1007
   0.000          0.000          0.000 1008
 266.848   15324803.953          0.000 1008
 500.341          0.000          0.000 1010
 500.348    9593286.041          0.000 1012
 500.336          0.000          0.000 1012
 500.197          0.000          0.000 1013
 500.340   19253743.206          0.000  954
 500.356          0.000          0.000 1015
 500.412   10344429.154          0.000 1017
 500.412          0.000          0.000 1017
 500.278          0.000          0.000 1018
 500.447   28290783.815          0.001  929
 500.415   18186230.103          0.000  929
 500.374    8067386.085          0.000 1052
 500.294   18144603.391          0.000  993
 500.260   12519771.115          0.000  993
 500.349    9478253.577          0.000 1025
 500.349          0.000          0.000 1025
 500.416   20865823.826          0.000 1089
 500.416    4877634.854          0.000 1089
 500.416   14753816.574          0.000 1089
 500.482    8198068.121          0.000  999
 500.145          0.000          0.000 1030
 500.203   22438656.877          0.000  968
 500.348          0.000          0.000 1032
 500.149          0.000          0.000 1033
 500.336    5893772.562          0.000 1065
 500.337    9847604.641          0.000 1005
 257.882   12319036.770          0.000 1037
   0.000          0.000          0.000 1037
   0.000          0.000          0.000 1038
 129.249    6987784.721          0.000 1008
 500.341    5107382.314          0.000 1010
 500.341    9440770.568          0.000 1010
 500.343   16917914.099          0.000 1012
 500.336    8175404.179          0.000 1012
 500.315   11081778.110          0.000 1075
 500.137          0.000          0.000 1045
 500.143   12095899.862          0.000 1045
 500.285          0.000          0.000 1047
 500.435   12807192.169          0.000 1017
 500.356   15493132.059          0.000 1112
 500.356   10541313.065          0.000 1112
 500.363    8205992.670          0.000 1052
 500.363          0.000          0.000 1052
 500.375   28629561.594          0.001 1117
 500.154          0.000          0.000 1054
 500.349    6326799.653          0.000 1025
 500.460   13777370.248          0.000 1089
 500.415    2720437.235          0.000 1089
 500.415    5881381.753          0.000 1089
 500.224   12256203.606          0.000 1091
 500.307   16598980.232          0.000 1062
 500.278    8657722.769          0.000 1062
 500.278          0.000          0.000 1062
 500.349   15317983.478          0.000 1032
 500.336    8154869.357          0.000 1065
 500.336          0.000          0.000 1065
 500.336    7364491.568          0.000 1065
 500.167          0.000          0.000 1067
 298.346   16692882.184          0.000 1069
   0.000          0.000          0.000 1069
   0.000          0.000          0.000 1070
 244.801   14027422.437          0.000 1070
 500.341   15630209.513          0.000 1010
 500.436   18754154.364          0.000 1136
 500.316    5323247.842          0.000 1075
 500.315          0.000          0.000 1075
 500.138    6275845.249          0.000 1045
 500.137    4906190.651          0.000 1045
 500.242   18575628.356          0.000 1140
 500.342   20451585.450          0.000 1171
 500.372   26327461.229          0.000 1112
 500.381   18094446.834          0.000 1112
 500.356    4979923.868          0.000 1112
 500.363    7386368.898          0.000 1052
 500.317   12912263.301          0.000 1117
 500.317    6972940.925          0.000 1117
 500.387   15952606.839          0.000 1025
 500.319    9763175.987          0.000 1119
 500.415   10174154.154          0.000 1089
 500.415          0.000          0.000 1089
 500.505   23357928.456          0.000 1089
 500.178          0.000          0.000 1091
 500.264    9029681.432          0.000 1124
 500.210          0.000          0.000 1093
 500.337   20661671.448          0.000 1065
 500.336    9000910.589          0.000 1065
 500.337   13448822.353          0.000 1065
 363.549   21941787.412          0.000 1131
 206.092   10294070.287          0.000 1131
 102.690    5040409.864          0.000 1131
   0.000          0.000          0.000 1100
   0.000          0.000          0.000 1101
 260.572   15207634.553          0.000 1101
 500.398   14614484.563          0.000 1136
 500.398    7555375.064          0.000 1136
 500.319   23783162.605          0.000 1075
 500.315    6384921.294          0.000 1075
 500.137   11457895.170          0.000 1045
 500.242    4846744.849          0.000 1140
 500.225    9866106.394          0.000 1141
 500.312   11497365.415          0.000 1171
 500.356    5270629.170          0.000 1112
 500.356          0.000          0.000 1112
 500.490   11330185.243          0.000 1145
 500.352   20854662.109          0.000 1117
 500.317   12053559.757          0.000 1117
 500.317    5019442.792          0.000 1117
 500.317          0.000          0.000 1117
 500.382   12809586.951          0.000 1119
 500.319          0.000          0.000 1119
 500.415   15684458.976          0.000 1089
 500.123          0.000          0.000 1121
 500.280          0.000          0.000 1122
 500.277   10929937.494          0.000 1124
 500.264          0.000          0.000 1124
 500.211    5927897.949          0.000 1093
 500.324   16913764.854          0.000 1127
 500.323          0.000          0.000 1127
 500.369   24259299.086          0.000 1065
 315.764   16940824.939          0.000 1131
 270.465   15082679.326          0.000 1131
   0.000          0.000          0.000 1131
   0.000          0.000          0.000 1132
 206.096   11336128.677          0.000 1101
 500.421   16736275.858          0.000 1136
 500.398    6681691.136          0.000 1136
 500.397          0.000          0.000 1136
 500.315   17683486.467          0.000 1075
 500.175   14401127.976          0.000 1168
 500.137   22578080.693          0.000 1045
 500.242          0.000          0.000 1140
 500.205          0.000          0.000 1141
 500.312    6150792.119          0.000 1171
 500.356    7958153.251          0.000 1112
 500.222   11860248.259          0.000 1173
 500.480          0.000          0.000 1145
 500.290   11908650.362          0.000 1175
 500.317   16453353.960          0.000 1117
 500.356   12314730.756          0.000 1117
 500.319   12122907.697          0.000 1119
 500.147          0.000          0.000 1150
 500.153   10437947.047          0.000 1121
 500.281    7779908.190          0.000 1122
 500.296   18988307.148          0.000 1124
 500.264    7282285.016          0.000 1124
 500.393   11983135.930          0.000 1186
 500.324    5145653.068          0.000 1127
 500.324   11074059.393          0.000 1127
 500.339   18456998.241          0.000 1220
 400.313   24259720.231          0.000 1131
 236.745   12342108.551          0.000 1192
   0.000          0.000          0.000 1161
   0.000          0.000          0.000 1162
 297.114   17058550.583          0.000 1101
 500.434   10988522.451          0.000 1197
 500.398    6230569.853          0.000 1136
 500.293    8363881.556          0.000 1167
 500.291          0.000          0.000 1167
 500.098          0.000          0.000 1168
 500.242    7523239.592          0.000 1140
 500.337   10994001.879          0.000 1171
 500.312          0.000          0.000 1171
 500.356   23623729.586          0.000 1112
 500.172          0.000          0.000 1173
 500.326   11947324.999          0.000 1175
 500.264          0.000          0.000 1175
 500.205   11335423.523          0.000 1177
 500.205          0.000          0.000 1177
 500.274   15601434.626          0.000 1180
 500.219    4310696.110          0.000 1180
 500.219          0.000          0.000 1180
 500.210   11523996.740          0.000 1182
 500.199          0.000          0.000 1182
 500.349    9920771.813          0.000 1184
 500.335          0.000          0.000 1184
 500.393   11842958.453          0.000 1186
 500.393          0.000          0.000 1186
 500.619   12383853.200          0.000 1218
 500.337   17723189.685          0.000 1127
 500.307    7848115.313          0.000 1220
 500.519          0.000          0.000 1190
 243.711   11805613.924          0.000 1192
   0.000          0.000          0.000 1192
   0.000          0.000          0.000 1193
 147.270    8143018.487          0.000 1225
 500.457   19399951.262          0.000 1197
 500.433    6660780.215          0.000 1197
 500.433          0.000          0.000 1197
 500.356   16084063.145          0.000 1260
 500.291   10495704.711          0.000 1167
 500.291    7690225.542          0.000 1167
 500.237    7589901.057          0.000 1202
 500.236          0.000          0.000 1202
 500.143    9771189.816          0.000 1234
 500.236   22338863.203          0.000 1267
 500.213   14592763.301          0.000 1267
 500.223   12685500.224          0.000 1173
 500.172    6873288.783          0.000 1173
 500.265    6877847.189          0.000 1175
 500.206   13883931.832          0.000 1177
 500.239   11107922.782          0.000 1177
 500.219   11634263.938          0.000 1180
 500.295   12569049.040          0.000 1244
 500.199    6953353.510          0.000 1182
 500.136   14684252.210          0.000 1277
 500.335    7665898.925          0.000 1184
 500.414   15510355.227          0.000 1186
 500.393   12441094.303          0.000 1186
 500.587          0.000          0.000 1218
 500.342   11474371.974          0.000 1220
 500.307          0.000          0.000 1220
 500.561   12524213.320          0.000 1190
 321.953   19084164.919          0.000 1224
 280.889   16273080.443          0.000 1192
   0.000          0.000          0.000 1224
   0.000          0.000          0.000 1225
 273.412   15690481.323          0.000 1288
 500.433    8262042.892          0.000 1197
 500.360    8079467.298          0.000 1260
 500.354    9521807.677          0.000 1260
 500.332    6676911.068          0.000 1262
 500.370   26106349.168          0.000 1167
 500.238   14328734.790          0.000 1202
 500.237    7482321.842          0.000 1202
 500.115          0.000          0.000 1234
 500.226   11469901.465          0.000 1267
 500.212    6553637.102          0.000 1267
 500.209   10801413.756          0.000 1269
 500.172   19427301.566          0.000 1173
 500.165    8930320.470          0.000 1271
 500.379   10817937.689          0.000 1241
 500.366          0.000          0.000 1241
 500.366    8127067.087          0.000 1241
 500.367   13642576.496          0.000 1241
 500.275          0.000          0.000 1244
 500.295   18470766.532          0.000 1339
 500.112    6651885.384          0.000 1277
 500.359   19814188.798          0.000 1184
 500.280          0.000          0.000 1248
 500.350   21597162.573          0.000 1248
 500.335   23110195.701          0.000 1220
 500.307    7859186.327          0.000 1220
 500.450   15689910.836          0.000 1285
 258.126   13304999.627          0.000 1224
 127.865    6250493.014          0.000 1224
   0.000          0.000          0.000 1255
   0.000          0.000          0.000 1256
 129.556    6913047.031          0.000 1288
 322.160   19569838.940          0.000 1288
 500.360   11555107.017          0.000 1291
 500.353          0.000          0.000 1260
 500.331    5006886.094          0.000 1262
 500.331          0.000          0.000 1262
 500.421    8108847.587          0.000 1294
 500.229   23958108.344          0.000 1328
 500.228   12387989.325          0.000 1328
 500.212    7842447.550          0.000 1267
 500.212          0.000          0.000 1267
 500.501   18335822.063          0.000 1332
 500.198          0.000          0.000 1269
 500.178   12374769.696          0.000 1271
 500.160          0.000          0.000 1271
 500.378   13765531.732          0.000 1241
 500.366    7345460.552          0.000 1241
 500.368   19279194.538          0.000 1241
 500.286    7692338.290          0.000 1244
 500.295   10283777.053          0.000 1339
 500.112          0.000          0.000 1277
 500.274   11990343.961          0.000 1310
 500.280    4046402.551          0.000 1248
 500.280    8091358.173          0.000 1248
 500.280   20423024.647          0.000 1248
 500.514          0.000          0.000 1282
 500.431   11831609.528          0.000 1285
 500.423    3072115.768          0.000 1285
 500.423          0.000          0.000 1285
 228.625   13485829.649          0.000 1255
   0.000          0.000          0.000 1287
   0.000          0.000          0.000 1288
 211.486   11797023.884          0.000 1288
 500.358    4119913.375          0.000 1291
 500.358          0.000          0.000 1291
 500.436          0.000          0.000 1292
 500.331   14149921.644          0.000 1357
 500.420          0.000          0.000 1294
 500.233   12284029.376          0.000 1328
 500.228    6209377.015          0.000 1328
 500.216   17549366.301          0.000 1267
 500.479   15920169.918          0.000 1332
 500.476    7024135.395          0.000 1332
 500.198    6411954.677          0.000 1269
 500.161    9913477.434          0.000 1271
 500.401   21225676.070          0.000 1336
 500.401   11295122.638          0.000 1336
 500.445   11619421.611          0.000 1336
 500.334          0.000          0.000 1305
 500.315   10500578.610          0.000 1339
 500.295    3048158.815          0.000 1339
 500.202   19109334.119          0.000 1277
 500.274   12894704.391          0.000 1310
 500.274          0.000          0.000 1310
 500.274    6800820.425          0.000 1310
 500.306   16620895.872          0.000 1248
 500.455   18786225.818          0.000 1343
 500.479   24063119.382          0.000 1285
 500.423    8545426.542          0.000 1285
 500.423    6086511.944          0.000 1285
 270.671   14486010.378          0.000 1318
   0.000          0.000          0.000 1318
   0.000          0.000          0.000 1319
 205.225   11635612.305          0.000 1288
 370.958   27359997.181          0.001 1288
 500.411   22279262.718          0.000 1291
 500.439   10429501.783          0.000 1292
 500.333   12313410.833          0.000 1357
 500.331    4513573.000          0.000 1357
 500.326   21637092.927          0.000 1390
 500.230   10345311.406          0.000 1328
 500.227          0.000          0.000 1328
 500.228    7586765.921          0.000 1328
 500.458   14480718.670          0.000 1362
 500.477   13344756.477          0.000 1332
 500.476          0.000          0.000 1332
 500.307    6640750.315          0.000 1364
 500.324   11073594.314          0.000 1366
 500.401    8583528.692          0.000 1336
 500.401          0.000          0.000 1336
 500.522   17219387.664          0.000 1368
 500.336    9070020.138          0.000 1305
 500.294          0.000          0.000 1339
 500.318   15500229.267          0.000 1403
 500.276    6896179.808          0.000 1310
 500.410    6931505.860          0.000 1343
 500.410          0.000          0.000 1343
 500.410    5824722.705          0.000 1343
 500.411   14684720.452          0.000 1343
 500.396          0.000          0.000 1346
 500.459   18994300.605          0.000 1285
 500.423   19666659.304          0.000 1285
 167.951    8298428.764          0.000 1381
   0.000          0.000          0.000 1350
   0.000          0.000          0.000 1351
 237.132   12888607.819          0.000 1382
 500.307   25462812.212          0.000 1384
 500.270   21474633.131          0.000 1384
 500.334   13255412.829          0.000 1357
 500.331    7325637.383          0.000 1357
 500.331          0.000          0.000 1357
 500.286    9940077.048          0.000 1390
 500.299   10366655.156          0.000 1390
 500.228   10004402.055          0.000 1328
 500.440    5568786.081          0.000 1362
 500.439          0.000          0.000 1362
 500.479    8618497.268          0.000 1332
 500.307          0.000          0.000 1364
 500.276    8595173.839          0.000 1366
 500.276          0.000          0.000 1366
 500.372   31212463.954          0.001 1366
 500.489          0.000          0.000 1368
 500.313   19718324.725          0.000 1339
 500.295    9877249.256          0.000 1339
 500.295    4840874.481          0.000 1339
 500.320   14198395.211          0.000 1403
 500.318    6664408.308          0.000 1403
 500.162          0.000          0.000 1374
 500.433   11816961.875          0.000 1405
 500.411   15075024.595          0.000 1343
 500.397    9467047.304          0.000 1346
 500.360   14832979.237          0.000 1440
 500.360   14919080.387          0.000 1440
 500.365          0.000          0.000 1380
   0.000          0.000          0.000 1381
   0.000          0.000          0.000 1382
 366.149   28146024.822          0.001 1382
 500.269          0.000          0.000 1384
 500.270    8880379.532          0.000 1384
 500.312   10058125.143          0.000 1417
 500.331    8321072.431          0.000 1357
 500.338   21549600.975          0.000 1419
 500.301   12334648.119          0.000 1419
 500.286          0.000          0.000 1390
 500.074          0.000          0.000 1391
 500.098          0.000          0.000 1392
 500.440    7276630.717          0.000 1362
 500.593    7005953.727          0.000 1395
 500.592          0.000          0.000 1395
 500.320   21608806.317          0.000 1490
 500.276    2875163.688          0.000 1366
 500.276    8467920.837          0.000 1366
 500.277   16948530.312          0.000 1366
 500.254    5843384.088          0.000 1430
 500.295   16239723.671          0.000 1339
 500.431   15232930.610          0.000 1432
 500.318          0.000          0.000 1403
 500.187    9939585.982          0.000 1374
 500.433          0.000          0.000 1405
 500.289          0.000          0.000 1406
 500.513   11085940.813          0.000 1408
 500.491          0.000          0.000 1408
 500.360    5145181.925          0.000 1440
 500.360   26533586.145          0.001 1440
 182.589    9267467.094          0.000 1381
   0.000          0.000          0.000 1412
   0.000          0.000          0.000 1413
 318.092   20737642.722          0.000 1444
 500.270    4522377.299          0.000 1384
 500.303    5405583.394          0.000 1417
 500.302          0.000          0.000 1417
 500.301    4907038.093          0.000 1419
 500.301          0.000          0.000 1419
 500.301    6052543.993          0.000 1419
 500.365   24532176.665          0.000 1484
 500.291   15262869.553          0.000 1484
 500.104   10701721.937          0.000 1392
 500.364          0.000          0.000 1424
 500.364    7581078.012          0.000 1424
 500.598    7960812.325          0.000 1395
 500.313   12730819.436          0.000 1490
 500.277   13772547.277          0.000 1366
 500.275   10902999.822          0.000 1430
 500.254          0.000          0.000 1430
 500.280   17395830.544          0.000 1430
 500.413          0.000          0.000 1432
 500.413    4938480.777          0.000 1432
 500.318    7096290.468          0.000 1403
 500.172          0.000          0.000 1435
 500.433    3152919.842          0.000 1405
 500.289    3884085.427          0.000 1406
 500.311   21501252.766          0.000 1468
 500.360   10064953.098          0.000 1440
 500.360          0.000          0.000 1440
 500.360    7899306.463          0.000 1440
 212.519   10407764.310          0.000 1443
   0.000          0.000          0.000 1443
   0.000          0.000          0.000 1444
 188.386   10068762.221          0.000 1444
 500.298   14082572.774          0.000 1384
 500.303   11261685.359          0.000 1417
 500.573    8691513.481          0.000 1481
 500.301    6437487.859          0.000 1419
 500.338   11489359.715          0.000 1483
 500.291   13638689.668          0.000 1484
 500.291    5368153.189          0.000 1484
 346.960   19750996.368          0.000 1587
 500.369    9751898.524          0.000 1424
 500.524   12902163.981          0.000 1456
 500.511          0.000          0.000 1456
 500.313   12162447.093          0.000 1490
 500.313    5800594.042          0.000 1490
 500.434   10778523.868          0.000 1460
 500.405          0.000          0.000 1460
 500.300   18769575.717          0.000 1494
 500.413   12933782.665          0.000 1432
 500.413    5058669.867          0.000 1432
 500.413   13512105.814          0.000 1432
 500.214   17985318.329          0.000 1435
 500.433   16810700.642          0.000 1405
 500.433   13083357.953          0.000 1405
 500.299          0.000          0.000 1468
 500.299   12323541.842          0.000 1468
 500.369    8721901.815          0.000 1440
 500.367   15036255.986          0.000 1440
 357.912   22421824.797          0.000 1443
 233.362   12441844.911          0.000 1443
   0.000          0.000          0.000 1474
   0.000          0.000          0.000 1475
 234.491   13370432.227          0.000 1507
 346.117   22294839.867          0.000 1444
 285.839   16787831.671          0.000 1573
 500.571   20949970.424          0.000 1481
 500.571    5439022.865          0.000 1481
 500.571          0.000          0.000 1481
 500.415    9611492.277          0.000 1514
 500.278          0.000          0.000 1483
 500.291          0.000          0.000 1484
 222.054   11418627.909          0.000 1587
 348.422   20001185.945          0.000 1587
 422.841   28619168.076          0.001 1587
 500.422    7163956.321          0.000 1523
 500.328   10857721.131          0.000 1490
 500.313          0.000          0.000 1490
 490.588   21051028.411          0.000 1597
 500.274   18000066.069          0.000 1494
 500.268    9071858.838          0.000 1494
 500.268          0.000          0.000 1494
 500.446   15887215.370          0.000 1432
 500.316          0.000          0.000 1496
 500.353   28473639.000          0.001 1498
 500.279          0.000          0.000 1498
 500.463   24359846.158          0.000 1405
 500.299    8176686.220          0.000 1468
 500.299    5094972.215          0.000 1468
 500.392   25517142.721          0.001 1468
 500.306          0.000          0.000 1503
 321.372   16746579.865          0.000 1616
 230.436   13400064.352          0.000 1540
   0.000          0.000          0.000 1506
   0.000          0.000          0.000 1507
 288.292   18196739.708          0.000 1507
 150.019    8081364.573          0.000 1573
 410.068   31007845.550          0.001 1573
 205.786   11041545.330          0.000 1577
 500.571   13174785.506          0.000 1481
 500.400    9660638.532          0.000 1514
 500.400          0.000          0.000 1514
 209.313   10583278.179          0.000 1581
 298.032   15741508.570          0.000 1584
 500.291   23240398.928          0.000 1484
 147.090    7563758.926          0.000 1587
 166.019    8809050.119          0.000 1587
 267.950   14815477.614          0.000 1587
 352.001   20899891.401          0.000 1587
 281.881   16366506.788          0.000 1591
 500.422          0.000          0.000 1523
 500.348   14943823.574          0.000 1490
 494.688   31163112.477          0.001 1597
 385.910    9299304.897          0.000 1597
 339.980   18486977.996          0.000 1600
 177.638    8591662.180          0.000 1600
 500.330   17378739.698          0.000 1496
 500.316    5069393.950          0.000 1496
 500.279   12800361.188          0.000 1498
 500.351   13550167.426          0.000 1498
 337.314   19868432.832          0.000 1607
 280.442   14714180.810          0.000 1611
 500.184          0.000          0.000 1535
 500.323   13012931.998          0.000 1503
 160.408    7781316.006          0.000 1616
 248.774   12397301.918          0.000 1616
 287.949   16296332.709          0.000 1619
   0.000          0.000          0.000 1540
   0.000          0.000          0.000 1541
 304.158   19819266.302          0.000 1507
 253.658   14817175.336          0.000 1575
 180.501   10487392.214          0.000 1575
 248.578   14088215.531          0.000 1579
 181.279   10193780.876          0.000 1579
 218.269   13928349.156          0.000 1583
 171.370    8567296.816          0.000 1584
 209.161   12646150.585          0.000 1584
 102.886    5322142.253          0.000 1587
 250.963   14503472.124          0.000 1587
 209.355   11195785.973          0.000 1591
 197.794   10220584.874          0.000 1591
 203.692   10199198.940          0.000 1595
 201.497   11342079.033          0.000 1596
 153.726    5725124.053          0.000 1597
 246.781   13020616.322          0.000 1600
 215.143   12730367.610          0.000 1602
 147.014    7503405.955          0.000 1602
 184.172    9445084.446          0.000 1605
 211.932   11009995.030          0.000 1606
 155.685    7599952.730          0.000 1607
 157.650    7988020.874          0.000 1609
 173.220    8586048.161          0.000 1613
 196.100   10554241.490          0.000 1615
 267.053   13294583.993          0.000 1616
 311.562   19547307.596          0.000 1616
 168.982    8725056.134          0.000 1619
   0.000          0.000          0.000 1569
   0.000          0.000          0.000 1570
   0.000          0.000          0.000 1571
   0.000          0.000          0.000 1572
   0.000          0.000          0.000 1573
   0.000          0.000          0.000 1574
   0.000          0.000          0.000 1575
   0.000          0.000          0.000 1576
   0.000          0.000          0.000 1577
   0.000          0.000          0.000 1578
   0.000          0.000          0.000 1579
   0.000          0.000          0.000 1580
   0.000          0.000          0.000 1581
   0.000          0.000          0.000 1582
   0.000          0.000          0.000 1583
   0.000          0.000          0.000 1584
   0.000          0.000          0.000 1585
   0.000          0.000          0.000 1586
   0.000          0.000          0.000 1587
   0.000          0.000          0.000 1588
   0.000          0.000          0.000 1589
   0.000          0.000          0.000 1590
   0.000          0.000          0.000 1591
   0.000          0.000          0.000 1592
   0.000          0.000          0.000 1593
   0.000          0.000          0.000 1594
   0.000          0.000          0.000 1595
   0.000          0.000          0.000 1596
   0.000          0.000          0.000 1597
   0.000          0.000          0.000 1598
   0.000          0.000          0.000 1599
   0.000          0.000          0.000 1600
   0.000          0.000          0.000 1601
   0.000          0.000          0.000 1602
   0.000          0.000          0.000 1603
   0.000          0.000          0.000 1604
   0.000          0.000          0.000 1605
   0.000          0.000          0.000 1606
   0.000          0.000          0.000 1607
   0.000          0.000          0.000 1608
   0.000          0.000          0.000 1609
   0.000          0.000          0.000 1610
   0.000          0.000          0.000 1611
   0.000          0.000          0.000 1612
   0.000          0.000          0.000 1613
   0.000          0.000          0.000 1614
   0.000          0.000          0.000 1615
   0.000          0.000          0.000 1616
   0.000          0.000          0.000 1617
   0.000          0.000          0.000 1618
   0.000          0.000          0.000 1619
   0.000          0.000          0.000 1620
 303.983   16873838.667          0.000   29
 500.261    8573850.231          0.000  117
 500.473    7006658.199          0.000  178
 500.490    7731535.448          0.000  138
 500.430   16517549.504          0.000  105
 500.429   13095717.582          0.000  144
 500.235    7285346.409          0.000  182
 500.316    9614215.710          0.000  246
 500.283    5671765.014          0.000  354
 500.267    4246430.461          0.000  311
 500.328    3586081.391          0.000  366
 500.386    5175929.330          0.000  429
 500.443    4790210.019          0.000  486
 500.321    6708628.878          0.000  532
 500.249    6064223.886          0.000  565
 500.128    3558264.362          0.000  597
 365.471   22240720.232          0.000  636
 500.270    3527534.347          0.000  580
 500.312    5234634.495          0.000  629
 500.313    4503390.712          0.000  768
 500.397    6919290.790          0.000  715
 500.387    6895785.298          0.000  751
 500.176    5030418.894          0.000  841
 500.272   16188799.247          0.000  946
 500.416    7820762.281          0.000 1089
 500.242   10206966.895          0.000 1140
 500.157    7757997.145          0.000 1054
 500.317    6256356.873          0.000 1117
 500.319    9391255.064          0.000 1119
 500.393    6734890.689          0.000 1186
 500.291   13903641.655          0.000 1167
 500.227    3207804.522          0.000 1328
 500.161    4550522.403          0.000 1271
 500.401    4566799.014          0.000 1336
 500.270   14777735.734          0.000 1384
 500.172    6627021.156          0.000 1435
 500.433    9519243.335          0.000 1405
 500.279    5157311.943          0.000 1498
 500.299   17347522.265          0.000 1468
 500.443    5847127.757          0.000  486
 100.636    5315030.689          0.000    7
 135.095    7278424.639          0.000   21
  60.502    3123397.371          0.000   21
  62.479    3230324.223          0.000   26
 175.473   10313377.801          0.000   31
 160.123    8429267.057          0.000   42
 108.372    4623996.006          0.000   42
 108.318    5134792.967          0.000   44
 105.567    4820018.409          0.000    5
  71.028    3728042.953          0.000   13
 113.625    6005386.357          0.000   15
 107.007    5557053.913          0.000   17
 114.909    5795240.524          0.000   26
 114.430    5873627.523          0.000   29
 139.162    7284961.206          0.000   31
 100.093    4963238.055          0.000   33
 124.481    5885822.833          0.000   40
  88.529    4580572.651          0.000  141
  94.046    4921270.645          0.000  141
 101.708    5349222.752          0.000  171
 107.223    5604867.061          0.000  233
 154.254    8752151.526          0.000  233
  94.818    4630982.670          0.000  298
 163.053    9226409.374          0.000  265
 129.847    6465906.954          0.000  298
 158.642    7850612.416          0.000  328
 106.869    5465941.047          0.000  329
 134.282    7215386.494          0.000  329
  88.065    4166775.374          0.000  389
 137.036    7430892.186          0.000  420
 170.168    8883117.124          0.000  419
 100.617    5249038.290          0.000  420
 107.897    5779174.988          0.000  482
 113.697    5996292.311          0.000  514
  84.429    4126248.138          0.000  575
  84.340    4496109.908          0.000  546
 137.904    7722313.791          0.000  576
 167.114    9902907.846          0.000  605
 127.927    6213673.107          0.000  635
  81.184    4302180.768          0.000  636
 123.518    6661276.084          0.000  699
 146.507    8499722.885          0.000  699
 107.431    5632351.017          0.000  760
 110.883    5998246.856          0.000  789
 152.233    8638969.583          0.000  789
  98.478    4803552.921          0.000  820
 136.510    6959486.143          0.000  915
 103.767    5421948.526          0.000  883
  76.863    3712887.293          0.000  915
 105.646    4998208.737          0.000  948
 108.280    5353477.959          0.000  948
 160.894    8122285.116          0.000 1007
 117.839    5431434.437          0.000 1037
 134.618    6680485.253          0.000 1069
 104.260    5624829.726          0.000 1070
 127.990    6998465.393          0.000 1101
 121.019    6097586.452          0.000 1131
  92.155    4943497.490          0.000 1101
 118.069    5883692.526          0.000 1192
 116.220    5463402.725          0.000 1192
  96.030    5183948.671          0.000 1288
 123.366    6090154.301          0.000 1318
  97.808    5354717.538          0.000 1288
  91.191    4805261.894          0.000 1382
 154.744    8165695.984          0.000 1382
 145.378    8052974.330          0.000 1444
  92.842    4469382.601          0.000 1443
  85.199    4513609.851          0.000 1444
 129.993    6642701.081          0.000 1443
 113.098    6140297.391          0.000 1507
 138.156    7738267.595          0.000 1507
  76.410    4098097.019          0.000 1573
  95.522    5048960.191          0.000 1577
  89.997    4585034.674          0.000 1581
  75.365    3963389.417          0.000 1587
 124.335    6536664.674          0.000 1591
  86.272    4215948.896          0.000 1600
 130.188    6312965.268          0.000 1611
  76.225    3685685.675          0.000 1616
 139.974    7097839.075          0.000 1619
 140.997    7860738.727          0.000 1507
 112.557    6062886.718          0.000 1575
 103.199    5470665.564          0.000 1579
  70.784    3595547.076          0.000 1584
  51.040    2663381.240          0.000 1587
 117.730    6335779.445          0.000 1587
 102.390    5352799.274          0.000 1591
  95.905    4907882.129          0.000 1591
  98.142    4900587.296          0.000 1595
 133.632    6790553.340          0.000 1600
  83.186    4059155.409          0.000 1607
 136.358    6439891.326          0.000 1616
 168.076    9177535.367          0.000 1616
 113.980    6236896.448          0.000   15
 118.450    5580076.313          0.000  328
 124.436    6960856.855          0.000  420
 107.970    5070288.150          0.000  635
  50.703    2495830.614          0.000 1131
 141.392    7364439.647          0.000 1192
  63.395    3390667.042          0.000 1288
 500.433   22250091.658          0.000  105
 500.429    4617719.439          0.000  144
 500.720   16137948.837          0.000  150
 500.145   14107841.715          0.000  159
 500.634   30525978.750          0.001  228
 500.574   19585378.575          0.000  179
 500.575   25031998.501          0.000  228
 500.592   27166534.739          0.001  228
 500.307   10959515.227          0.000  238
 500.353   21225477.316          0.000  238
 500.396   15215324.939          0.000  275
 500.204   11402505.831          0.000  375
 500.305   16388869.128          0.000  383
 500.473   27210400.161          0.000  366
 500.281   14210599.502          0.000  457
 500.307   16385847.444          0.000  474
 500.281   24625336.389          0.000  457
 500.376   31940670.183          0.001  542
 500.342   22516462.912          0.000  552
 500.201   16150567.154          0.000  664
 500.257   13638590.302          0.000  665
 500.362   24285374.805          0.000  677
 500.297   18318293.351          0.000  763
 500.524   25443369.370          0.000  715
 500.536   43135685.805          0.001  778
 500.083   13118076.230          0.000  753
 500.242   14176830.184          0.000  774
 500.579   27316371.843          0.001  811
 500.369   21964209.322          0.000  866
 500.431   25278557.099          0.000  805
 500.417   19420516.290          0.000  827
 500.337   26406501.363          0.000  827
 500.366   21761120.966          0.000  902
 500.336   18949228.979          0.000  905
 500.281   14015550.819          0.000  954
 500.407   20580186.458          0.000 1015
 500.417   23947219.253          0.000 1089
 500.473   27167959.572          0.001 1089
 500.149   14121629.738          0.000 1033
 500.344   29124162.316          0.001 1010
 500.412   31066354.908          0.001 1136
 500.123    5870553.567          0.000 1121
 500.264   15562430.683          0.000 1124
 500.264   17705908.961          0.000 1124
 500.312   20908347.068          0.000 1171
 500.172   26060858.026          0.000 1173
 500.282   32872884.092          0.001 1267
 500.587   12707186.156          0.000 1218
 500.275   15908976.301          0.000 1244
 500.295   34909280.136          0.001 1339
 500.280   16337986.185          0.000 1248
 410.604   29403433.129          0.001 1224
 500.228   33543679.449          0.001 1328
 500.112   20730967.176          0.000 1277
 500.359   14695732.511          0.000 1291
 500.228   25400737.860          0.000 1328
 500.295   19493005.248          0.000 1339
 500.295   22764269.356          0.000 1339
 500.423   15439392.949          0.000 1285
 500.471   20201512.057          0.000 1292
 500.331   18286280.915          0.000 1357
 500.277   16372329.213          0.000 1366
 500.417   19570462.323          0.000 1432
 500.387   19913945.559          0.000 1406
 500.428   15709506.800          0.000 1523
 500.313   13814714.699          0.000 1490
 500.313   19732212.937          0.000 1490
 490.994   29483301.907          0.001 1605
 500.316   17265536.995          0.000 1496
 444.009   35324710.651          0.001 1616
 500.322   24582904.493          0.000 1496
 500.387    6107085.591          0.000  751
 500.281    6112822.637          0.000  457
 500.219   22706741.487          0.000 1267
 500.275    6692421.076          0.000 1244
 500.295   25851569.348          0.000 1339
 500.295   10643318.010          0.000 1339
 500.295   11534786.528          0.000 1339
 500.316   12909826.504          0.000 1496
 500.719    6398205.188          0.000  150
 500.145    5976388.031          0.000  159
 500.571    6854221.495          0.000  179
 500.395    5407558.132          0.000  275
 500.204    5124355.342          0.000  375
 500.307    5585777.384          0.000  474
 500.298   19198745.610          0.000  542
 500.200    5140555.361          0.000  664
 500.257    5314011.460          0.000  665
 500.337   14775862.088          0.000  677
 500.382   27619929.642          0.001  778
 500.083    5893766.644          0.000  753
 500.242    5542940.229          0.000  774
 500.430   16816639.720          0.000  805
 500.360    6693928.793          0.000  902
 500.281    4448021.111          0.000  954
 500.149    6428520.061          0.000 1033
 500.264    7028250.531          0.000 1124
 500.264    6542723.365          0.000 1124
 500.172    6557070.215          0.000 1173
 500.587    4361422.781          0.000 1218
 500.280    5611227.990          0.000 1248
 500.228   20185657.461          0.000 1328
 500.112    4940804.719          0.000 1277
 500.228   14273331.083          0.000 1328
 500.313    5611078.189          0.000 1490
 500.313    8281208.464          0.000 1490
 500.281    3879201.567          0.000  457
 500.316   27037267.540          0.001 1496
 500.316    6095980.596          0.000 1496
 500.295    7196160.194          0.000 1339
 500.295    6750796.479          0.000 1339
 329.999   19114911.296          0.000   49
  99.116    4916930.323          0.000   49
 500.369   11238101.660          0.000  866
 363.492   21756919.941          0.000   13
 265.002   14093333.625          0.000   21
 314.392   19241034.356          0.000   21
 315.369   17681142.866          0.000  233
 319.136   15878204.142          0.000  389
 304.817   15514207.672          0.000 1443
 500.366   19229856.407          0.000 1012
 500.370   14726815.658          0.000 1310
 500.408   14963298.152          0.000  682
