   0.000          0.000          0.000    1
   0.000          0.000          0.000    2
   0.000          0.000          0.000    3
   0.000          0.000          0.000    4
   0.000          0.000          0.000    5
   0.000          0.000          0.000    6
   0.000          0.000          0.000    7
   0.000          0.000          0.000    8
   0.000          0.000          0.000    9
   0.000          0.000          0.000   10
   0.000          0.000          0.000   11
   0.000          0.000          0.000   12
   0.000          0.000          0.000   13
   0.000          0.000          0.000   14
   0.000          0.000          0.000   15
   0.000          0.000          0.000   16
   0.000          0.000          0.000   17
   0.000          0.000          0.000   18
   0.000          0.000          0.000   19
   0.000          0.000          0.000   20
   0.000          0.000          0.000   21
   0.000          0.000          0.000   22
   0.000          0.000          0.000   23
   0.000          0.000          0.000   24
   0.000          0.000          0.000   25
   0.000          0.000          0.000   26
   0.000          0.000          0.000   27
   0.000          0.000          0.000   28
   0.000          0.000          0.000   29
   0.000          0.000          0.000   30
   0.000          0.000          0.000   31
   0.000          0.000          0.000   32
   0.000          0.000          0.000   33
   0.000          0.000          0.000   34
   0.000          0.000          0.000   35
   0.000          0.000          0.000   36
   0.000          0.000          0.000   37
   0.000          0.000          0.000   38
   0.000          0.000          0.000   39
   0.000          0.000          0.000   40
   0.000          0.000          0.000   41
   0.000          0.000          0.000   42
   0.000          0.000          0.000   43
   0.000          0.000          0.000   44
   0.000          0.000          0.000   45
   0.000          0.000          0.000   46
   0.000          0.000          0.000   47
   0.000          0.000          0.000   48
   0.000          0.000          0.000   49
   0.000          0.000          0.000   50
   0.000          0.000          0.000   51
   0.000          0.000          0.000   52
 115.924    9026400.330          0.000    3
 134.593   12951671.051          0.000    3
 125.009   10604868.262          0.000    7
 153.645   13509235.378          0.000    7
 111.494    7936747.633          0.000   11
 137.968   14038869.074          0.000   11
 148.312   12422004.268          0.000   15
 129.454   11001379.476          0.000   15
 132.031   11472470.909          0.000   19
 166.848   18280947.980          0.000   21
 125.143    8014201.165          0.000   21
 141.622   15277727.780          0.000   23
 116.695    7183010.253          0.000   26
 136.688   13030863.516          0.000   28
 105.233    7162298.226          0.000   29
 147.750   17255871.540          0.000   31
 170.075   19081462.759          0.000   31
 140.776   14217531.322          0.000   35
 133.682   12060132.116          0.000   37
 135.948   11852950.971          0.000   37
 140.290   13816582.501          0.000   38
 169.256   18280226.782          0.000   42
 161.291   14800353.846          0.000   42
 168.201   17596629.383          0.000   44
 116.954    8133612.287          0.000   45
 134.570   10191811.535          0.000   49
 129.615   11237273.182          0.000  111
   0.000          0.000          0.000   80
   0.000          0.000          0.000   81
 179.970   23783194.290          0.000    3
 200.492          0.000          0.000   83
 156.033   12788482.209          0.000    5
 200.557    9768668.865          0.000   86
 200.556          0.000          0.000   86
 153.717   12154136.417          0.000   11
 171.561   14853757.271          0.000   13
 126.973    8317329.327          0.000   13
 158.213   13778693.655          0.000   15
 156.207   13514931.821          0.000   17
 200.223   13990283.194          0.000  122
 200.209   11921359.687          0.000  122
 163.133   12667731.961          0.000   21
 166.196   13704097.338          0.000   26
 162.709   15382048.184          0.000   26
 150.155   11532620.809          0.000   29
 157.874   13513798.282          0.000   29
 169.232   18283134.158          0.000   31
 156.707   12814401.785          0.000   33
 200.022          0.000          0.000  101
 200.346   18305471.181          0.000  131
 200.233          0.000          0.000  103
 165.812   15563610.938          0.000   40
 200.373          0.000          0.000  105
 200.207   18309699.154          0.000  135
 200.342          0.000          0.000  107
 168.019   14522584.911          0.000   45
 200.566   12142798.740          0.000  138
 126.248    9560674.863          0.000  140
   0.000          0.000          0.000  111
   0.000          0.000          0.000  112
 141.196   10098171.583          0.000  141
 200.502    8503255.831          0.000   83
 200.415    9298531.536          0.000  144
 200.710   12759181.183          0.000   86
 200.219          0.000          0.000  117
 177.954   17758758.821          0.000   13
 176.924   17210223.945          0.000   13
 200.726    7259682.637          0.000  150
 200.380    9107190.220          0.000  122
 200.208          0.000          0.000  122
 200.544   20133551.913          0.000  154
 200.479   10437705.822          0.000  154
 200.479    5670347.895          0.000  154
 193.069   26753399.314          0.001   26
 195.500   26319188.039          0.001   29
 200.133   16767554.273          0.000  159
 200.236   12207475.400          0.000  159
 200.189    6975840.992          0.000  160
 200.263          0.000          0.000  131
 200.263    7173743.421          0.000  131
 200.233    4250474.998          0.000  103
 200.373    6105968.421          0.000  105
 200.207          0.000          0.000  135
 200.435    8595304.167          0.000  107
 200.115          0.000          0.000  137
 200.469          0.000          0.000  138
 141.036   12764334.756          0.000  140
   0.000          0.000          0.000  140
   0.000          0.000          0.000  141
 152.309   12459234.646          0.000  141
 200.498   10181818.283          0.000  144
 200.410          0.000          0.000  144
 200.341          0.000          0.000  145
 200.474   13236709.042          0.000  117
 200.529   15755445.116          0.000  178
 200.472    7312404.703          0.000  178
 200.747   10461177.659          0.000  150
 200.713          0.000          0.000  150
 200.248   17603898.846          0.000  182
 200.282    7046117.424          0.000  182
 200.479    8201939.729          0.000  154
 200.479          0.000          0.000  154
 200.390   12058775.828          0.000  156
 200.378          0.000          0.000  156
 200.349   13558601.323          0.000  187
 200.132    7544871.579          0.000  159
 200.132          0.000          0.000  159
 200.150          0.000          0.000  160
 200.312   11964041.629          0.000  131
 200.546   16447075.597          0.000  103
 200.233    6823505.020          0.000  103
 200.391   11754511.237          0.000  105
 200.295    7801757.082          0.000  135
 200.465   11561359.029          0.000  228
 200.377   12500745.710          0.000  137
 200.496   10348523.319          0.000  138
 135.542   11783143.478          0.000  140
   0.000          0.000          0.000  170
   0.000          0.000          0.000  171
 148.149   11485371.309          0.000  171
 180.201   18094860.434          0.000  171
 200.410    6319512.893          0.000  144
 200.367    6527928.843          0.000  145
 200.461   12906645.450          0.000  206
 200.307   13601713.413          0.000  238
 200.460          0.000          0.000  178
 200.569          0.000          0.000  179
 200.425    9742515.267          0.000  211
 200.207    5513190.833          0.000  182
 200.207          0.000          0.000  182
 200.207    3039123.355          0.000  182
 200.648   10276967.008          0.000  154
 200.476   16104393.407          0.000  246
 200.315   11073978.248          0.000  218
 200.135          0.000          0.000  187
 200.142    8623495.740          0.000  159
 200.275   17628826.741          0.000  222
 200.275    9234969.031          0.000  222
 200.385   14771055.775          0.000  222
 200.234   12599315.103          0.000  103
 200.283   20030620.529          0.000  103
 200.590   23835128.063          0.000  105
 200.391    9478035.056          0.000  228
 200.391    4960344.145          0.000  228
 200.694   12647668.787          0.000  198
 200.470          0.000          0.000  198
 163.092   13397739.059          0.000  170
 108.321    7094105.705          0.000  170
   0.000          0.000          0.000  201
   0.000          0.000          0.000  202
 160.808   14243979.741          0.000  233
 200.526   20465379.112          0.000  144
 200.302    7494065.363          0.000  236
 200.112          0.000          0.000  206
 200.279    4397955.857          0.000  238
 200.405   24198047.377          0.000  275
 200.514   17899131.821          0.000  211
 200.364    5134175.985          0.000  211
 200.363          0.000          0.000  211
 200.207   13010629.230          0.000  182
 200.207    6991294.576          0.000  182
 200.208   14382708.155          0.000  182
 200.339    8722537.207          0.000  246
 200.281    5410065.547          0.000  246
 200.331    9845520.015          0.000  218
 200.278          0.000          0.000  218
 200.135    6683461.085          0.000  187
 200.216   11147646.361          0.000  249
 200.275    8646108.183          0.000  222
 200.275          0.000          0.000  222
 200.275    5889075.566          0.000  222
 200.336   10780563.954          0.000  255
 200.413   14614942.540          0.000  255
 200.528   10203095.726          0.000  257
 200.391    8031999.965          0.000  228
 200.391          0.000          0.000  228
 200.527    9618341.523          0.000  260
 200.310   15162482.831          0.000  296
 142.118   14282355.040          0.000  201
   0.000          0.000          0.000  232
   0.000          0.000          0.000  233
 169.052   21250275.287          0.000  233
 200.365   26163141.674          0.000  236
 200.206          0.000          0.000  236
 200.353   11076103.053          0.000  270
 200.279          0.000          0.000  238
 200.427   22488246.166          0.000  275
 200.368   12485523.527          0.000  275
 200.554   15453873.446          0.000  211
 200.335    9151765.823          0.000  277
 200.414   16084106.557          0.000  182
 200.363   14511577.874          0.000  311
 200.281    6806684.715          0.000  246
 200.281          0.000          0.000  246
 200.281   16137256.629          0.000  246
 200.507   11009799.506          0.000  283
 200.215          0.000          0.000  249
 200.315   11245195.874          0.000  249
 200.454   17320740.712          0.000  222
 200.448   20217558.706          0.000  255
 200.313   11266057.573          0.000  255
 200.313    4704843.440          0.000  255
 200.313          0.000          0.000  255
 200.313    6488550.390          0.000  255
 200.297          0.000          0.000  257
 200.520   14447966.073          0.000  228
 200.326   15548613.796          0.000  260
 200.325          0.000          0.000  260
 200.325    7255282.152          0.000  260
 200.235    6741405.467          0.000  296
 147.851   10509187.484          0.000  298
   0.000          0.000          0.000  264
   0.000          0.000          0.000  265
 179.321   26670421.603          0.001  265
 200.207   26424585.844          0.001  236
 200.207   16651410.622          0.000  236
 200.207    2676187.194          0.000  236
 200.268          0.000          0.000  270
 200.269    6417494.358          0.000  270
 200.343   12815077.804          0.000  238
 200.375   17265614.222          0.000  335
 200.368    4957335.567          0.000  275
 200.368          0.000          0.000  275
 200.355    7259567.865          0.000  277
 200.318          0.000          0.000  277
 200.291   13885506.820          0.000  311
 200.227    3614492.997          0.000  311
 200.344    9828756.593          0.000  246
 200.617   11256930.673          0.000  314
 200.304   11871298.298          0.000  283
 200.257          0.000          0.000  283
 200.383   10110714.504          0.000  249
 200.404    9555650.954          0.000  286
 200.205          0.000          0.000  286
 200.292   10209502.624          0.000  319
 200.313   10006400.628          0.000  255
 200.313    5729550.276          0.000  255
 200.314   14659896.200          0.000  255
 200.531   10620520.952          0.000  257
 200.297   14507158.908          0.000  257
 200.326   13162118.291          0.000  260
 200.325    6492224.677          0.000  260
 200.235    7308285.325          0.000  296
 200.235          0.000          0.000  296
 170.017   17507398.377          0.000  298
   0.000          0.000          0.000  298
   0.000          0.000          0.000  299
 111.959    8156688.355          0.000  265
 171.133   17179942.821          0.000  265
 200.207   10852059.990          0.000  236
 200.207    6191062.500          0.000  236
 200.388   12348950.772          0.000  270
 200.372   16150340.795          0.000  270
 200.363   12420897.902          0.000  335
 200.174    6276008.990          0.000  335
 200.552    9521617.322          0.000  275
 200.436   14631351.729          0.000  277
 200.029          0.000          0.000  310
 200.227          0.000          0.000  311
 200.568   17290494.459          0.000  314
 200.475    8449557.070          0.000  314
 200.475          0.000          0.000  314
 200.347   16721766.587          0.000  283
 200.258    9961827.167          0.000  283
 200.205   10773733.500          0.000  286
 200.205    6027048.296          0.000  286
 200.205          0.000          0.000  319
 200.304          0.000          0.000  320
 200.450   13410972.082          0.000  255
 200.584   19591762.220          0.000  383
 200.280   11758761.294          0.000  354
 200.252    5901793.984          0.000  354
 200.563   16772506.587          0.000  260
 200.334   16647352.885          0.000  296
 175.670   21640582.605          0.000  328
   0.000          0.000          0.000  328
   0.000          0.000          0.000  329
 159.049   13640014.011          0.000  329
 200.384   20933302.441          0.000  236
 200.207   13276068.572          0.000  236
 200.314    7488250.339          0.000  364
 200.500   17306272.319          0.000  366
 200.174          0.000          0.000  335
 200.586   13146227.806          0.000  368
 200.365    7760598.883          0.000  368
 200.365   15407235.603          0.000  368
 200.417          0.000          0.000  339
 200.400   14458456.368          0.000  311
 200.227    4948264.252          0.000  311
 200.227    8537548.966          0.000  311
 200.282          0.000          0.000  343
 200.615   15292732.331          0.000  314
 200.264          0.000          0.000  345
 200.455   17060259.388          0.000  408
 200.247   15987819.859          0.000  286
 200.205    4043351.992          0.000  319
 200.402    8036836.269          0.000  320
 200.389   10445502.315          0.000  382
 200.274   10832857.697          0.000  382
 200.274    5904872.409          0.000  383
 200.252    6107097.018          0.000  354
 200.252          0.000          0.000  354
 200.207    9530562.199          0.000  416
 200.235   16186018.738          0.000  416
 200.244          0.000          0.000  357
 156.656   13448275.545          0.000  328
   0.000          0.000          0.000  359
   0.000          0.000          0.000  360
 170.931   20622935.898          0.000  329
 200.426   10560550.483          0.000  392
 200.518    7474386.939          0.000  394
 200.310          0.000          0.000  364
 200.304    7332314.422          0.000  366
 200.285          0.000          0.000  366
 200.365    9376182.241          0.000  368
 200.365          0.000          0.000  368
 200.365    3891946.775          0.000  368
 200.513   24331933.004          0.000  429
 200.331   19701844.046          0.000  311
 200.227   11857620.210          0.000  311
 200.314   17108911.096          0.000  311
 200.227   21517744.398          0.000  311
 200.188          0.000          0.000  375
 200.358   13786964.644          0.000  406
 200.319   15902381.512          0.000  408
 200.309    6986377.678          0.000  408
 200.205   15251345.546          0.000  319
 200.277   15053441.283          0.000  319
 200.289    8381868.063          0.000  382
 200.274          0.000          0.000  382
 200.274          0.000          0.000  383
 200.296   13611741.188          0.000  354
 200.436   11362039.397          0.000  354
 200.207    3852949.829          0.000  416
 200.468   16799725.336          0.000  448
 158.844   13075078.235          0.000  389
   0.000          0.000          0.000  389
   0.000          0.000          0.000  390
 175.391   23222523.529          0.000  420
 200.342          0.000          0.000  392
 200.404    5022716.669          0.000  394
 200.404          0.000          0.000  394
 200.536   12978875.066          0.000  424
 200.286    8362388.482          0.000  366
 200.286    5096384.028          0.000  366
 200.446    8906851.290          0.000  368
 200.364    7220389.178          0.000  429
 200.364   11187848.621          0.000  429
 200.421   12019496.957          0.000  432
 200.262   13363413.317          0.000  404
 200.251    5261433.514          0.000  404
 200.251          0.000          0.000  404
 200.313   13692707.138          0.000  375
 200.161          0.000          0.000  406
 200.420   11914794.511          0.000  437
 200.309          0.000          0.000  408
 200.246    8198281.226          0.000  439
 200.296    9569603.520          0.000  441
 200.274   16710780.297          0.000  382
 200.274    4996971.007          0.000  382
 200.274    5350141.240          0.000  383
 200.421   16420107.723          0.000  445
 200.315    7604005.655          0.000  445
 200.207          0.000          0.000  416
 200.467    6045228.954          0.000  448
 170.444   19814825.786          0.000  419
   0.000          0.000          0.000  419
   0.000          0.000          0.000  420
 156.113   13613734.529          0.000  420
 200.450   10795573.270          0.000  392
 200.487    9544850.156          0.000  424
 200.487          0.000          0.000  424
 200.487    5384094.778          0.000  424
 200.317   13204449.980          0.000  366
 200.286   11598416.817          0.000  366
 200.474   15387654.487          0.000  429
 200.364          0.000          0.000  429
 200.364    6150921.506          0.000  429
 200.364   12033837.852          0.000  429
 200.210          0.000          0.000  432
 200.272   10484663.292          0.000  404
 200.391   12251213.750          0.000  466
 200.295   17189212.524          0.000  467
 200.634   18922114.899          0.000  406
 200.207          0.000          0.000  437
 200.250   10708706.427          0.000  439
 200.246          0.000          0.000  439
 200.246    7560495.087          0.000  439
 200.214          0.000          0.000  441
 200.504   14096781.341          0.000  382
 200.410   12427220.531          0.000  383
 200.415    9500457.723          0.000  474
 200.315          0.000          0.000  445
 200.246    8873181.099          0.000  416
 200.683   17993278.393          0.000  448
 200.467          0.000          0.000  448
 137.897   12800598.767          0.000  419
   0.000          0.000          0.000  450
   0.000          0.000          0.000  451
 154.361   14143045.946          0.000  420
 200.576    8848962.124          0.000  484
 200.407   11014897.827          0.000  486
 200.573    9935422.876          0.000  424
 200.358    7241009.395          0.000  457
 200.242          0.000          0.000  457
 200.584   24877813.078          0.000  366
 200.399   12365023.152          0.000  429
 200.364    4531210.101          0.000  429
 200.388   18214277.712          0.000  525
 200.674   27589632.974          0.001  429
 200.377   19496376.388          0.000  529
 200.313   10677217.101          0.000  529
 200.587   11830687.441          0.000  466
 200.391          0.000          0.000  466
 200.093          0.000          0.000  467
 200.081          0.000          0.000  468
 200.603   12569679.956          0.000  501
 200.285    6680978.691          0.000  439
 200.142   18519515.252          0.000  536
 200.134   13114278.190          0.000  536
 200.576   16219296.724          0.000  538
 200.266          0.000          0.000  474
 200.300   12620131.132          0.000  474
 200.315    5540397.895          0.000  445
 200.315   11260702.282          0.000  445
 200.662   18065988.993          0.000  448
 200.483    7347964.643          0.000  448
 131.407   10656341.385          0.000  450
   0.000          0.000          0.000  481
   0.000          0.000          0.000  482
 159.345   15031174.350          0.000  482
 200.550          0.000          0.000  484
 200.407   12070621.791          0.000  486
 200.407          0.000          0.000  486
 200.656   18340264.795          0.000  486
 200.313   16581974.712          0.000  457
 200.242    8034880.194          0.000  457
 200.365   20083038.855          0.000  429
 200.364   13037627.867          0.000  429
 200.245   13962508.506          0.000  525
 200.237    5690278.404          0.000  525
 200.450   15224008.397          0.000  525
 200.390   19351938.476          0.000  529
 200.313    4785694.569          0.000  529
 200.424    8551421.529          0.000  466
 200.236          0.000          0.000  498
 200.335   17537972.753          0.000  532
 200.373   13164926.073          0.000  532
 200.317          0.000          0.000  501
 200.416    9643526.307          0.000  503
 200.301          0.000          0.000  503
 200.121    2552914.940          0.000  536
 200.122    6932296.721          0.000  536
 200.261   18427150.932          0.000  536
 200.409    7149740.912          0.000  538
 200.393    9148294.736          0.000  474
 200.407   11624668.999          0.000  445
 200.372   19442887.262          0.000  445
 200.308   11120794.782          0.000  542
 129.274   10873872.841          0.000  481
   0.000          0.000          0.000  513
   0.000          0.000          0.000  514
 158.992   14138587.549          0.000  514
 200.600   23227639.294          0.000  486
 200.407    7952943.917          0.000  486
 200.407    5247966.821          0.000  486
 200.451    8302345.361          0.000  520
 200.451          0.000          0.000  520
 200.445   16513184.666          0.000  552
 200.541    7375933.917          0.000  523
 200.526          0.000          0.000  523
 200.417   17706914.637          0.000  525
 200.237          0.000          0.000  525
 200.237    5552646.867          0.000  525
 200.607   19834630.220          0.000  588
 200.358    7444466.855          0.000  529
 200.313          0.000          0.000  529
 200.248    7690827.252          0.000  498
 200.373    9011791.485          0.000  532
 200.286          0.000          0.000  532
 200.398   17295998.597          0.000  565
 200.215    9522187.676          0.000  565
 200.528   10560713.257          0.000  503
 200.121          0.000          0.000  536
 200.197   22455389.788          0.000  597
 200.382          0.000          0.000  538
 200.382    5225979.481          0.000  538
 200.272    5749304.251          0.000  571
 200.427    8226367.992          0.000  572
 200.244          0.000          0.000  542
 200.244    5145634.648          0.000  542
 145.526   10575552.951          0.000  575
   0.000          0.000          0.000  545
   0.000          0.000          0.000  546
 140.193   10580806.695          0.000  546
 200.469          0.000          0.000  548
 200.563   18210554.828          0.000  486
 200.249    6947865.052          0.000  580
 200.584    9751166.874          0.000  520
 200.314          0.000          0.000  552
 200.314    8179280.269          0.000  552
 200.156    6303221.050          0.000  583
 200.641   11191780.822          0.000  523
 200.314    6518334.588          0.000  585
 200.237    6313101.319          0.000  525
 200.237    6838579.194          0.000  525
 200.439    7861424.514          0.000  588
 200.313    8672098.266          0.000  529
 200.505    9566537.624          0.000  590
 200.422   10462648.729          0.000  591
 200.334   11183022.621          0.000  532
 200.286   10400278.388          0.000  532
 200.214          0.000          0.000  565
 200.214    5178871.880          0.000  565
 200.104    6003902.444          0.000  595
 200.110    7978256.568          0.000  597
 200.563   11613284.946          0.000  538
 200.462   12359710.560          0.000  571
 200.272          0.000          0.000  571
 200.237          0.000          0.000  572
 200.244    6445105.869          0.000  542
 184.582   20247542.527          0.000  575
   0.000          0.000          0.000  575
   0.000          0.000          0.000  576
 167.737   18539158.351          0.000  576
 181.800   20332994.699          0.000  546
 200.553   20654459.990          0.000  580
 200.249          0.000          0.000  580
 200.283   16491825.592          0.000  580
 200.314    5387840.345          0.000  552
 200.156          0.000          0.000  583
 200.314    6768994.766          0.000  585
 200.314          0.000          0.000  585
 200.434   17248134.301          0.000  525
 200.246   14610038.691          0.000  525
 200.439          0.000          0.000  588
 200.540   18651396.700          0.000  529
 200.348          0.000          0.000  590
 200.194          0.000          0.000  591
 200.225          0.000          0.000  592
 200.419   15587469.384          0.000  565
 200.560   21559703.593          0.000  658
 200.086          0.000          0.000  595
 200.110    7203275.974          0.000  597
 200.110          0.000          0.000  597
 200.279    8938781.224          0.000  629
 200.276   10005844.590          0.000  630
 200.276   10526127.151          0.000  601
 200.142          0.000          0.000  601
 200.349   15577574.300          0.000  665
 124.514    9277540.327          0.000  575
   0.000          0.000          0.000  604
   0.000          0.000          0.000  605
 171.873   20648503.543          0.000  605
 174.558   16460129.901          0.000  636
 200.277   17024756.349          0.000  580
 200.249    7890231.160          0.000  580
 200.249    6386388.171          0.000  580
 200.388   22966817.771          0.000  673
 200.330   13366195.751          0.000  552
 200.328   10946221.403          0.000  583
 200.453   14666074.242          0.000  585
 200.461   12267244.512          0.000  585
 200.328   14112684.852          0.000  679
 200.461    6487715.580          0.000  588
 200.594   21453901.910          0.000  652
 200.271    9248890.240          0.000  652
 200.284   13783205.088          0.000  591
 200.194    5413759.526          0.000  591
 200.587   11341632.514          0.000  654
 200.409    8783630.173          0.000  656
 200.127          0.000          0.000  624
 200.300    9205475.965          0.000  658
 200.300    6287472.099          0.000  658
 200.163   14369471.397          0.000  597
 200.279    2260447.220          0.000  629
 200.278          0.000          0.000  629
 200.180          0.000          0.000  630
 200.200   13617252.257          0.000  663
 200.561   13197929.822          0.000  665
 200.219    6620285.426          0.000  665
 165.909   16125074.467          0.000  635
   0.000          0.000          0.000  635
   0.000          0.000          0.000  636
 131.826    9130333.265          0.000  636
 177.269   17415761.958          0.000  636
 200.519   13525222.728          0.000  671
 200.249   14071324.169          0.000  580
 200.270   10150082.747          0.000  673
 200.197          0.000          0.000  642
 200.162          0.000          0.000  643
 200.187          0.000          0.000  644
 200.272    9455419.406          0.000  644
 200.420   14559634.806          0.000  679
 200.294    3641753.338          0.000  679
 200.294    7595899.565          0.000  679
 200.551    8769328.298          0.000  650
 200.535          0.000          0.000  650
 200.274   11000029.945          0.000  652
 200.271          0.000          0.000  652
 200.338   16708390.247          0.000  591
 200.371          0.000          0.000  654
 200.280    5925777.381          0.000  656
 200.280          0.000          0.000  656
 200.300    8803177.065          0.000  658
 200.300          0.000          0.000  658
 200.301   17137958.638          0.000  658
 200.279    7763409.841          0.000  629
 200.518   11010027.584          0.000  629
 200.288    8741254.274          0.000  629
 200.200          0.000          0.000  663
 200.160          0.000          0.000  664
 200.219          0.000          0.000  665
 151.327   12223630.506          0.000  635
   0.000          0.000          0.000  667
   0.000          0.000          0.000  668
 124.701   10210718.448          0.000  699
 200.237    7530726.898          0.000  701
 200.278          0.000          0.000  671
 200.273   20580282.061          0.000  580
 200.270          0.000          0.000  673
 200.270    8189109.360          0.000  673
 200.530   18851056.314          0.000  706
 200.601   18636716.846          0.000  644
 200.305          0.000          0.000  677
 200.327   11621107.396          0.000  679
 200.294          0.000          0.000  679
 200.294   10122331.079          0.000  679
 200.532   12702400.071          0.000  711
 200.257          0.000          0.000  682
 200.257    8459017.047          0.000  682
 200.551   17635542.774          0.000  715
 200.352    6465426.595          0.000  715
 200.372    8585359.290          0.000  654
 200.371    5548187.259          0.000  654
 200.280    6167289.167          0.000  656
 200.494   18127858.503          0.000  658
 200.338    9023665.324          0.000  658
 200.279   13364468.963          0.000  629
 200.279   17386710.221          0.000  629
 200.481   18115252.013          0.000  629
 200.466   10828529.247          0.000  663
 200.397    9561675.793          0.000  664
 200.219    8836698.276          0.000  665
 126.576    9391322.214          0.000  698
   0.000          0.000          0.000  698
   0.000          0.000          0.000  699
 161.186   15528170.210          0.000  699
 200.219          0.000          0.000  701
 200.390   12432616.742          0.000  671
 200.352   12107805.023          0.000  673
 200.529   18115927.486          0.000  673
 200.320    4666978.341          0.000  706
 200.320          0.000          0.000  706
 200.319    8230430.443          0.000  677
 200.121          0.000          0.000  708
 200.317   10463801.271          0.000  740
 200.481    5341096.032          0.000  711
 200.481          0.000          0.000  711
 200.409    9340985.553          0.000  682
 200.539   15472430.563          0.000  715
 200.353    5800538.186          0.000  715
 200.352          0.000          0.000  715
 200.490   13755290.780          0.000  654
 200.436   14366115.700          0.000  656
 200.485   20256741.166          0.000  778
 200.283   11976421.872          0.000  778
 200.283   10311728.733          0.000  778
 200.357   23685723.083          0.000  629
 200.353    9692839.718          0.000  751
 200.302   11025248.907          0.000  752
 200.493   20319654.452          0.000  754
 200.394    9746872.074          0.000  754
 200.232   16974242.079          0.000  665
 200.310   10390407.625          0.000  757
 139.160   13316916.810          0.000  698
   0.000          0.000          0.000  729
   0.000          0.000          0.000  730
 163.055   16721744.422          0.000  699
 200.384   13088003.762          0.000  762
 200.423   13810713.101          0.000  762
 200.297   12578264.286          0.000  763
 200.456   20930059.185          0.000  826
 200.323          0.000          0.000  736
 200.577   12181088.450          0.000  706
 200.299   11751798.020          0.000  768
 200.278    8154438.417          0.000  708
 200.114          0.000          0.000  740
 200.505   14477835.959          0.000  711
 200.481    5471292.361          0.000  711
 200.244          0.000          0.000  743
 200.362   13830095.182          0.000  715
 200.378    8044390.159          0.000  715
 200.362    7263118.629          0.000  775
 200.513   18696464.330          0.000  777
 200.327    7990315.592          0.000  777
 200.283    3296264.441          0.000  778
 200.403   19501595.566          0.000  778
 200.353          0.000          0.000  751
 200.284          0.000          0.000  752
 200.079          0.000          0.000  753
 200.363          0.000          0.000  754
 200.363    4488797.870          0.000  754
 200.276    6286014.703          0.000  757
 200.276          0.000          0.000  757
 130.773   10841313.721          0.000  788
   0.000          0.000          0.000  759
   0.000          0.000          0.000  760
 157.695   13848422.166          0.000  760
 200.315          0.000          0.000  762
 200.237          0.000          0.000  763
 200.238    6078602.844          0.000  763
 200.352   12043795.771          0.000  826
 200.338   10619130.201          0.000  736
 200.230          0.000          0.000  767
 200.299          0.000          0.000  768
 200.382    7139576.742          0.000  799
 200.498   14820259.694          0.000  799
 200.617   13784160.050          0.000  711
 200.481   10902147.831          0.000  743
 200.617   12363929.540          0.000  805
 200.239          0.000          0.000  774
 200.273          0.000          0.000  775
 200.355   10233414.720          0.000  777
 200.327          0.000          0.000  777
 200.283          0.000          0.000  778
 200.404    7616770.900          0.000  811
 200.578   14162133.463          0.000  751
 200.584   13012195.566          0.000  752
 200.088    6948523.288          0.000  753
 200.363    7925737.463          0.000  754
 200.410   10612101.334          0.000  754
 200.276   12798522.505          0.000  757
 200.216    6156905.785          0.000  787
 200.216          0.000          0.000  787
   0.000          0.000          0.000  788
   0.000          0.000          0.000  789
 159.474   14599059.809          0.000  789
 200.318    9044379.727          0.000  762
 200.238    6813197.191          0.000  763
 200.594   20589178.670          0.000  826
 200.352    5197520.874          0.000  826
 200.481   12761379.777          0.000  827
 200.308   12933219.225          0.000  827
 200.353    6177281.697          0.000  768
 200.493   16445117.480          0.000  799
 200.382          0.000          0.000  799
 200.382    6930478.917          0.000  799
 200.481          0.000          0.000  801
 200.359   10267292.982          0.000  866
 200.558   19286984.671          0.000  805
 200.379    8061101.581          0.000  805
 200.379          0.000          0.000  805
 200.379    6067455.706          0.000  805
 200.166   12813806.683          0.000  839
 200.332    8718258.085          0.000  777
 200.167   11570601.676          0.000  841
 200.356    6923801.809          0.000  811
 200.356          0.000          0.000  811
 200.356    8302937.153          0.000  811
 200.378    5935353.764          0.000  844
 200.476   17817781.660          0.000  846
 200.268    5771581.589          0.000  846
 200.463   16790926.122          0.000  754
 200.585   25351186.603          0.001  757
 200.243   12747820.661          0.000  787
 133.196   11222879.817          0.000  788
   0.000          0.000          0.000  820
   0.000          0.000          0.000  821
 173.042   21500725.595          0.000  789
 200.248   10491126.759          0.000  855
 200.327   12228594.265          0.000  855
 200.373   21479670.338          0.000  763
 200.351          0.000          0.000  826
 200.307          0.000          0.000  827
 200.307    3191625.324          0.000  827
 200.308    7623569.549          0.000  827
 200.279          0.000          0.000  830
 200.279    3817614.323          0.000  830
 200.405    6570688.602          0.000  799
 200.583    8405778.422          0.000  801
 200.358   13927771.602          0.000  866
 200.358    4301071.502          0.000  866
 200.379    8306470.457          0.000  805
 200.379   10644764.603          0.000  805
 200.294   11727149.525          0.000  839
 200.164          0.000          0.000  839
 200.262   22351983.028          0.000  841
 200.152          0.000          0.000  841
 200.469   12814398.247          0.000  811
 200.378    6565029.542          0.000  844
 200.377          0.000          0.000  844
 200.284   10124057.281          0.000  846
 200.268          0.000          0.000  846
 200.535   13351207.582          0.000  848
 200.459          0.000          0.000  848
 200.328   24082994.065          0.000  787
 143.659    9680454.451          0.000  820
   0.000          0.000          0.000  851
   0.000          0.000          0.000  852
 121.025    9977110.040          0.000  821
 174.611   19666653.398          0.000  821
 200.226          0.000          0.000  855
 200.302          0.000          0.000  856
 200.472          0.000          0.000  857
 200.353    5939778.553          0.000  826
 200.315    4977517.385          0.000  827
 200.270   15011231.934          0.000  890
 200.308   12380853.847          0.000  827
 200.618   18757629.826          0.000  830
 200.486    6224896.520          0.000  894
 200.372   11241087.624          0.000  929
 200.408    9075741.532          0.000  866
 200.358          0.000          0.000  866
 200.656   23734563.927          0.000  805
 200.530   18887761.273          0.000  933
 200.332    7525537.633          0.000  870
 200.324          0.000          0.000  870
 200.491   13833816.880          0.000  839
 200.206          0.000          0.000  872
 200.428   13646321.031          0.000  905
 200.308    6784680.425          0.000  905
 200.419   13149197.527          0.000  844
 200.534   14060642.327          0.000  844
 200.660   17958506.448          0.000  846
 200.349          0.000          0.000  878
 200.507    8814399.932          0.000  848
 192.466   21712581.083          0.000  915
 165.162   15320017.180          0.000  915
   0.000          0.000          0.000  882
   0.000          0.000          0.000  883
 157.176   13930366.634          0.000  883
 200.183    7044749.239          0.000  886
 200.183          0.000          0.000  886
 200.649   13694199.369          0.000  857
 200.512   16823093.778          0.000  826
 200.492   20920076.880          0.000  890
 200.270          0.000          0.000  890
 200.322   21648032.156          0.000  827
 200.558   12162527.681          0.000  926
 200.486    7535133.599          0.000  894
 200.486          0.000          0.000  894
 200.372   13917086.848          0.000  929
 200.372    5398566.483          0.000  929
 200.372   10131850.491          0.000  929
 200.383    6018859.055          0.000  866
 200.405   14333841.411          0.000  931
 200.222    7318729.735          0.000  933
 200.430   23421819.534          0.000  933
 200.357          0.000          0.000  902
 200.206    4849923.109          0.000  872
 200.308    5092783.539          0.000  905
 200.308          0.000          0.000  905
 200.308    5000538.252          0.000  905
 200.308   12813292.360          0.000  905
 200.385    9340517.080          0.000  909
 200.298          0.000          0.000  909
 200.470   11189622.847          0.000  878
 200.227          0.000          0.000  911
 193.147   22370889.309          0.000  915
 176.098   15306559.860          0.000  915
 133.523    8485565.152          0.000  915
   0.000          0.000          0.000  915
   0.000          0.000          0.000  916
  92.670    5904198.798          0.000  949
 200.261   19911039.333          0.000  886
 200.204    9424005.912          0.000  886
 200.600   11033275.345          0.000  921
 200.442          0.000          0.000  921
 200.350   15721757.772          0.000  890
 200.270    7350735.342          0.000  890
 200.270    5427165.493          0.000  890
 200.418   29849161.289          0.001  827
 200.488          0.000          0.000  926
 200.666   19020203.498          0.000  894
 200.537   23238489.843          0.000  929
 200.372          0.000          0.000  929
 200.335    8275040.599          0.000  931
 200.335          0.000          0.000  931
 200.335    4722426.697          0.000  931
 200.221          0.000          0.000  933
 200.222    7383611.946          0.000  933
 200.316          0.000          0.000  935
 200.332    9303740.270          0.000  935
 200.423   15771193.058          0.000  872
 200.372   13043454.452          0.000  905
 200.519   16464404.642          0.000  905
 200.331   13162507.077          0.000  905
 200.488   15724145.276          0.000  971
 200.238    6613387.445          0.000  971
 200.398   16973267.596          0.000  911
 200.271    7689283.264          0.000  911
 200.246    8057300.953          0.000  946
 200.245          0.000          0.000  946
 158.539   13484565.786          0.000  948
   0.000          0.000          0.000  948
   0.000          0.000          0.000  949
 163.700   15139019.902          0.000  949
 200.043          0.000          0.000  951
 200.347   12771464.424          0.000 1012
 200.450    7487874.073          0.000  921
 200.256          0.000          0.000  954
 200.409   14137403.770          0.000 1015
 200.462   18345359.030          0.000 1017
 200.543   10167012.511          0.000  926
 200.533   19855417.527          0.000  929
 200.372    8740461.380          0.000  929
 200.372    3638546.382          0.000  929
 200.662   14662941.904          0.000  929
 200.358   10265928.179          0.000  993
 200.451   19718947.391          0.000  993
 200.350   11479295.521          0.000  933
 200.369   17307897.046          0.000 1089
 200.625   21245069.457          0.000 1089
 200.552   26727674.569          0.001 1089
 200.171          0.000          0.000  968
 200.175    8049111.550          0.000  968
 200.543   18146030.997          0.000 1032
 200.238          0.000          0.000  971
 200.262   14597950.935          0.000 1033
 200.374   14346139.192          0.000  946
 200.284   13887433.872          0.000 1005
 155.026   12255821.048          0.000  948
   0.000          0.000          0.000  976
   0.000          0.000          0.000  977
 123.436   10368885.810          0.000 1008
 200.514   11530068.308          0.000 1010
 200.369   15715111.286          0.000 1012
 200.265    4771936.573          0.000 1012
 200.372   10212829.340          0.000 1013
 200.276    8045851.314          0.000  954
 200.272    6661750.567          0.000 1015
 200.559   17072856.118          0.000 1017
 200.352    6717552.112          0.000 1017
 200.279    4789401.882          0.000 1018
 200.602   21071740.588          0.000  929
 200.372    8754278.910          0.000  929
 200.229    9378315.175          0.000  991
 200.165          0.000          0.000  991
 200.202    7192456.290          0.000  993
 200.202          0.000          0.000  993
 200.202    7620939.667          0.000  993
 200.376    9618981.857          0.000 1025
 200.369   11647517.888          0.000 1089
 200.369    9847177.542          0.000 1089
 200.377   17621646.183          0.000 1089
 200.433          0.000          0.000  999
 200.171    7907726.068          0.000  968
 200.467   17331983.794          0.000 1032
 200.285    5129052.529          0.000 1032
 200.122    5487208.420          0.000 1033
 200.458   17691027.820          0.000 1065
 200.277          0.000          0.000 1005
 172.564   19136652.024          0.000 1007
   0.000          0.000          0.000 1007
   0.000          0.000          0.000 1008
 167.876   16474813.828          0.000 1008
 200.324          0.000          0.000 1010
 200.433   11327768.392          0.000 1012
 200.265          0.000          0.000 1012
 200.127          0.000          0.000 1013
 200.532   19228638.226          0.000  954
 200.272          0.000          0.000 1015
 200.352   10039236.471          0.000 1017
 200.352          0.000          0.000 1017
 200.275          0.000          0.000 1018
 200.585   27751142.705          0.001  929
 200.406   17196763.041          0.000  929
 200.456    9750883.797          0.000 1052
 200.435   18551520.080          0.000  993
 200.202   11349751.556          0.000  993
 200.314    9048987.186          0.000 1025
 200.314          0.000          0.000 1025
 200.369   20288946.344          0.000 1089
 200.369    4824161.570          0.000 1089
 200.408   15132519.450          0.000 1089
 200.567    8248684.831          0.000  999
 200.145          0.000          0.000 1030
 200.247   22605381.859          0.000  968
 200.284          0.000          0.000 1032
 200.122          0.000          0.000 1033
 200.312    5906134.984          0.000 1065
 200.480   10302797.415          0.000 1005
 164.793   15114625.808          0.000 1037
   0.000          0.000          0.000 1037
   0.000          0.000          0.000 1038
 105.246    7389232.490          0.000 1008
 200.324    4714888.787          0.000 1010
 200.324    8770920.213          0.000 1010
 200.420   19251938.572          0.000 1012
 200.265    8835739.128          0.000 1012
 200.289    9385921.933          0.000 1075
 200.127          0.000          0.000 1045
 200.163   12075950.152          0.000 1045
 200.285          0.000          0.000 1047
 200.520   13534281.423          0.000 1017
 200.355   15405379.725          0.000 1112
 200.329   10543092.389          0.000 1112
 200.342    7968522.810          0.000 1052
 200.342          0.000          0.000 1052
 200.486   29073192.127          0.001 1117
 200.139          0.000          0.000 1054
 200.314    6279122.363          0.000 1025
 200.599   15014863.766          0.000 1089
 200.369    2697111.415          0.000 1089
 200.369    6027913.985          0.000 1089
 200.363   12425023.921          0.000 1091
 200.475   18003300.913          0.000 1062
 200.267    9186532.033          0.000 1062
 200.243          0.000          0.000 1062
 200.307   14657899.071          0.000 1032
 200.312    8154897.689          0.000 1065
 200.312          0.000          0.000 1065
 200.312    7347276.351          0.000 1065
 200.167          0.000          0.000 1067
 169.023   17519185.191          0.000 1069
   0.000          0.000          0.000 1069
   0.000          0.000          0.000 1070
 159.083   14640964.264          0.000 1070
 200.324   14651295.285          0.000 1010
 200.581   17636568.035          0.000 1136
 200.370    6019799.350          0.000 1075
 200.289          0.000          0.000 1075
 200.167    7193015.721          0.000 1045
 200.127    4952982.673          0.000 1045
 200.250   17834114.797          0.000 1140
 200.509   21177858.089          0.000 1171
 200.439   25973074.098          0.000 1112
 200.546   19222066.698          0.000 1112
 200.329    4943854.960          0.000 1112
 200.342    6950558.632          0.000 1052
 200.284   12888710.649          0.000 1117
 200.284    6824472.744          0.000 1117
 200.553   16249356.484          0.000 1025
 200.291    9578548.198          0.000 1119
 200.369    9703259.647          0.000 1089
 200.368          0.000          0.000 1089
 200.645   23508900.550          0.000 1089
 200.129          0.000          0.000 1091
 200.292    8683752.549          0.000 1124
 200.206          0.000          0.000 1093
 200.323   19586780.094          0.000 1065
 200.312    8292679.044          0.000 1065
 200.336   13580743.995          0.000 1065
 189.908   22896790.215          0.000 1131
 152.533   10500258.623          0.000 1131
  95.744    5143449.776          0.000 1131
   0.000          0.000          0.000 1100
   0.000          0.000          0.000 1101
 162.472   15740102.942          0.000 1101
 200.372   13883101.707          0.000 1136
 200.372    6976775.616          0.000 1136
 200.397   24761317.883          0.000 1075
 200.289    6152265.758          0.000 1075
 200.127   11602641.790          0.000 1045
 200.235    4644070.094          0.000 1140
 200.322   10804075.404          0.000 1141
 200.298   11891021.275          0.000 1171
 200.329    4765093.325          0.000 1112
 200.329          0.000          0.000 1112
 200.538   10186351.509          0.000 1145
 200.523   22542805.082          0.000 1117
 200.284   12451923.168          0.000 1117
 200.284    5078596.681          0.000 1117
 200.284          0.000          0.000 1117
 200.536   13382370.347          0.000 1119
 200.290          0.000          0.000 1119
 200.386   15470387.804          0.000 1089
 200.104          0.000          0.000 1121
 200.277          0.000          0.000 1122
 200.339   10440571.323          0.000 1124
 200.231          0.000          0.000 1124
 200.212    6290415.212          0.000 1093
 200.294   16272399.015          0.000 1127
 200.294          0.000          0.000 1127
 200.465   24455305.843          0.000 1065
 183.684   17202387.136          0.000 1131
 163.673   14862298.986          0.000 1131
   0.000          0.000          0.000 1131
   0.000          0.000          0.000 1132
 146.884   11847299.494          0.000 1101
 200.527   17641913.753          0.000 1136
 200.372    6650663.175          0.000 1136
 200.372          0.000          0.000 1136
 200.297   18039827.295          0.000 1075
 200.335   16184424.307          0.000 1168
 200.143   22437292.425          0.000 1045
 200.235          0.000          0.000 1140
 200.178          0.000          0.000 1141
 200.270    6197150.745          0.000 1171
 200.329    7943534.379          0.000 1112
 200.378   13220240.312          0.000 1173
 200.454          0.000          0.000 1145
 200.396   12595550.787          0.000 1175
 200.284   16211114.922          0.000 1117
 200.462   13660408.578          0.000 1117
 200.328   11631052.047          0.000 1119
 200.147          0.000          0.000 1150
 200.266   10310518.451          0.000 1121
 200.287    7418588.649          0.000 1122
 200.399   18752938.129          0.000 1124
 200.231    7043962.955          0.000 1124
 200.401   12655900.001          0.000 1186
 200.294    5115124.954          0.000 1127
 200.336   11251950.050          0.000 1127
 200.466   19234878.615          0.000 1220
 195.344   24346825.092          0.000 1131
 157.371   12800339.342          0.000 1192
   0.000          0.000          0.000 1161
   0.000          0.000          0.000 1162
 178.141   18024964.401          0.000 1101
 200.462   10413520.103          0.000 1197
 200.372    5526078.283          0.000 1136
 200.336    8339058.539          0.000 1167
 200.262          0.000          0.000 1167
 200.068          0.000          0.000 1168
 200.247    7501333.681          0.000 1140
 200.439   11503546.606          0.000 1171
 200.270          0.000          0.000 1171
 200.329   22650448.114          0.000 1112
 200.134          0.000          0.000 1173
 200.520   12380059.226          0.000 1175
 200.207          0.000          0.000 1175
 200.231   11306757.595          0.000 1177
 200.170          0.000          0.000 1177
 200.457   16805160.734          0.000 1180
 200.175    4389948.039          0.000 1180
 200.174          0.000          0.000 1180
 200.250   10950785.717          0.000 1182
 200.188          0.000          0.000 1182
 200.415   10342122.944          0.000 1184
 200.311          0.000          0.000 1184
 200.408   11395160.515          0.000 1186
 200.350          0.000          0.000 1186
 200.712   12253805.170          0.000 1218
 200.446   18445709.334          0.000 1127
 200.266    7693506.846          0.000 1220
 200.489          0.000          0.000 1190
 161.702   13879606.334          0.000 1192
   0.000          0.000          0.000 1192
   0.000          0.000          0.000 1193
 115.437    8475824.950          0.000 1225
 200.548   17581605.368          0.000 1197
 200.399    6224325.161          0.000 1197
 200.399          0.000          0.000 1197
 200.444   16944394.298          0.000 1260
 200.262   10014313.936          0.000 1167
 200.262    7722928.413          0.000 1167
 200.243    7589867.028          0.000 1202
 200.220          0.000          0.000 1202
 200.281    9774273.432          0.000 1234
 200.420   23822220.018          0.000 1267
 200.198   15189999.412          0.000 1267
 200.372   12588301.058          0.000 1173
 200.134    6765831.366          0.000 1173
 200.208    6889912.842          0.000 1175
 200.170   13874045.509          0.000 1177
 200.359   11548099.471          0.000 1177
 200.175   11619933.817          0.000 1180
 200.365   12530578.463          0.000 1244
 200.188    7394454.670          0.000 1182
 200.289   15919272.313          0.000 1277
 200.311    7278076.781          0.000 1184
 200.527   16642483.959          0.000 1186
 200.396   12061535.071          0.000 1186
 200.561          0.000          0.000 1218
 200.464   11596767.286          0.000 1220
 200.258          0.000          0.000 1220
 200.680   11762201.383          0.000 1190
 178.418   20362106.679          0.000 1224
 161.520   15211807.611          0.000 1192
   0.000          0.000          0.000 1224
   0.000          0.000          0.000 1225
 172.486   16330322.022          0.000 1288
 200.399    7458784.358          0.000 1197
 200.445    9462562.716          0.000 1260
 200.298    9838878.510          0.000 1260
 200.358    7280205.867          0.000 1262
 200.583   26933702.021          0.001 1167
 200.266   14095473.098          0.000 1202
 200.220    7387607.394          0.000 1202
 200.086          0.000          0.000 1234
 200.295   12004364.800          0.000 1267
 200.166    6718953.968          0.000 1267
 200.261   10765191.403          0.000 1269
 200.142   18564502.187          0.000 1173
 200.208    8926758.063          0.000 1271
 200.449   10386534.598          0.000 1241
 200.320          0.000          0.000 1241
 200.320    8092477.127          0.000 1241
 200.320   13772309.053          0.000 1241
 200.230          0.000          0.000 1244
 200.260   17884267.152          0.000 1339
 200.082    6893805.946          0.000 1277
 200.434   18935655.365          0.000 1184
 200.244          0.000          0.000 1248
 200.503   22918855.560          0.000 1248
 200.403   23085924.088          0.000 1220
 200.258    7857002.718          0.000 1220
 200.542   15093843.583          0.000 1285
 166.089   14222690.688          0.000 1224
 104.465    6640158.105          0.000 1224
   0.000          0.000          0.000 1255
   0.000          0.000          0.000 1256
 114.113    7141420.379          0.000 1288
 181.518   19813640.445          0.000 1288
 200.399   10590301.533          0.000 1291
 200.298          0.000          0.000 1260
 200.316    5006929.632          0.000 1262
 200.316          0.000          0.000 1262
 200.441    7881702.360          0.000 1294
 200.247   23600148.742          0.000 1328
 200.203   12578539.116          0.000 1328
 200.166    7746851.973          0.000 1267
 200.165          0.000          0.000 1267
 200.597   18198351.552          0.000 1332
 200.180          0.000          0.000 1269
 200.237   13185889.135          0.000 1271
 200.138          0.000          0.000 1271
 200.422   14760895.901          0.000 1241
 200.320    7041030.410          0.000 1241
 200.462   19649914.125          0.000 1241
 200.405    7693366.807          0.000 1244
 200.260   10045717.725          0.000 1339
 200.081          0.000          0.000 1277
 200.274   12236738.173          0.000 1310
 200.244    4038621.665          0.000 1248
 200.244    8247457.551          0.000 1248
 200.296   20138912.844          0.000 1248
 200.514          0.000          0.000 1282
 200.514   11958090.581          0.000 1285
 200.372    3066912.515          0.000 1285
 200.372          0.000          0.000 1285
 138.790   13352266.479          0.000 1255
   0.000          0.000          0.000 1287
   0.000          0.000          0.000 1288
 148.074   12041346.818          0.000 1288
 200.340    3937563.307          0.000 1291
 200.340          0.000          0.000 1291
 200.409          0.000          0.000 1292
 200.338   13449735.132          0.000 1357
 200.408          0.000          0.000 1294
 200.329   13218694.744          0.000 1328
 200.203    6495417.442          0.000 1328
 200.271   17741622.478          0.000 1267
 200.526   15835369.410          0.000 1332
 200.433    6989458.276          0.000 1332
 200.180    5835996.099          0.000 1269
 200.139   11006446.804          0.000 1271
 200.406   20159179.583          0.000 1336
 200.367   10835135.513          0.000 1336
 200.584   11883497.852          0.000 1336
 200.328          0.000          0.000 1305
 200.459   11349173.892          0.000 1339
 200.259    3079041.400          0.000 1339
 200.321   19027073.851          0.000 1277
 200.215   11595563.352          0.000 1310
 200.215          0.000          0.000 1310
 200.215    8044956.711          0.000 1310
 200.448   17850434.163          0.000 1248
 200.562   18351737.452          0.000 1343
 200.589   24069598.047          0.000 1285
 200.373    8550730.023          0.000 1285
 200.372    5651099.021          0.000 1285
 164.321   15525747.376          0.000 1318
   0.000          0.000          0.000 1318
   0.000          0.000          0.000 1319
 142.712   11205483.380          0.000 1288
 186.633   25683650.794          0.000 1288
 200.493   21792157.828          0.000 1291
 200.470   10301310.956          0.000 1292
 200.358   12172357.288          0.000 1357
 200.313    4372070.559          0.000 1357
 200.470   21257222.387          0.000 1390
 200.256    9792011.599          0.000 1328
 200.203          0.000          0.000 1328
 200.203    7052373.693          0.000 1328
 200.574   14512197.740          0.000 1362
 200.453   13269043.529          0.000 1332
 200.433          0.000          0.000 1332
 200.312    6167088.799          0.000 1364
 200.465   12970836.442          0.000 1366
 200.366    7768096.219          0.000 1336
 200.366          0.000          0.000 1336
 200.577   15033171.935          0.000 1368
 200.351    8626229.609          0.000 1305
 200.259          0.000          0.000 1339
 200.321   14863840.794          0.000 1403
 200.376    8544499.498          0.000 1310
 200.403    6134601.631          0.000 1343
 200.389          0.000          0.000 1343
 200.389    5702927.651          0.000 1343
 200.389   14428126.270          0.000 1343
 200.388          0.000          0.000 1346
 200.595   19549782.895          0.000 1285
 200.373   17949001.045          0.000 1285
 126.377    9652528.175          0.000 1381
   0.000          0.000          0.000 1350
   0.000          0.000          0.000 1351
 164.209   15842642.142          0.000 1382
 200.394   23880953.916          0.000 1384
 200.252   20822766.664          0.000 1384
 200.398   13738253.539          0.000 1357
 200.313    7534947.322          0.000 1357
 200.313          0.000          0.000 1357
 200.262    9462493.611          0.000 1390
 200.366   11353918.972          0.000 1390
 200.233   10095977.397          0.000 1328
 200.407    5549835.648          0.000 1362
 200.407          0.000          0.000 1362
 200.519    9517720.809          0.000 1332
 200.301          0.000          0.000 1364
 200.253    8300319.788          0.000 1366
 200.249          0.000          0.000 1366
 200.557   31893741.510          0.001 1366
 200.479          0.000          0.000 1368
 200.405   20432262.236          0.000 1339
 200.260   10001714.232          0.000 1339
 200.259    4819672.100          0.000 1339
 200.350   14653007.658          0.000 1403
 200.292    6634495.113          0.000 1403
 200.137          0.000          0.000 1374
 200.432   10005738.378          0.000 1405
 200.423   14779643.615          0.000 1343
 200.406    9360562.546          0.000 1346
 200.344   14811752.147          0.000 1440
 200.344   14910709.265          0.000 1440
 200.365          0.000          0.000 1380
   0.000          0.000          0.000 1381
   0.000          0.000          0.000 1382
 180.218   28189609.528          0.001 1382
 200.233          0.000          0.000 1384
 200.233    8652250.555          0.000 1384
 200.364   10770178.102          0.000 1417
 200.313    8297392.207          0.000 1357
 200.501   23469532.207          0.000 1419
 200.277   13031402.830          0.000 1419
 200.253          0.000          0.000 1390
 200.074          0.000          0.000 1391
 200.087          0.000          0.000 1392
 200.422    7069581.490          0.000 1362
 200.569    6835959.194          0.000 1395
 200.569          0.000          0.000 1395
 200.370   22346727.527          0.000 1490
 200.249    2787194.039          0.000 1366
 200.249    8179231.434          0.000 1366
 200.249   16166850.908          0.000 1366
 200.212    6229128.742          0.000 1430
 200.331   16520279.416          0.000 1339
 200.522   15204715.224          0.000 1432
 200.292          0.000          0.000 1403
 200.290   11459967.952          0.000 1374
 200.407          0.000          0.000 1405
 200.266          0.000          0.000 1406
 200.587   11307818.982          0.000 1408
 200.465          0.000          0.000 1408
 200.344    5141911.870          0.000 1440
 200.357   22402849.696          0.000 1440
 130.211   10520609.754          0.000 1381
   0.000          0.000          0.000 1412
   0.000          0.000          0.000 1413
 172.597   21295409.114          0.000 1444
 200.233    4493297.794          0.000 1384
 200.274    5232373.509          0.000 1417
 200.273          0.000          0.000 1417
 200.276    4737978.432          0.000 1419
 200.276          0.000          0.000 1419
 200.276    6270254.036          0.000 1419
 200.615   24226746.116          0.000 1484
 200.251   14705013.257          0.000 1484
 200.135   10312223.828          0.000 1392
 200.351          0.000          0.000 1424
 200.351    7243681.606          0.000 1424
 200.655    8109733.987          0.000 1395
 200.299   13007175.963          0.000 1490
 200.259   13070209.067          0.000 1366
 200.361   12587192.619          0.000 1430
 200.212          0.000          0.000 1430
 200.378   18217453.635          0.000 1430
 200.364          0.000          0.000 1432
 200.364    4834011.276          0.000 1432
 200.340    7557403.556          0.000 1403
 200.145          0.000          0.000 1435
 200.408    2914821.604          0.000 1405
 200.266    4307377.050          0.000 1406
 200.387   22068141.300          0.000 1468
 200.344    9407089.164          0.000 1440
 200.344          0.000          0.000 1440
 200.344    7103283.710          0.000 1440
 157.102   12235955.599          0.000 1443
   0.000          0.000          0.000 1443
   0.000          0.000          0.000 1444
 142.544   10807773.269          0.000 1444
 200.442   14559424.442          0.000 1384
 200.330   11182839.348          0.000 1417
 200.596    8656941.731          0.000 1481
 200.276    6410967.301          0.000 1419
 200.542   12183133.549          0.000 1483
 200.298   13201375.844          0.000 1484
 200.249    5161851.013          0.000 1484
 192.139   21251110.192          0.000 1587
 200.406    9161427.430          0.000 1424
 200.566   12609641.154          0.000 1456
 200.494          0.000          0.000 1456
 200.290   12152835.646          0.000 1490
 200.290    5903420.329          0.000 1490
 200.552   10266600.932          0.000 1460
 200.373          0.000          0.000 1460
 200.452   18155082.896          0.000 1494
 200.440   11762536.604          0.000 1432
 200.364    4878564.642          0.000 1432
 200.364   12826942.319          0.000 1432
 200.341   18248092.002          0.000 1435
 200.443   15576154.347          0.000 1405
 200.408   12054991.098          0.000 1405
 200.267          0.000          0.000 1468
 200.268   12549606.532          0.000 1468
 200.423    8608846.156          0.000 1440
 200.387   12679910.485          0.000 1440
 183.105   20962480.353          0.000 1443
 149.035   11954284.680          0.000 1443
   0.000          0.000          0.000 1474
   0.000          0.000          0.000 1475
 154.377   13447004.131          0.000 1507
 184.553   22480199.924          0.000 1444
 173.597   16811586.814          0.000 1573
 200.561   16402113.444          0.000 1481
 200.558    4541447.372          0.000 1481
 200.558          0.000          0.000 1481
 200.523    9486583.466          0.000 1514
 200.225          0.000          0.000 1483
 200.249          0.000          0.000 1484
 168.491   12324346.846          0.000 1587
 191.893   21155668.250          0.000 1587
 197.536   28722788.459          0.001 1587
 200.400    6496756.590          0.000 1523
 200.391   10858560.825          0.000 1490
 200.290          0.000          0.000 1490
 200.402   13297098.882          0.000 1526
 200.357   16162539.928          0.000 1494
 200.223    8390427.912          0.000 1494
 200.222          0.000          0.000 1494
 200.573   16359431.454          0.000 1432
 200.304          0.000          0.000 1496
 200.500   27895723.334          0.001 1498
 200.215          0.000          0.000 1498
 200.560   22647177.984          0.000 1405
 200.269    8023966.018          0.000 1468
 200.267    5070092.784          0.000 1468
 200.566   27499467.144          0.001 1468
 200.281          0.000          0.000 1503
 184.995   16853993.575          0.000 1616
 141.344   13836263.754          0.000 1540
   0.000          0.000          0.000 1506
   0.000          0.000          0.000 1507
 166.279   17617661.128          0.000 1507
 123.269    8202897.269          0.000 1573
 194.155   29288758.729          0.001 1573
 150.746   12066131.189          0.000 1577
 200.558   10439383.817          0.000 1481
 200.347    8331342.970          0.000 1514
 200.347          0.000          0.000 1514
 154.754   13151351.947          0.000 1581
 179.799   18091793.585          0.000 1584
 200.249   12257886.493          0.000 1484
 134.305    8156586.049          0.000 1587
 131.378    8862390.697          0.000 1587
 171.680   14887931.405          0.000 1587
 189.827   20974930.926          0.000 1587
 166.616   17447786.617          0.000 1591
 200.400          0.000          0.000 1523
 200.437   12068521.664          0.000 1490
 200.204   16173838.548          0.000 1526
 200.188          0.000          0.000 1526
 186.569   22322654.145          0.000 1600
 142.724   10040374.171          0.000 1600
 200.380   14071342.366          0.000 1496
 200.304    4401830.940          0.000 1496
 200.215   11350742.201          0.000 1498
 200.543   12446267.369          0.000 1498
 183.519   21047849.304          0.000 1607
 166.105   16245668.022          0.000 1611
 200.184          0.000          0.000 1535
 200.380   10667484.745          0.000 1503
 129.439    8102901.700          0.000 1616
 166.439   12650528.500          0.000 1616
 165.715   16198236.593          0.000 1619
   0.000          0.000          0.000 1540
   0.000          0.000          0.000 1541
 168.586   18942716.077          0.000 1507
 158.721   14743190.444          0.000 1575
 125.017   10578698.383          0.000 1575
 159.483   14831838.103          0.000 1579
 127.352   10998197.837          0.000 1579
 136.284   13246561.337          0.000 1583
 137.532    9676182.047          0.000 1584
 132.893   12535211.096          0.000 1584
 101.331    5726833.255          0.000 1587
 157.209   14124332.847          0.000 1587
 149.163   11765440.181          0.000 1591
 147.683   11195629.992          0.000 1591
 149.862   11999501.961          0.000 1595
 134.341   12440558.518          0.000 1596
 122.546    9724423.103          0.000 1597
 156.308   13815599.080          0.000 1600
 135.323   12728853.448          0.000 1602
 115.357    8261166.324          0.000 1602
 128.224   10759301.878          0.000 1605
 139.272   13514083.047          0.000 1606
 127.522    8002355.044          0.000 1607
 118.824    8384853.919          0.000 1609
 128.848    9981573.789          0.000 1613
 130.562   10973429.502          0.000 1615
 162.666   15095930.193          0.000 1616
 167.949   17475343.876          0.000 1616
 123.469    9107091.842          0.000 1619
   0.000          0.000          0.000 1569
   0.000          0.000          0.000 1570
   0.000          0.000          0.000 1571
   0.000          0.000          0.000 1572
   0.000          0.000          0.000 1573
   0.000          0.000          0.000 1574
   0.000          0.000          0.000 1575
   0.000          0.000          0.000 1576
   0.000          0.000          0.000 1577
   0.000          0.000          0.000 1578
   0.000          0.000          0.000 1579
   0.000          0.000          0.000 1580
   0.000          0.000          0.000 1581
   0.000          0.000          0.000 1582
   0.000          0.000          0.000 1583
   0.000          0.000          0.000 1584
   0.000          0.000          0.000 1585
   0.000          0.000          0.000 1586
   0.000          0.000          0.000 1587
   0.000          0.000          0.000 1588
   0.000          0.000          0.000 1589
   0.000          0.000          0.000 1590
   0.000          0.000          0.000 1591
   0.000          0.000          0.000 1592
   0.000          0.000          0.000 1593
   0.000          0.000          0.000 1594
   0.000          0.000          0.000 1595
   0.000          0.000          0.000 1596
   0.000          0.000          0.000 1597
   0.000          0.000          0.000 1598
   0.000          0.000          0.000 1599
   0.000          0.000          0.000 1600
   0.000          0.000          0.000 1601
   0.000          0.000          0.000 1602
   0.000          0.000          0.000 1603
   0.000          0.000          0.000 1604
   0.000          0.000          0.000 1605
   0.000          0.000          0.000 1606
   0.000          0.000          0.000 1607
   0.000          0.000          0.000 1608
   0.000          0.000          0.000 1609
   0.000          0.000          0.000 1610
   0.000          0.000          0.000 1611
   0.000          0.000          0.000 1612
   0.000          0.000          0.000 1613
   0.000          0.000          0.000 1614
   0.000          0.000          0.000 1615
   0.000          0.000          0.000 1616
   0.000          0.000          0.000 1617
   0.000          0.000          0.000 1618
   0.000          0.000          0.000 1619
   0.000          0.000          0.000 1620
 181.123   17594112.812          0.000   29
 200.219    7570862.513          0.000  117
 200.460    6384063.232          0.000  178
 200.469    6263497.571          0.000  138
 200.480   17340621.223          0.000  105
 200.411   11604057.130          0.000  144
 200.207    7202874.726          0.000  182
 200.281    9650036.538          0.000  246
 200.252    5607315.979          0.000  354
 200.227    4303053.863          0.000  311
 200.286    3608851.304          0.000  366
 200.364    4855523.379          0.000  429
 200.407    4634101.692          0.000  486
 200.286    6494593.516          0.000  532
 200.218    6142454.085          0.000  565
 200.110    3675490.928          0.000  597
 191.548   23655317.876          0.000  636
 200.249    3452600.823          0.000  580
 200.279    4990308.831          0.000  629
 200.299    4197166.334          0.000  768
 200.352    6409733.058          0.000  715
 200.353    6827380.983          0.000  751
 200.152    5083536.735          0.000  841
 200.283   15721706.953          0.000  946
 200.369    7756933.855          0.000 1089
 200.235    9784680.189          0.000 1140
 200.192    8452132.760          0.000 1054
 200.284    6014532.395          0.000 1117
 200.290    8407013.189          0.000 1119
 200.350    7055730.464          0.000 1186
 200.301   14156927.554          0.000 1167
 200.203    3370635.343          0.000 1328
 200.139    4954780.253          0.000 1271
 200.366    4380937.914          0.000 1336
 200.233   14327575.216          0.000 1384
 200.161    6673773.893          0.000 1435
 200.408    8827843.210          0.000 1405
 200.215    4570524.307          0.000 1498
 200.320   14411394.062          0.000 1468
 200.407    5678211.852          0.000  486
  85.661    5446995.709          0.000    7
 100.613    7199321.648          0.000   21
  62.030    3376305.113          0.000   21
  60.973    3337578.100          0.000   26
 114.051    9044045.262          0.000   31
 112.219    8488072.206          0.000   42
  99.583    6603553.886          0.000   42
  94.217    5887818.732          0.000   44
  96.091    6199148.013          0.000    5
  69.312    3941151.321          0.000   13
  95.332    6242258.947          0.000   15
  91.835    5961427.173          0.000   17
  94.853    6205092.480          0.000   26
  95.648    6180228.213          0.000   29
 105.306    7499409.970          0.000   31
  91.360    5598487.677          0.000   33
 105.174    7131756.756          0.000   40
  80.434    4743568.899          0.000  141
  82.557    5006428.466          0.000  141
  87.796    5489268.805          0.000  171
  97.584    6422979.934          0.000  233
 106.443    8533947.062          0.000  233
  86.106    4903707.951          0.000  298
 113.913    9204898.391          0.000  265
 101.605    6669713.240          0.000  298
 113.313    8528789.024          0.000  328
  95.996    6213047.841          0.000  329
 101.622    7398657.218          0.000  329
  86.605    4995179.143          0.000  389
 104.243    7650302.463          0.000  420
 113.999    9084444.209          0.000  419
  90.503    5870449.429          0.000  420
  90.614    6005458.716          0.000  482
  97.724    6620238.327          0.000  514
  77.866    4363474.675          0.000  575
  75.691    4582243.382          0.000  546
 102.936    7590927.992          0.000  576
 113.635    9297062.510          0.000  605
 101.800    6807888.021          0.000  635
  76.681    4615912.174          0.000  636
  99.376    7032786.957          0.000  699
 103.560    7758636.765          0.000  699
  94.720    6278362.723          0.000  760
  93.274    6188056.765          0.000  789
 109.488    8598118.940          0.000  789
  88.721    5070403.967          0.000  820
 103.680    6908269.285          0.000  915
  90.950    5958329.763          0.000  883
  74.442    4022684.551          0.000  915
  90.843    5528585.703          0.000  948
  91.122    5453246.074          0.000  948
 114.650    8648490.465          0.000 1007
  99.497    6362438.194          0.000 1037
 102.329    6851925.170          0.000 1069
  89.087    5788941.980          0.000 1070
 101.238    7195648.684          0.000 1101
  96.310    6040822.535          0.000 1131
  81.721    5129124.404          0.000 1101
  97.294    6076189.831          0.000 1192
  99.117    6250542.700          0.000 1192
  83.623    5286798.310          0.000 1288
  98.678    6393016.883          0.000 1318
  81.661    5173443.069          0.000 1288
  98.154    6662987.777          0.000 1382
 111.870    8969978.070          0.000 1382
 106.672    8149202.868          0.000 1444
  88.893    5095030.700          0.000 1443
  79.046    4817850.177          0.000 1444
  96.541    6397323.268          0.000 1443
  92.474    6171804.272          0.000 1507
 103.235    7564921.013          0.000 1507
  70.631    4173931.955          0.000 1573
  86.809    5425150.907          0.000 1577
  86.214    5388791.575          0.000 1581
  70.147    3992252.092          0.000 1587
  98.982    6805833.576          0.000 1591
  82.895    4824929.081          0.000 1600
 100.932    6678577.277          0.000 1611
  71.316    3838865.969          0.000 1616
 103.504    7058572.118          0.000 1619
 103.683    7669914.875          0.000 1507
  92.642    6168781.931          0.000 1575
  89.541    5774474.305          0.000 1579
  70.857    3997524.015          0.000 1584
  53.840    2861543.145          0.000 1587
  93.196    6185137.333          0.000 1587
  88.897    5599703.253          0.000 1591
  87.417    5341706.589          0.000 1591
  89.621    5677782.084          0.000 1595
 101.756    7145730.437          0.000 1600
  76.369    4267454.781          0.000 1607
 104.258    7173920.177          0.000 1616
 111.677    8358627.237          0.000 1616
  88.847    5891770.691          0.000   15
  96.290    6255924.331          0.000  328
  93.777    6555338.702          0.000  420
  91.401    5753563.366          0.000  635
  50.342    2546240.538          0.000 1131
 101.255    6958278.448          0.000 1192
  61.754    3498628.752          0.000 1288
 200.458   22348845.246          0.000  105
 200.410    4588233.593          0.000  144
 200.713   16137261.175          0.000  150
 200.133   14000749.089          0.000  159
 200.858   30955513.907          0.001  228
 200.581   19159155.168          0.000  179
 200.735   25090330.002          0.001  228
 200.748   26957768.889          0.001  228
 200.314   11275977.035          0.000  238
 200.432   21027886.783          0.000  238
 200.368   17211574.489          0.000  275
 200.188   11755326.465          0.000  375
 200.274   17388506.325          0.000  383
 200.792   27107849.276          0.001  366
 200.242   14593171.636          0.000  457
 200.266   16162941.551          0.000  474
 200.242   24421759.615          0.000  457
 200.528   26786770.753          0.001  542
 200.357   22510805.608          0.000  552
 200.160   17216065.718          0.000  664
 200.219   13508639.661          0.000  665
 200.456   24866287.042          0.000  677
 200.494   19287584.812          0.000  763
 200.718   25602097.573          0.000  715
 200.702   44018597.998          0.001  778
 200.080   13210646.164          0.000  753
 200.246   13739300.521          0.000  774
 200.791   27341979.846          0.001  811
 200.360   20861335.528          0.000  866
 200.438   24457343.700          0.000  805
 200.584   20230064.799          0.000  827
 200.308   26673299.331          0.001  827
 200.379   20903849.210          0.000  902
 200.308   18272620.682          0.000  905
 200.256   14693669.759          0.000  954
 200.761   22133136.451          0.000 1015
 200.487   24991173.738          0.000 1089
 200.630   27117853.895          0.001 1089
 200.123   14121590.225          0.000 1033
 200.361   27448491.533          0.001 1010
 200.452   27532817.211          0.001 1136
 200.104    6042645.774          0.000 1121
 200.232   16999658.676          0.000 1124
 200.232   17480863.734          0.000 1124
 200.271   19986432.998          0.000 1171
 200.134   27302142.271          0.001 1173
 200.436   34709651.136          0.001 1267
 200.561   12735989.222          0.000 1218
 200.231   15704831.631          0.000 1244
 200.260   34119749.773          0.001 1339
 200.244   16632924.170          0.000 1248
 195.897   28847290.639          0.001 1224
 200.203   33549605.569          0.001 1328
 200.082   20481419.188          0.000 1277
 200.340   14289053.228          0.000 1291
 200.203   27814775.366          0.001 1328
 200.260   19928874.646          0.000 1339
 200.260   23890888.985          0.000 1339
 200.373   15298336.911          0.000 1285
 200.580   19777609.959          0.000 1292
 200.314   17537364.025          0.000 1357
 200.249   16016530.677          0.000 1366
 200.445   19420762.804          0.000 1432
 200.534   20952857.993          0.000 1406
 200.484   13784292.285          0.000 1523
 200.290   14281968.736          0.000 1490
 200.290   15037782.068          0.000 1490
 200.304   27239419.253          0.001 1496
 200.304   17602087.798          0.000 1496
 198.324   31127649.944          0.001 1616
 200.335   20403099.478          0.000 1496
 200.385    6612832.030          0.000  751
 200.242    6214474.845          0.000  457
 200.296   23666867.436          0.000 1267
 200.230    6635274.805          0.000 1244
 200.260   25193474.723          0.000 1339
 200.259   10871376.612          0.000 1339
 200.259   11936603.213          0.000 1339
 200.304   10448460.049          0.000 1496
 200.713    6397981.795          0.000  150
 200.132    5946804.595          0.000  159
 200.570    6792983.495          0.000  179
 200.368    5673662.498          0.000  275
 200.188    5248821.076          0.000  375
 200.266    5516740.285          0.000  474
 200.409   17560608.150          0.000  542
 200.160    5304041.437          0.000  664
 200.219    5257430.088          0.000  665
 200.368   14926550.157          0.000  677
 200.545   28500226.536          0.001  778
 200.079    5986233.254          0.000  753
 200.239    5444014.420          0.000  774
 200.379   16216072.738          0.000  805
 200.358    6379714.269          0.000  902
 200.256    4540995.134          0.000  954
 200.122    6428512.451          0.000 1033
 200.231    7523625.590          0.000 1124
 200.231    6501084.416          0.000 1124
 200.134    6752288.656          0.000 1173
 200.561    4365947.516          0.000 1218
 200.244    5646319.716          0.000 1248
 200.203   20235180.626          0.000 1328
 200.082    4888016.294          0.000 1277
 200.203   15289520.875          0.000 1328
 200.290    5730439.872          0.000 1490
 200.290    6669970.020          0.000 1490
 200.242    3932360.163          0.000  457
 200.304   17975654.989          0.000 1496
 200.304    6141732.079          0.000 1496
 200.259    7399476.004          0.000 1339
 200.259    6880195.419          0.000 1339
 183.450   18636311.313          0.000   49
  77.347    4918801.150          0.000   49
 200.359   10978657.551          0.000  866
 194.036   24487589.615          0.000   13
 179.983   16540095.610          0.000   21
 182.351   18222114.404          0.000   21
 189.746   21630352.995          0.000  233
 189.939   21197915.345          0.000  389
 188.333   18882282.359          0.000 1443
